timestamp,ueImsiComplete,DRB.PdcpSduDelayDl(cellAverageLatency),m_pDCPBytesUL(0),m_pDCPBytesDL(cellDlTxVolume),DRB.PdcpSduVolumeDl_Filter.UEID(txBytes),Tot.PdcpSduNbrDl.UEID(txDlPackets),DRB.PdcpSduBitRateDl.UEID(pdcpThroughput),DRB.PdcpSduDelayDl.UEID(pdcpLatency),txPdcpPduLteRlc,txPdcpPduBytesLteRlc,QosFlow.PdcpPduVolumeDL_Filter.UEID(txPdcpPduBytesNrRlc),DRB.PdcpPduNbrDl.Qos.UEID(txPdcpPduNrRlc)
100,00008,0.000000,0,0,0,0,0.000000,0.000000,0,0,0.000000,0
100,00015,0.000000,0,0,0,0,0.000000,0.000000,0,0,0.000000,0
100,00011,0.000000,0,0,0,0,0.000000,0.000000,0,0,0.000000,0
100,00018,0.000000,0,0,0,0,0.000000,0.000000,0,0,0.000000,0
100,00017,0.000000,0,0,0,0,0.000000,0.000000,0,0,0.000000,0
100,00006,0.000000,0,0,0,0,0.000000,0.000000,0,0,0.000000,0
100,00012,0.000000,0,0,0,0,0.000000,0.000000,0,0,0.000000,0
100,00021,0.000000,0,0,0,0,0.000000,0.000000,0,0,0.000000,0
100,00019,0.000000,0,0,0,0,0.000000,0.000000,0,0,0.000000,0
100,00004,0.000000,0,0,0,0,0.000000,0.000000,0,0,0.000000,0
100,00009,0.000000,0,0,0,0,0.000000,0.000000,0,0,0.000000,0
100,00005,0.000000,0,0,0,0,0.000000,0.000000,0,0,0.000000,0
100,00003,0.000000,0,0,0,0,0.000000,0.000000,0,0,0.000000,0
100,00016,0.000000,0,0,0,0,0.000000,0.000000,0,0,0.000000,0
100,00001,0.000000,0,0,0,0,0.000000,0.000000,0,0,0.000000,0
100,00010,0.000000,0,0,0,0,0.000000,0.000000,0,0,0.000000,0
100,00007,0.000000,0,0,0,0,0.000000,0.000000,0,0,0.000000,0
100,00014,0.000000,0,0,0,0,0.000000,0.000000,0,0,0.000000,0
100,00020,0.000000,0,0,0,0,0.000000,0.000000,0,0,0.000000,0
100,00013,0.000000,0,0,0,0,0.000000,0.000000,0,0,0.000000,0
100,00002,0.000000,0,0,0,0,0.000000,0.000000,0,0,0.000000,0
200,00008,53.747327,0,12063,0,1,0.000000,8.212480,0,0,0.000000,1
200,00015,53.747327,0,12063,0,0,0.000000,0.000000,0,0,0.000000,0
200,00011,53.747327,0,12063,0,1,0.000000,37.747490,1,0,0.000000,0
200,00018,53.747327,0,12063,0,1,0.000000,47.746710,1,0,0.000000,0
200,00017,53.747327,0,12063,1876,179,18760.000000,124.883823,79,828,1048.000000,100
200,00006,53.747327,0,12063,0,0,0.000000,0.000000,0,0,0.000000,0
200,00012,53.747327,0,12063,0,1,0.000000,56.676070,1,0,0.000000,0
200,00021,53.747327,0,12063,1876,179,18760.000000,99.667512,84,880,996.000000,95
200,00019,53.747327,0,12063,0,1,0.000000,66.675290,1,0,0.000000,0
200,00004,53.747327,0,12063,0,0,0.000000,0.000000,0,0,0.000000,0
200,00009,53.747327,0,12063,2610,249,26100.000000,153.381788,172,1803,807.000000,77
200,00005,53.747327,0,12063,1876,179,18760.000000,73.381949,92,964,912.000000,87
200,00003,53.747327,0,12063,0,0,0.000000,0.000000,0,0,0.000000,0
200,00016,53.747327,0,12063,0,1,0.000000,19.819610,0,0,0.000000,1
200,00001,53.747327,0,12063,1949,186,19490.000000,249.396661,178,1865,84.000000,8
200,00010,53.747327,0,12063,0,0,0.000000,0.000000,0,0,0.000000,0
200,00007,53.747327,0,12063,0,0,0.000000,0.000000,0,0,0.000000,0
200,00014,53.747327,0,12063,0,0,0.000000,0.000000,0,0,0.000000,0
200,00020,53.747327,0,12063,0,1,0.000000,71.855420,1,0,0.000000,0
200,00013,53.747327,0,12063,1876,179,18760.000000,104.965164,83,870,1006.000000,96
200,00002,53.747327,0,12063,0,1,0.000000,14.283900,0,0,0.000000,1
300,00008,75.610769,0,18309,0,0,0.000000,0.000000,0,0,0.000000,0
300,00015,75.610769,0,18309,0,0,0.000000,0.000000,0,0,0.000000,0
300,00011,75.610769,0,18309,0,0,0.000000,0.000000,0,0,0.000000,0
300,00018,75.610769,0,18309,0,1,0.000000,0.000000,0,0,0.000000,1
300,00017,75.610769,0,18309,2096,200,20960.000000,297.092215,115,1205,891.000000,85
300,00006,75.610769,0,18309,0,0,0.000000,0.000000,0,0,0.000000,0
300,00012,75.610769,0,18309,0,0,0.000000,0.000000,0,0,0.000000,0
300,00021,75.610769,0,18309,2096,200,20960.000000,172.470692,101,1058,1038.000000,99
300,00019,75.610769,0,18309,0,0,0.000000,0.000000,0,0,0.000000,0
300,00004,75.610769,0,18309,0,0,0.000000,0.000000,0,0,0.000000,0
300,00009,75.610769,0,18309,3448,329,34480.000000,268.575858,84,880,2568.000000,245
300,00005,75.610769,0,18309,2096,200,20960.000000,522.895234,106,1111,985.000000,94
300,00003,75.610769,0,18309,0,0,0.000000,0.000000,0,0,0.000000,0
300,00016,75.610769,0,18309,0,0,0.000000,0.000000,0,0,0.000000,0
300,00001,75.610769,0,18309,6477,618,64770.000000,246.253200,7,73,6404.000000,611
300,00010,75.610769,0,18309,0,0,0.000000,0.000000,0,0,0.000000,0
300,00007,75.610769,0,18309,0,0,0.000000,0.000000,0,0,0.000000,0
300,00014,75.610769,0,18309,0,0,0.000000,0.000000,0,0,0.000000,0
300,00020,75.610769,0,18309,0,0,0.000000,0.000000,0,0,0.000000,0
300,00013,75.610769,0,18309,2096,200,20960.000000,80.538943,104,1090,1006.000000,96
300,00002,75.610769,0,18309,0,0,0.000000,0.000000,0,0,0.000000,0
400,00008,138.450589,0,13853,0,0,0.000000,0.000000,0,0,0.000000,0
400,00015,138.450589,0,13853,0,0,0.000000,0.000000,0,0,0.000000,0
400,00011,138.450589,0,13853,0,0,0.000000,0.000000,0,0,0.000000,0
400,00018,138.450589,0,13853,9,18,90.000000,159.752612,8,4,5.000000,10
400,00017,138.450589,0,13853,3364,321,33640.000000,1208.448674,265,2777,587.000000,56
400,00006,138.450589,0,13853,0,0,0.000000,0.000000,0,0,0.000000,0
400,00012,138.450589,0,13853,0,0,0.000000,0.000000,0,0,0.000000,0
400,00021,138.450589,0,13853,2096,200,20960.000000,65.566324,85,891,1205.000000,115
400,00019,138.450589,0,13853,0,0,0.000000,0.000000,0,0,0.000000,0
400,00004,138.450589,0,13853,0,0,0.000000,0.000000,0,0,0.000000,0
400,00009,138.450589,0,13853,2096,200,20960.000000,641.066527,96,1006,1090.000000,104
400,00005,138.450589,0,13853,2096,200,20960.000000,571.498291,98,1027,1069.000000,102
400,00003,138.450589,0,13853,0,0,0.000000,0.000000,0,0,0.000000,0
400,00016,138.450589,0,13853,0,0,0.000000,0.000000,0,0,0.000000,0
400,00001,138.450589,0,13853,2096,200,20960.000000,151.550206,102,1069,1027.000000,98
400,00010,138.450589,0,13853,0,0,0.000000,0.000000,0,0,0.000000,0
400,00007,138.450589,0,13853,0,0,0.000000,0.000000,0,0,0.000000,0
400,00014,138.450589,0,13853,0,0,0.000000,0.000000,0,0,0.000000,0
400,00020,138.450589,0,13853,0,0,0.000000,0.000000,0,0,0.000000,0
400,00013,138.450589,0,13853,2096,200,20960.000000,109.579738,104,1090,1006.000000,96
400,00002,138.450589,0,13853,0,0,0.000000,0.000000,0,0,0.000000,0
500,00008,150.640643,0,12588,0,0,0.000000,0.000000,0,0,0.000000,0
500,00015,150.640643,0,12588,0,0,0.000000,0.000000,0,0,0.000000,0
500,00011,150.640643,0,12588,0,0,0.000000,0.000000,0,0,0.000000,0
500,00018,150.640643,0,12588,6,15,60.000000,159.459540,5,2,4.000000,10
500,00017,150.640643,0,12588,2096,200,20960.000000,1316.986917,107,1121,975.000000,93
500,00006,150.640643,0,12588,0,0,0.000000,0.000000,0,0,0.000000,0
500,00012,150.640643,0,12588,0,0,0.000000,0.000000,0,0,0.000000,0
500,00021,150.640643,0,12588,2096,200,20960.000000,70.946045,80,838,1258.000000,120
500,00019,150.640643,0,12588,0,0,0.000000,0.000000,0,0,0.000000,0
500,00004,150.640643,0,12588,0,0,0.000000,0.000000,0,0,0.000000,0
500,00009,150.640643,0,12588,2096,200,20960.000000,537.319926,111,1163,933.000000,89
500,00005,150.640643,0,12588,2096,200,20960.000000,583.124263,105,1100,996.000000,95
500,00003,150.640643,0,12588,0,0,0.000000,0.000000,0,0,0.000000,0
500,00016,150.640643,0,12588,0,0,0.000000,0.000000,0,0,0.000000,0
500,00001,150.640643,0,12588,2096,200,20960.000000,325.732984,95,996,1100.000000,105
500,00010,150.640643,0,12588,0,0,0.000000,0.000000,0,0,0.000000,0
500,00007,150.640643,0,12588,0,0,0.000000,0.000000,0,0,0.000000,0
500,00014,150.640643,0,12588,0,0,0.000000,0.000000,0,0,0.000000,0
500,00020,150.640643,0,12588,0,0,0.000000,0.000000,0,0,0.000000,0
500,00013,150.640643,0,12588,2096,200,20960.000000,143.036787,98,1027,1069.000000,102
500,00002,150.640643,0,12588,6,13,60.000000,26.847033,7,3,3.000000,6
600,00008,388.639587,0,15505,0,0,0.000000,0.000000,0,0,0.000000,0
600,00015,388.639587,0,15505,0,0,0.000000,0.000000,0,0,0.000000,0
600,00011,388.639587,0,15505,0,0,0.000000,0.000000,0,0,0.000000,0
600,00018,388.639587,0,15505,7,15,70.000000,26.483563,8,4,3.000000,7
600,00017,388.639587,0,15505,2096,200,20960.000000,1595.641105,107,1121,975.000000,93
600,00006,388.639587,0,15505,0,0,0.000000,0.000000,0,0,0.000000,0
600,00012,388.639587,0,15505,0,0,0.000000,0.000000,0,0,0.000000,0
600,00021,388.639587,0,15505,2096,200,20960.000000,495.061053,105,1100,996.000000,95
600,00019,388.639587,0,15505,0,0,0.000000,0.000000,0,0,0.000000,0
600,00004,388.639587,0,15505,0,0,0.000000,0.000000,0,0,0.000000,0
600,00009,388.639587,0,15505,2096,200,20960.000000,313.414034,101,1058,1038.000000,99
600,00005,388.639587,0,15505,2096,200,20960.000000,1097.431119,98,1027,1069.000000,102
600,00003,388.639587,0,15505,0,0,0.000000,0.000000,0,0,0.000000,0
600,00016,388.639587,0,15505,0,0,0.000000,0.000000,0,0,0.000000,0
600,00001,388.639587,0,15505,5009,478,50090.000000,2297.587773,474,4968,41.000000,4
600,00010,388.639587,0,15505,0,0,0.000000,0.000000,0,0,0.000000,0
600,00007,388.639587,0,15505,0,0,0.000000,0.000000,0,0,0.000000,0
600,00014,388.639587,0,15505,0,0,0.000000,0.000000,0,0,0.000000,0
600,00020,388.639587,0,15505,0,0,0.000000,0.000000,0,0,0.000000,0
600,00013,388.639587,0,15505,2096,200,20960.000000,2207.110621,103,1079,1017.000000,97
600,00002,388.639587,0,15505,9,20,90.000000,128.702051,11,5,4.000000,9
700,00008,217.218685,0,16872,0,0,0.000000,0.000000,0,0,0.000000,0
700,00015,217.218685,0,16872,0,0,0.000000,0.000000,0,0,0.000000,0
700,00011,217.218685,0,16872,0,0,0.000000,0.000000,0,0,0.000000,0
700,00018,217.218685,0,16872,3,6,30.000000,61.436838,1,0,3.000000,5
700,00017,217.218685,0,16872,2096,200,20960.000000,1681.935681,85,891,1205.000000,115
700,00006,217.218685,0,16872,0,0,0.000000,0.000000,0,0,0.000000,0
700,00012,217.218685,0,16872,0,0,0.000000,0.000000,0,0,0.000000,0
700,00021,217.218685,0,16872,2096,200,20960.000000,306.252965,105,1100,996.000000,95
700,00019,217.218685,0,16872,0,0,0.000000,0.000000,0,0,0.000000,0
700,00004,217.218685,0,16872,0,0,0.000000,0.000000,0,0,0.000000,0
700,00009,217.218685,0,16872,2096,200,20960.000000,367.273791,91,954,1142.000000,109
700,00005,217.218685,0,16872,2096,200,20960.000000,890.231659,94,985,1111.000000,106
700,00003,217.218685,0,16872,0,0,0.000000,0.000000,0,0,0.000000,0
700,00016,217.218685,0,16872,0,0,0.000000,0.000000,0,0,0.000000,0
700,00001,217.218685,0,16872,6382,609,63820.000000,137.316907,97,1017,5365.000000,512
700,00010,217.218685,0,16872,0,0,0.000000,0.000000,0,0,0.000000,0
700,00007,217.218685,0,16872,0,0,0.000000,0.000000,0,0,0.000000,0
700,00014,217.218685,0,16872,0,0,0.000000,0.000000,0,0,0.000000,0
700,00020,217.218685,0,16872,0,0,0.000000,0.000000,0,0,0.000000,0
700,00013,217.218685,0,16872,2096,200,20960.000000,909.711852,96,1006,1090.000000,104
700,00002,217.218685,0,16872,7,17,70.000000,207.432695,7,3,4.000000,10
800,00008,254.584499,0,27860,0,0,0.000000,0.000000,0,0,0.000000,0
800,00015,254.584499,0,27860,0,0,0.000000,0.000000,0,0,0.000000,0
800,00011,254.584499,0,27860,0,0,0.000000,0.000000,0,0,0.000000,0
800,00018,254.584499,0,27860,4,9,40.000000,132.690500,6,3,1.000000,3
800,00017,254.584499,0,27860,2096,200,20960.000000,1958.243863,98,1027,1069.000000,102
800,00006,254.584499,0,27860,0,0,0.000000,0.000000,0,0,0.000000,0
800,00012,254.584499,0,27860,0,0,0.000000,0.000000,0,0,0.000000,0
800,00021,254.584499,0,27860,2096,200,20960.000000,654.523516,96,1006,1090.000000,104
800,00019,254.584499,0,27860,0,0,0.000000,0.000000,0,0,0.000000,0
800,00004,254.584499,0,27860,0,0,0.000000,0.000000,0,0,0.000000,0
800,00009,254.584499,0,27860,2096,200,20960.000000,1339.118425,107,1121,975.000000,93
800,00005,254.584499,0,27860,2096,200,20960.000000,973.493431,110,1153,943.000000,90
800,00003,254.584499,0,27860,0,0,0.000000,0.000000,0,0,0.000000,0
800,00016,254.584499,0,27860,0,0,0.000000,0.000000,0,0,0.000000,0
800,00001,254.584499,0,27860,17363,1657,173630.000000,114.750045,8,84,17279.000000,1649
800,00010,254.584499,0,27860,0,0,0.000000,0.000000,0,0,0.000000,0
800,00007,254.584499,0,27860,0,0,0.000000,0.000000,0,0,0.000000,0
800,00014,254.584499,0,27860,0,0,0.000000,0.000000,0,0,0.000000,0
800,00020,254.584499,0,27860,0,0,0.000000,0.000000,0,0,0.000000,0
800,00013,254.584499,0,27860,2096,200,20960.000000,67.517221,94,985,1111.000000,106
800,00002,254.584499,0,27860,13,29,130.000000,105.937488,16,7,6.000000,13
900,00008,296.039755,0,16873,0,0,0.000000,0.000000,0,0,0.000000,0
900,00015,296.039755,0,16873,0,0,0.000000,0.000000,0,0,0.000000,0
900,00011,296.039755,0,16873,0,0,0.000000,0.000000,0,0,0.000000,0
900,00018,296.039755,0,16873,4,9,40.000000,24.815856,6,3,1.000000,3
900,00017,296.039755,0,16873,2096,200,20960.000000,2401.226413,104,1090,1006.000000,96
900,00006,296.039755,0,16873,0,0,0.000000,0.000000,0,0,0.000000,0
900,00012,296.039755,0,16873,0,0,0.000000,0.000000,0,0,0.000000,0
900,00021,296.039755,0,16873,2096,200,20960.000000,429.023738,111,1163,933.000000,89
900,00019,296.039755,0,16873,0,0,0.000000,0.000000,0,0,0.000000,0
900,00004,296.039755,0,16873,0,0,0.000000,0.000000,0,0,0.000000,0
900,00009,296.039755,0,16873,2096,200,20960.000000,1212.769395,112,1174,922.000000,88
900,00005,296.039755,0,16873,2096,200,20960.000000,462.028846,90,943,1153.000000,110
900,00003,296.039755,0,16873,0,0,0.000000,0.000000,0,0,0.000000,0
900,00016,296.039755,0,16873,0,0,0.000000,0.000000,0,0,0.000000,0
900,00001,296.039755,0,16873,6382,609,63820.000000,1603.522210,106,1111,5271.000000,503
900,00010,296.039755,0,16873,0,0,0.000000,0.000000,0,0,0.000000,0
900,00007,296.039755,0,16873,0,0,0.000000,0.000000,0,0,0.000000,0
900,00014,296.039755,0,16873,0,0,0.000000,0.000000,0,0,0.000000,0
900,00020,296.039755,0,16873,0,0,0.000000,0.000000,0,0,0.000000,0
900,00013,296.039755,0,16873,2096,200,20960.000000,55.677444,95,996,1100.000000,105
900,00002,296.039755,0,16873,7,16,70.000000,27.770949,5,2,5.000000,11
1000,00008,346.842568,0,16790,0,0,0.000000,0.000000,0,0,0.000000,0
1000,00015,346.842568,0,16790,0,0,0.000000,0.000000,0,0,0.000000,0
1000,00011,346.842568,0,16790,0,0,0.000000,0.000000,0,0,0.000000,0
1000,00018,346.842568,0,16790,4,9,40.000000,21.639255,5,2,2.000000,4
1000,00017,346.842568,0,16790,2096,200,20960.000000,1783.699019,85,891,1205.000000,115
1000,00006,346.842568,0,16790,0,0,0.000000,0.000000,0,0,0.000000,0
1000,00012,346.842568,0,16790,0,0,0.000000,0.000000,0,0,0.000000,0
1000,00021,346.842568,0,16790,2096,200,20960.000000,437.740841,98,1027,1069.000000,102
1000,00019,346.842568,0,16790,3,7,30.000000,22.707653,4,2,1.000000,3
1000,00004,346.842568,0,16790,0,0,0.000000,0.000000,0,0,0.000000,0
1000,00009,346.842568,0,16790,2096,200,20960.000000,729.621898,89,933,1163.000000,111
1000,00005,346.842568,0,16790,6298,601,62980.000000,2934.888823,532,5575,723.000000,69
1000,00003,346.842568,0,16790,0,0,0.000000,0.000000,0,0,0.000000,0
1000,00016,346.842568,0,16790,0,0,0.000000,0.000000,0,0,0.000000,0
1000,00001,346.842568,0,16790,2096,200,20960.000000,1246.345270,119,1247,849.000000,81
1000,00010,346.842568,0,16790,0,0,0.000000,0.000000,0,0,0.000000,0
1000,00007,346.842568,0,16790,0,0,0.000000,0.000000,0,0,0.000000,0
1000,00014,346.842568,0,16790,0,0,0.000000,0.000000,0,0,0.000000,0
1000,00020,346.842568,0,16790,0,0,0.000000,0.000000,0,0,0.000000,0
1000,00013,346.842568,0,16790,2096,200,20960.000000,51.187890,103,1079,1017.000000,97
1000,00002,346.842568,0,16790,5,12,50.000000,55.863274,5,2,3.000000,7
1100,00008,791.859751,0,12580,0,0,0.000000,0.000000,0,0,0.000000,0
1100,00015,791.859751,0,12580,0,0,0.000000,0.000000,0,0,0.000000,0
1100,00011,791.859751,0,12580,0,0,0.000000,0.000000,0,0,0.000000,0
1100,00018,791.859751,0,12580,3,6,30.000000,21.268216,2,1,2.000000,4
1100,00017,791.859751,0,12580,2096,200,20960.000000,3184.109090,96,1006,1090.000000,104
1100,00006,791.859751,0,12580,0,0,0.000000,0.000000,0,0,0.000000,0
1100,00012,791.859751,0,12580,0,0,0.000000,0.000000,0,0,0.000000,0
1100,00021,791.859751,0,12580,2096,200,20960.000000,3923.107265,104,1090,1006.000000,96
1100,00019,791.859751,0,12580,1,2,10.000000,28.077563,1,0,1.000000,1
1100,00004,791.859751,0,12580,0,0,0.000000,0.000000,0,0,0.000000,0
1100,00009,791.859751,0,12580,2096,200,20960.000000,167.882211,101,1058,1038.000000,99
1100,00005,791.859751,0,12580,2096,200,20960.000000,4032.340729,94,985,1111.000000,106
1100,00003,791.859751,0,12580,0,0,0.000000,0.000000,0,0,0.000000,0
1100,00016,791.859751,0,12580,0,0,0.000000,0.000000,0,0,0.000000,0
1100,00001,791.859751,0,12580,2096,200,20960.000000,5205.289486,90,943,1153.000000,110
1100,00010,791.859751,0,12580,0,0,0.000000,0.000000,0,0,0.000000,0
1100,00007,791.859751,0,12580,0,0,0.000000,0.000000,0,0,0.000000,0
1100,00014,791.859751,0,12580,0,0,0.000000,0.000000,0,0,0.000000,0
1100,00020,791.859751,0,12580,0,0,0.000000,0.000000,0,0,0.000000,0
1100,00013,791.859751,0,12580,2096,200,20960.000000,66.980207,107,1121,975.000000,93
1100,00002,791.859751,0,12580,0,0,0.000000,0.000000,0,0,0.000000,0
1200,00008,509.671693,0,39802,0,0,0.000000,0.000000,0,0,0.000000,0
1200,00015,509.671693,0,39802,0,0,0.000000,0.000000,0,0,0.000000,0
1200,00011,509.671693,0,39802,2,5,20.000000,30.704102,5,2,0.000000,0
1200,00018,509.671693,0,39802,4,9,40.000000,30.691430,1,0,4.000000,8
1200,00017,509.671693,0,39802,2096,200,20960.000000,1683.367172,104,1090,1006.000000,96
1200,00006,509.671693,0,39802,0,0,0.000000,0.000000,0,0,0.000000,0
1200,00012,509.671693,0,39802,0,0,0.000000,0.000000,0,0,0.000000,0
1200,00021,509.671693,0,39802,26734,2551,267340.000000,4739.440364,534,5596,21138.000000,2017
1200,00019,509.671693,0,39802,21,45,210.000000,41.296244,31,15,6.000000,14
1200,00004,509.671693,0,39802,0,0,0.000000,0.000000,0,0,0.000000,0
1200,00009,509.671693,0,39802,2096,200,20960.000000,252.098517,108,1132,964.000000,92
1200,00005,509.671693,0,39802,2096,200,20960.000000,3605.493573,91,954,1142.000000,109
1200,00003,509.671693,0,39802,0,0,0.000000,0.000000,0,0,0.000000,0
1200,00016,509.671693,0,39802,1,2,10.000000,9.009895,0,0,1.000000,2
1200,00001,509.671693,0,39802,4653,444,46530.000000,0.000000,441,4622,31.000000,3
1200,00010,509.671693,0,39802,0,0,0.000000,0.000000,0,0,0.000000,0
1200,00007,509.671693,0,39802,0,0,0.000000,0.000000,0,0,0.000000,0
1200,00014,509.671693,0,39802,0,0,0.000000,0.000000,0,0,0.000000,0
1200,00020,509.671693,0,39802,0,0,0.000000,0.000000,0,0,0.000000,0
1200,00013,509.671693,0,39802,2096,200,20960.000000,195.590119,103,1079,1017.000000,97
1200,00002,509.671693,0,39802,3,7,30.000000,115.414132,1,0,3.000000,6
1300,00008,738.486029,0,12587,0,0,0.000000,0.000000,0,0,0.000000,0
1300,00015,738.486029,0,12587,0,0,0.000000,0.000000,0,0,0.000000,0
1300,00011,738.486029,0,12587,4,10,40.000000,31.703814,10,4,0.000000,0
1300,00018,738.486029,0,12587,0,0,0.000000,294.912100,0,0,0.000000,0
1300,00017,738.486029,0,12587,2096,200,20960.000000,1922.140720,100,1048,1048.000000,100
1300,00006,738.486029,0,12587,0,0,0.000000,0.000000,0,0,0.000000,0
1300,00012,738.486029,0,12587,0,0,0.000000,0.000000,0,0,0.000000,0
1300,00021,738.486029,0,12587,2096,200,20960.000000,8265.148183,200,2096,0.000000,0
1300,00019,738.486029,0,12587,6,13,60.000000,29.098407,5,2,4.000000,8
1300,00004,738.486029,0,12587,0,0,0.000000,0.000000,0,0,0.000000,0
1300,00009,738.486029,0,12587,2096,200,20960.000000,342.206318,110,1153,943.000000,90
1300,00005,738.486029,0,12587,2096,200,20960.000000,4140.367275,102,1069,1027.000000,98
1300,00003,738.486029,0,12587,0,0,0.000000,0.000000,0,0,0.000000,0
1300,00016,738.486029,0,12587,1,3,10.000000,28.014590,2,1,0.000000,1
1300,00001,738.486029,0,12587,2096,200,20960.000000,0.000000,200,2096,0.000000,0
1300,00010,738.486029,0,12587,0,0,0.000000,0.000000,0,0,0.000000,0
1300,00007,738.486029,0,12587,0,0,0.000000,0.000000,0,0,0.000000,0
1300,00014,738.486029,0,12587,0,0,0.000000,0.000000,0,0,0.000000,0
1300,00020,738.486029,0,12587,0,0,0.000000,0.000000,0,0,0.000000,0
1300,00013,738.486029,0,12587,2096,200,20960.000000,454.615191,96,1006,1090.000000,104
1300,00002,738.486029,0,12587,0,0,0.000000,0.000000,0,0,0.000000,0
1400,00008,841.710331,0,12904,0,0,0.000000,0.000000,0,0,0.000000,0
1400,00015,841.710331,0,12904,0,0,0.000000,0.000000,0,0,0.000000,0
1400,00011,841.710331,0,12904,5,12,50.000000,21.918903,7,3,2.000000,5
1400,00018,841.710331,0,12904,4,8,40.000000,25.207365,2,1,3.000000,6
1400,00017,841.710331,0,12904,2096,200,20960.000000,3657.447337,99,1038,1058.000000,101
1400,00006,841.710331,0,12904,0,0,0.000000,0.000000,0,0,0.000000,0
1400,00012,841.710331,0,12904,1,3,10.000000,15.894323,1,0,1.000000,2
1400,00021,841.710331,0,12904,2096,200,20960.000000,8076.680308,109,1142,954.000000,91
1400,00019,841.710331,0,12904,4,9,40.000000,29.055021,6,3,1.000000,3
1400,00004,841.710331,0,12904,0,0,0.000000,0.000000,0,0,0.000000,0
1400,00009,841.710331,0,12904,2096,200,20960.000000,369.472505,98,1027,1069.000000,102
1400,00005,841.710331,0,12904,2096,200,20960.000000,4358.115852,97,1017,1079.000000,103
1400,00003,841.710331,0,12904,0,0,0.000000,0.000000,0,0,0.000000,0
1400,00016,841.710331,0,12904,0,1,0.000000,32.381020,1,0,0.000000,0
1400,00001,841.710331,0,12904,2410,230,24100.000000,244.141803,187,1960,450.000000,43
1400,00010,841.710331,0,12904,0,0,0.000000,0.000000,0,0,0.000000,0
1400,00007,841.710331,0,12904,0,0,0.000000,0.000000,0,0,0.000000,0
1400,00014,841.710331,0,12904,0,0,0.000000,0.000000,0,0,0.000000,0
1400,00020,841.710331,0,12904,0,0,0.000000,0.000000,0,0,0.000000,0
1400,00013,841.710331,0,12904,2096,200,20960.000000,845.602505,87,912,1184.000000,113
1400,00002,841.710331,0,12904,0,0,0.000000,0.000000,0,0,0.000000,0
1500,00008,639.462008,0,12586,0,0,0.000000,0.000000,0,0,0.000000,0
1500,00015,639.462008,0,12586,0,0,0.000000,0.000000,0,0,0.000000,0
1500,00011,639.462008,0,12586,1,2,10.000000,27.632920,1,0,1.000000,1
1500,00018,639.462008,0,12586,6,14,60.000000,213.665138,0,0,6.000000,14
1500,00017,639.462008,0,12586,2096,200,20960.000000,2990.332047,97,1017,1079.000000,103
1500,00006,639.462008,0,12586,0,0,0.000000,0.000000,0,0,0.000000,0
1500,00012,639.462008,0,12586,0,0,0.000000,0.000000,0,0,0.000000,0
1500,00021,639.462008,0,12586,2096,200,20960.000000,3896.120761,96,1006,1090.000000,104
1500,00019,639.462008,0,12586,2,5,20.000000,26.398977,2,1,1.000000,3
1500,00004,639.462008,0,12586,0,0,0.000000,0.000000,0,0,0.000000,0
1500,00009,639.462008,0,12586,2096,200,20960.000000,396.989325,112,1174,922.000000,88
1500,00005,639.462008,0,12586,2096,200,20960.000000,4561.471880,96,1006,1090.000000,104
1500,00003,639.462008,0,12586,0,0,0.000000,0.000000,0,0,0.000000,0
1500,00016,639.462008,0,12586,1,3,10.000000,16.977167,1,0,1.000000,2
1500,00001,639.462008,0,12586,2096,200,20960.000000,669.187601,97,1017,1079.000000,103
1500,00010,639.462008,0,12586,0,0,0.000000,0.000000,0,0,0.000000,0
1500,00007,639.462008,0,12586,0,0,0.000000,0.000000,0,0,0.000000,0
1500,00014,639.462008,0,12586,0,0,0.000000,0.000000,0,0,0.000000,0
1500,00020,639.462008,0,12586,0,0,0.000000,0.000000,0,0,0.000000,0
1500,00013,639.462008,0,12586,2096,200,20960.000000,629.926351,102,1069,1027.000000,98
1500,00002,639.462008,0,12586,0,0,0.000000,0.000000,0,0,0.000000,0
1600,00008,679.002471,0,39973,0,0,0.000000,0.000000,0,0,0.000000,0
1600,00015,679.002471,0,39973,0,0,0.000000,0.000000,0,0,0.000000,0
1600,00011,679.002471,0,39973,17,37,170.000000,129.403729,20,10,7.000000,17
1600,00018,679.002471,0,39973,3,7,30.000000,200.750295,1,0,3.000000,6
1600,00017,679.002471,0,39973,25938,2475,259380.000000,1658.581068,6,63,25875.000000,2469
1600,00006,679.002471,0,39973,0,0,0.000000,0.000000,0,0,0.000000,0
1600,00012,679.002471,0,39973,0,1,0.000000,30.700790,1,0,0.000000,0
1600,00021,679.002471,0,39973,2096,200,20960.000000,5691.107502,94,985,1111.000000,106
1600,00019,679.002471,0,39973,2,5,20.000000,64.937250,1,0,2.000000,4
1600,00004,679.002471,0,39973,0,0,0.000000,0.000000,0,0,0.000000,0
1600,00009,679.002471,0,39973,5628,537,56280.000000,378.151343,42,440,5188.000000,495
1600,00005,679.002471,0,39973,2096,200,20960.000000,4583.952998,103,1079,1017.000000,97
1600,00003,679.002471,0,39973,0,0,0.000000,0.000000,0,0,0.000000,0
1600,00016,679.002471,0,39973,1,2,10.000000,22.441170,1,0,1.000000,1
1600,00001,679.002471,0,39973,2096,200,20960.000000,1106.464618,97,1017,1079.000000,103
1600,00010,679.002471,0,39973,0,0,0.000000,0.000000,0,0,0.000000,0
1600,00007,679.002471,0,39973,0,0,0.000000,0.000000,0,0,0.000000,0
1600,00014,679.002471,0,39973,0,0,0.000000,0.000000,0,0,0.000000,0
1600,00020,679.002471,0,39973,0,0,0.000000,0.000000,0,0,0.000000,0
1600,00013,679.002471,0,39973,2096,200,20960.000000,392.561124,102,1069,1027.000000,98
1600,00002,679.002471,0,39973,0,0,0.000000,0.000000,0,0,0.000000,0
1700,00008,622.780769,0,12600,1,2,10.000000,30.704390,2,1,0.000000,0
1700,00015,622.780769,0,12600,0,0,0.000000,0.000000,0,0,0.000000,0
1700,00011,622.780769,0,12600,9,20,90.000000,113.354040,2,1,8.000000,18
1700,00018,622.780769,0,12600,3,6,30.000000,14.885987,1,0,3.000000,5
1700,00017,622.780769,0,12600,2096,200,20960.000000,292.809006,104,1090,1006.000000,96
1700,00006,622.780769,0,12600,0,0,0.000000,0.000000,0,0,0.000000,0
1700,00012,622.780769,0,12600,0,0,0.000000,0.000000,0,0,0.000000,0
1700,00021,622.780769,0,12600,2096,200,20960.000000,4477.930240,91,954,1142.000000,109
1700,00019,622.780769,0,12600,11,25,110.000000,83.137462,14,6,5.000000,11
1700,00004,622.780769,0,12600,0,0,0.000000,0.000000,0,0,0.000000,0
1700,00009,622.780769,0,12600,2096,200,20960.000000,371.169981,99,1038,1058.000000,101
1700,00005,622.780769,0,12600,2096,200,20960.000000,4509.874309,94,985,1111.000000,106
1700,00003,622.780769,0,12600,0,0,0.000000,0.000000,0,0,0.000000,0
1700,00016,622.780769,0,12600,0,1,0.000000,31.671780,1,0,0.000000,0
1700,00001,622.780769,0,12600,2096,200,20960.000000,2068.308470,89,933,1163.000000,111
1700,00010,622.780769,0,12600,0,0,0.000000,0.000000,0,0,0.000000,0
1700,00007,622.780769,0,12600,0,0,0.000000,0.000000,0,0,0.000000,0
1700,00014,622.780769,0,12600,0,0,0.000000,0.000000,0,0,0.000000,0
1700,00020,622.780769,0,12600,0,0,0.000000,0.000000,0,0,0.000000,0
1700,00013,622.780769,0,12600,2096,200,20960.000000,1084.550489,98,1027,1069.000000,102
1700,00002,622.780769,0,12600,0,0,0.000000,0.000000,0,0,0.000000,0
1800,00008,706.960881,0,41852,0,1,0.000000,16.167140,0,0,0.000000,1
1800,00015,706.960881,0,41852,0,0,0.000000,0.000000,0,0,0.000000,0
1800,00011,706.960881,0,41852,8,18,80.000000,25.744508,13,6,2.000000,5
1800,00018,706.960881,0,41852,1,2,10.000000,31.671780,2,1,0.000000,0
1800,00017,706.960881,0,41852,18424,1758,184240.000000,171.007440,58,608,17816.000000,1700
1800,00006,706.960881,0,41852,0,0,0.000000,0.000000,0,0,0.000000,0
1800,00012,706.960881,0,41852,0,0,0.000000,0.000000,0,0,0.000000,0
1800,00021,706.960881,0,41852,15028,1434,150280.000000,4458.525461,20,210,14818.000000,1414
1800,00019,706.960881,0,41852,6,15,60.000000,39.394143,15,6,0.000000,0
1800,00004,706.960881,0,41852,0,0,0.000000,0.000000,0,0,0.000000,0
1800,00009,706.960881,0,41852,2096,200,20960.000000,757.650187,106,1111,985.000000,94
1800,00005,706.960881,0,41852,2096,200,20960.000000,5433.812230,92,964,1132.000000,108
1800,00003,706.960881,0,41852,0,0,0.000000,0.000000,0,0,0.000000,0
1800,00016,706.960881,0,41852,1,2,10.000000,35.691130,2,1,0.000000,0
1800,00001,706.960881,0,41852,2096,200,20960.000000,2713.536154,103,1079,1017.000000,97
1800,00010,706.960881,0,41852,0,0,0.000000,0.000000,0,0,0.000000,0
1800,00007,706.960881,0,41852,0,0,0.000000,0.000000,0,0,0.000000,0
1800,00014,706.960881,0,41852,0,0,0.000000,0.000000,0,0,0.000000,0
1800,00020,706.960881,0,41852,0,0,0.000000,0.000000,0,0,0.000000,0
1800,00013,706.960881,0,41852,2096,200,20960.000000,1162.978324,97,1017,1079.000000,103
1800,00002,706.960881,0,41852,0,0,0.000000,0.000000,0,0,0.000000,0
1900,00008,873.322595,0,18156,1,2,10.000000,30.704390,2,1,0.000000,0
1900,00015,873.322595,0,18156,0,0,0.000000,0.000000,0,0,0.000000,0
1900,00011,873.322595,0,18156,4,10,40.000000,36.410906,4,2,2.000000,6
1900,00018,873.322595,0,18156,2,5,20.000000,2733.643153,0,0,2.000000,5
1900,00017,873.322595,0,18156,2096,200,20960.000000,295.472804,99,1038,1058.000000,101
1900,00006,873.322595,0,18156,0,0,0.000000,0.000000,0,0,0.000000,0
1900,00012,873.322595,0,18156,0,0,0.000000,0.000000,0,0,0.000000,0
1900,00021,873.322595,0,18156,7661,731,76610.000000,4137.505569,715,7493,168.000000,16
1900,00019,873.322595,0,18156,5,12,50.000000,59.032875,12,5,0.000000,0
1900,00004,873.322595,0,18156,0,0,0.000000,0.000000,0,0,0.000000,0
1900,00009,873.322595,0,18156,2096,200,20960.000000,970.756807,107,1121,975.000000,93
1900,00005,873.322595,0,18156,2096,200,20960.000000,4760.240626,105,1100,996.000000,95
1900,00003,873.322595,0,18156,0,0,0.000000,0.000000,0,0,0.000000,0
1900,00016,873.322595,0,18156,3,6,30.000000,116.521844,2,1,2.000000,4
1900,00001,873.322595,0,18156,2096,200,20960.000000,3410.831327,104,1090,1006.000000,96
1900,00010,873.322595,0,18156,0,0,0.000000,0.000000,0,0,0.000000,0
1900,00007,873.322595,0,18156,0,0,0.000000,0.000000,0,0,0.000000,0
1900,00014,873.322595,0,18156,0,0,0.000000,0.000000,0,0,0.000000,0
1900,00020,873.322595,0,18156,0,0,0.000000,0.000000,0,0,0.000000,0
1900,00013,873.322595,0,18156,2096,200,20960.000000,1788.654203,100,1048,1048.000000,100
1900,00002,873.322595,0,18156,0,0,0.000000,0.000000,0,0,0.000000,0
2000,00008,819.186762,0,19551,1,3,10.000000,30.703910,3,1,0.000000,0
2000,00015,819.186762,0,19551,0,0,0.000000,0.000000,0,0,0.000000,0
2000,00011,819.186762,0,19551,5,12,50.000000,12.995507,2,1,4.000000,10
2000,00018,819.186762,0,19551,5,9,50.000000,26.246584,5,3,2.000000,4
2000,00017,819.186762,0,19551,2096,200,20960.000000,1425.473839,86,901,1195.000000,114
2000,00006,819.186762,0,19551,0,0,0.000000,0.000000,0,0,0.000000,0
2000,00012,819.186762,0,19551,0,0,0.000000,0.000000,0,0,0.000000,0
2000,00021,819.186762,0,19551,9055,864,90550.000000,397.762989,101,1058,7997.000000,763
2000,00019,819.186762,0,19551,4,10,40.000000,40.085919,6,3,1.000000,4
2000,00004,819.186762,0,19551,0,0,0.000000,0.000000,0,0,0.000000,0
2000,00009,819.186762,0,19551,2096,200,20960.000000,1292.248394,96,1006,1090.000000,104
2000,00005,819.186762,0,19551,2096,200,20960.000000,5876.411552,101,1058,1038.000000,99
2000,00003,819.186762,0,19551,0,0,0.000000,0.000000,0,0,0.000000,0
2000,00016,819.186762,0,19551,1,2,10.000000,331.056666,2,1,0.000000,0
2000,00001,819.186762,0,19551,2096,200,20960.000000,3446.966243,109,1142,954.000000,91
2000,00010,819.186762,0,19551,0,0,0.000000,0.000000,0,0,0.000000,0
2000,00007,819.186762,0,19551,0,0,0.000000,0.000000,0,0,0.000000,0
2000,00014,819.186762,0,19551,0,0,0.000000,0.000000,0,0,0.000000,0
2000,00020,819.186762,0,19551,0,0,0.000000,0.000000,0,0,0.000000,0
2000,00013,819.186762,0,19551,2096,200,20960.000000,4322.970390,86,901,1195.000000,114
2000,00002,819.186762,0,19551,0,0,0.000000,0.000000,0,0,0.000000,0
2100,00008,766.422713,0,12587,0,1,0.000000,30.702950,1,0,0.000000,0
2100,00015,766.422713,0,12587,0,0,0.000000,0.000000,0,0,0.000000,0
2100,00011,766.422713,0,12587,5,11,50.000000,26.529468,9,4,1.000000,2
2100,00018,766.422713,0,12587,2,5,20.000000,106.426868,3,1,1.000000,2
2100,00017,766.422713,0,12587,2096,200,20960.000000,1380.552367,107,1121,975.000000,93
2100,00006,766.422713,0,12587,0,0,0.000000,0.000000,0,0,0.000000,0
2100,00012,766.422713,0,12587,0,0,0.000000,0.000000,0,0,0.000000,0
2100,00021,766.422713,0,12587,2096,200,20960.000000,329.199699,93,975,1121.000000,107
2100,00019,766.422713,0,12587,3,6,30.000000,19.407402,1,0,3.000000,5
2100,00004,766.422713,0,12587,0,0,0.000000,0.000000,0,0,0.000000,0
2100,00009,766.422713,0,12587,2096,200,20960.000000,965.265175,105,1100,996.000000,95
2100,00005,766.422713,0,12587,2096,200,20960.000000,5954.405121,97,1017,1079.000000,103
2100,00003,766.422713,0,12587,0,0,0.000000,0.000000,0,0,0.000000,0
2100,00016,766.422713,0,12587,1,1,10.000000,9.635810,0,0,1.000000,1
2100,00001,766.422713,0,12587,2096,200,20960.000000,2978.975198,94,985,1111.000000,106
2100,00010,766.422713,0,12587,0,0,0.000000,0.000000,0,0,0.000000,0
2100,00007,766.422713,0,12587,0,0,0.000000,0.000000,0,0,0.000000,0
2100,00014,766.422713,0,12587,0,0,0.000000,0.000000,0,0,0.000000,0
2100,00020,766.422713,0,12587,0,0,0.000000,0.000000,0,0,0.000000,0
2100,00013,766.422713,0,12587,2096,200,20960.000000,4293.776914,96,1006,1090.000000,104
2100,00002,766.422713,0,12587,0,0,0.000000,0.000000,0,0,0.000000,0
2200,00008,807.254581,0,37707,1,3,10.000000,30.701870,2,1,0.000000,1
2200,00015,807.254581,0,37707,0,0,0.000000,0.000000,0,0,0.000000,0
2200,00011,807.254581,0,37707,4,10,40.000000,33.702564,10,4,0.000000,0
2200,00018,807.254581,0,37707,5,11,50.000000,37.951983,11,5,0.000000,0
2200,00017,807.254581,0,37707,2096,200,20960.000000,5671.571185,106,1111,985.000000,94
2200,00006,807.254581,0,37707,0,0,0.000000,0.000000,0,0,0.000000,0
2200,00012,807.254581,0,37707,0,0,0.000000,0.000000,0,0,0.000000,0
2200,00021,807.254581,0,37707,27217,2597,272170.000000,1998.006429,6,63,27154.000000,2591
2200,00019,807.254581,0,37707,0,0,0.000000,0.000000,0,0,0.000000,0
2200,00004,807.254581,0,37707,0,0,0.000000,0.000000,0,0,0.000000,0
2200,00009,807.254581,0,37707,2096,200,20960.000000,885.341345,102,1069,1027.000000,98
2200,00005,807.254581,0,37707,2096,200,20960.000000,4906.160136,96,1006,1090.000000,104
2200,00003,807.254581,0,37707,0,0,0.000000,0.000000,0,0,0.000000,0
2200,00016,807.254581,0,37707,0,0,0.000000,0.000000,0,0,0.000000,0
2200,00001,807.254581,0,37707,2096,200,20960.000000,1764.445529,103,1079,1017.000000,97
2200,00010,807.254581,0,37707,0,0,0.000000,0.000000,0,0,0.000000,0
2200,00007,807.254581,0,37707,0,0,0.000000,0.000000,0,0,0.000000,0
2200,00014,807.254581,0,37707,0,0,0.000000,0.000000,0,0,0.000000,0
2200,00020,807.254581,0,37707,0,0,0.000000,0.000000,0,0,0.000000,0
2200,00013,807.254581,0,37707,2096,200,20960.000000,1624.465158,113,1184,912.000000,87
2200,00002,807.254581,0,37707,0,0,0.000000,0.000000,0,0,0.000000,0
2300,00008,832.214613,0,15142,1,2,10.000000,30.704390,2,1,0.000000,0
2300,00015,832.214613,0,15142,0,0,0.000000,0.000000,0,0,0.000000,0
2300,00011,832.214613,0,15142,5,12,50.000000,24.868455,7,3,2.000000,5
2300,00018,832.214613,0,15142,3,6,30.000000,30.697910,6,3,0.000000,0
2300,00017,832.214613,0,15142,2096,200,20960.000000,7082.831048,106,1111,985.000000,94
2300,00006,832.214613,0,15142,0,0,0.000000,0.000000,0,0,0.000000,0
2300,00012,832.214613,0,15142,0,0,0.000000,0.000000,0,0,0.000000,0
2300,00021,832.214613,0,15142,4653,444,46530.000000,1551.169155,247,2589,2064.000000,197
2300,00019,832.214613,0,15142,0,1,0.000000,11.127480,0,0,0.000000,1
2300,00004,832.214613,0,15142,0,0,0.000000,0.000000,0,0,0.000000,0
2300,00009,832.214613,0,15142,2096,200,20960.000000,1707.022025,111,1163,933.000000,89
2300,00005,832.214613,0,15142,2096,200,20960.000000,4877.452588,98,1027,1069.000000,102
2300,00003,832.214613,0,15142,0,0,0.000000,0.000000,0,0,0.000000,0
2300,00016,832.214613,0,15142,0,0,0.000000,0.000000,0,0,0.000000,0
2300,00001,832.214613,0,15142,2096,200,20960.000000,576.529522,100,1048,1048.000000,100
2300,00010,832.214613,0,15142,0,0,0.000000,0.000000,0,0,0.000000,0
2300,00007,832.214613,0,15142,0,0,0.000000,0.000000,0,0,0.000000,0
2300,00014,832.214613,0,15142,0,0,0.000000,0.000000,0,0,0.000000,0
2300,00020,832.214613,0,15142,0,0,0.000000,0.000000,0,0,0.000000,0
2300,00013,832.214613,0,15142,2096,200,20960.000000,1584.104305,96,1006,1090.000000,104
2300,00002,832.214613,0,15142,0,0,0.000000,0.000000,0,0,0.000000,0
2400,00008,839.393509,0,12588,1,3,10.000000,24.311020,2,1,0.000000,1
2400,00015,839.393509,0,12588,0,0,0.000000,0.000000,0,0,0.000000,0
2400,00011,839.393509,0,12588,7,16,70.000000,120.329724,12,5,2.000000,4
2400,00018,839.393509,0,12588,4,10,40.000000,30.693743,0,0,4.000000,10
2400,00017,839.393509,0,12588,2096,200,20960.000000,4562.895728,94,985,1111.000000,106
2400,00006,839.393509,0,12588,0,0,0.000000,0.000000,0,0,0.000000,0
2400,00012,839.393509,0,12588,0,0,0.000000,0.000000,0,0,0.000000,0
2400,00021,839.393509,0,12588,2096,200,20960.000000,704.328089,103,1079,1017.000000,97
2400,00019,839.393509,0,12588,0,0,0.000000,0.000000,0,0,0.000000,0
2400,00004,839.393509,0,12588,0,0,0.000000,0.000000,0,0,0.000000,0
2400,00009,839.393509,0,12588,2096,200,20960.000000,2771.224523,100,1048,1048.000000,100
2400,00005,839.393509,0,12588,2096,200,20960.000000,4984.792298,108,1132,964.000000,92
2400,00003,839.393509,0,12588,0,0,0.000000,0.000000,0,0,0.000000,0
2400,00016,839.393509,0,12588,0,0,0.000000,0.000000,0,0,0.000000,0
2400,00001,839.393509,0,12588,2096,200,20960.000000,1008.737042,96,1006,1090.000000,104
2400,00010,839.393509,0,12588,0,0,0.000000,0.000000,0,0,0.000000,0
2400,00007,839.393509,0,12588,0,0,0.000000,0.000000,0,0,0.000000,0
2400,00014,839.393509,0,12588,0,0,0.000000,0.000000,0,0,0.000000,0
2400,00020,839.393509,0,12588,0,0,0.000000,0.000000,0,0,0.000000,0
2400,00013,839.393509,0,12588,2096,200,20960.000000,3419.951514,92,964,1132.000000,108
2400,00002,839.393509,0,12588,0,0,0.000000,0.000000,0,0,0.000000,0
2500,00008,947.136452,0,12589,0,0,0.000000,0.000000,0,0,0.000000,0
2500,00015,947.136452,0,12589,0,0,0.000000,0.000000,0,0,0.000000,0
2500,00011,947.136452,0,12589,6,13,60.000000,49.805347,1,0,6.000000,12
2500,00018,947.136452,0,12589,7,16,70.000000,236.692318,4,1,6.000000,12
2500,00017,947.136452,0,12589,2096,200,20960.000000,3634.757449,118,1237,859.000000,82
2500,00006,947.136452,0,12589,0,0,0.000000,0.000000,0,0,0.000000,0
2500,00012,947.136452,0,12589,0,0,0.000000,0.000000,0,0,0.000000,0
2500,00021,947.136452,0,12589,2096,200,20960.000000,1062.445966,99,1038,1058.000000,101
2500,00019,947.136452,0,12589,0,0,0.000000,0.000000,0,0,0.000000,0
2500,00004,947.136452,0,12589,0,0,0.000000,0.000000,0,0,0.000000,0
2500,00009,947.136452,0,12589,2096,200,20960.000000,2466.602203,102,1069,1027.000000,98
2500,00005,947.136452,0,12589,2096,200,20960.000000,7356.598208,106,1111,985.000000,94
2500,00003,947.136452,0,12589,0,0,0.000000,0.000000,0,0,0.000000,0
2500,00016,947.136452,0,12589,0,0,0.000000,0.000000,0,0,0.000000,0
2500,00001,947.136452,0,12589,2096,200,20960.000000,1629.094194,90,943,1153.000000,110
2500,00010,947.136452,0,12589,0,0,0.000000,0.000000,0,0,0.000000,0
2500,00007,947.136452,0,12589,0,0,0.000000,0.000000,0,0,0.000000,0
2500,00014,947.136452,0,12589,0,0,0.000000,0.000000,0,0,0.000000,0
2500,00020,947.136452,0,12589,0,0,0.000000,0.000000,0,0,0.000000,0
2500,00013,947.136452,0,12589,2096,200,20960.000000,3453.869812,96,1006,1090.000000,104
2500,00002,947.136452,0,12589,0,0,0.000000,0.000000,0,0,0.000000,0
2600,00008,854.945280,0,25444,0,0,0.000000,0.000000,0,0,0.000000,0
2600,00015,854.945280,0,25444,0,0,0.000000,0.000000,0,0,0.000000,0
2600,00011,854.945280,0,25444,7,16,70.000000,58.645092,9,4,3.000000,7
2600,00018,854.945280,0,25444,2,4,20.000000,17.910450,2,1,1.000000,2
2600,00017,854.945280,0,25444,2096,200,20960.000000,1534.719777,88,922,1174.000000,112
2600,00006,854.945280,0,25444,0,0,0.000000,0.000000,0,0,0.000000,0
2600,00012,854.945280,0,25444,0,0,0.000000,0.000000,0,0,0.000000,0
2600,00021,854.945280,0,25444,2096,200,20960.000000,1470.285597,103,1079,1017.000000,97
2600,00019,854.945280,0,25444,0,0,0.000000,0.000000,0,0,0.000000,0
2600,00004,854.945280,0,25444,0,0,0.000000,0.000000,0,0,0.000000,0
2600,00009,854.945280,0,25444,2096,200,20960.000000,2976.809156,109,1142,954.000000,91
2600,00005,854.945280,0,25444,2096,200,20960.000000,5617.056955,102,1069,1027.000000,98
2600,00003,854.945280,0,25444,0,0,0.000000,0.000000,0,0,0.000000,0
2600,00016,854.945280,0,25444,0,0,0.000000,0.000000,0,0,0.000000,0
2600,00001,854.945280,0,25444,14955,1427,149550.000000,1065.130450,9,94,14861.000000,1418
2600,00010,854.945280,0,25444,0,0,0.000000,0.000000,0,0,0.000000,0
2600,00007,854.945280,0,25444,0,0,0.000000,0.000000,0,0,0.000000,0
2600,00014,854.945280,0,25444,0,0,0.000000,0.000000,0,0,0.000000,0
2600,00020,854.945280,0,25444,0,0,0.000000,0.000000,0,0,0.000000,0
2600,00013,854.945280,0,25444,2096,200,20960.000000,5213.293393,94,985,1111.000000,106
2600,00002,854.945280,0,25444,0,0,0.000000,0.000000,0,0,0.000000,0
2700,00008,770.740595,0,25435,0,0,0.000000,0.000000,0,0,0.000000,0
2700,00015,770.740595,0,25435,0,0,0.000000,0.000000,0,0,0.000000,0
2700,00011,770.740595,0,25435,5,11,50.000000,24.111101,5,2,3.000000,6
2700,00018,770.740595,0,25435,3,6,30.000000,21.971673,3,1,2.000000,3
2700,00017,770.740595,0,25435,2096,200,20960.000000,603.654617,98,1027,1069.000000,102
2700,00006,770.740595,0,25435,0,0,0.000000,0.000000,0,0,0.000000,0
2700,00012,770.740595,0,25435,0,0,0.000000,0.000000,0,0,0.000000,0
2700,00021,770.740595,0,25435,2096,200,20960.000000,1685.739507,99,1038,1058.000000,101
2700,00019,770.740595,0,25435,0,0,0.000000,0.000000,0,0,0.000000,0
2700,00004,770.740595,0,25435,0,0,0.000000,0.000000,0,0,0.000000,0
2700,00009,770.740595,0,25435,2096,200,20960.000000,2588.855152,102,1069,1027.000000,98
2700,00005,770.740595,0,25435,2096,200,20960.000000,6059.461552,92,964,1132.000000,108
2700,00003,770.740595,0,25435,0,0,0.000000,0.000000,0,0,0.000000,0
2700,00016,770.740595,0,25435,3,6,30.000000,17.702202,2,1,2.000000,4
2700,00001,770.740595,0,25435,14944,1426,149440.000000,90.352723,1,10,14934.000000,1425
2700,00010,770.740595,0,25435,0,0,0.000000,0.000000,0,0,0.000000,0
2700,00007,770.740595,0,25435,0,0,0.000000,0.000000,0,0,0.000000,0
2700,00014,770.740595,0,25435,0,0,0.000000,0.000000,0,0,0.000000,0
2700,00020,770.740595,0,25435,0,0,0.000000,0.000000,0,0,0.000000,0
2700,00013,770.740595,0,25435,2096,200,20960.000000,5093.703966,93,975,1121.000000,107
2700,00002,770.740595,0,25435,0,0,0.000000,0.000000,0,0,0.000000,0
2800,00008,968.736919,0,32856,0,0,0.000000,0.000000,0,0,0.000000,0
2800,00015,968.736919,0,32856,0,0,0.000000,0.000000,0,0,0.000000,0
2800,00011,968.736919,0,32856,4,10,40.000000,19.171613,3,1,3.000000,7
2800,00018,968.736919,0,32856,4,8,40.000000,42.598352,3,1,3.000000,5
2800,00017,968.736919,0,32856,11905,1136,119050.000000,3560.824220,1110,11633,272.000000,26
2800,00006,968.736919,0,32856,0,0,0.000000,0.000000,0,0,0.000000,0
2800,00012,968.736919,0,32856,0,0,0.000000,0.000000,0,0,0.000000,0
2800,00021,968.736919,0,32856,9296,887,92960.000000,1665.939440,6,63,9233.000000,881
2800,00019,968.736919,0,32856,0,0,0.000000,0.000000,0,0,0.000000,0
2800,00004,968.736919,0,32856,0,0,0.000000,0.000000,0,0,0.000000,0
2800,00009,968.736919,0,32856,2096,200,20960.000000,2374.036917,101,1058,1038.000000,99
2800,00005,968.736919,0,32856,2096,200,20960.000000,6613.488135,93,975,1121.000000,107
2800,00003,968.736919,0,32856,0,0,0.000000,0.000000,0,0,0.000000,0
2800,00016,968.736919,0,32856,4,9,40.000000,15.058240,2,1,3.000000,7
2800,00001,968.736919,0,32856,5355,511,53550.000000,4342.265540,417,4370,985.000000,94
2800,00010,968.736919,0,32856,0,0,0.000000,0.000000,0,0,0.000000,0
2800,00007,968.736919,0,32856,0,0,0.000000,0.000000,0,0,0.000000,0
2800,00014,968.736919,0,32856,0,0,0.000000,0.000000,0,0,0.000000,0
2800,00020,968.736919,0,32856,0,0,0.000000,0.000000,0,0,0.000000,0
2800,00013,968.736919,0,32856,2096,200,20960.000000,1710.092851,105,1100,996.000000,95
2800,00002,968.736919,0,32856,0,0,0.000000,0.000000,0,0,0.000000,0
2900,00008,1036.056048,0,44799,0,0,0.000000,0.000000,0,0,0.000000,0
2900,00015,1036.056048,0,44799,0,0,0.000000,0.000000,0,0,0.000000,0
2900,00011,1036.056048,0,44799,5,11,50.000000,23.536968,6,3,2.000000,5
2900,00018,1036.056048,0,44799,2,4,20.000000,22.211768,1,0,2.000000,3
2900,00017,1036.056048,0,44799,2096,200,20960.000000,9659.843849,200,2096,0.000000,0
2900,00006,1036.056048,0,44799,0,0,0.000000,0.000000,0,0,0.000000,0
2900,00012,1036.056048,0,44799,0,0,0.000000,0.000000,0,0,0.000000,0
2900,00021,1036.056048,0,44799,11444,1092,114440.000000,1166.683978,219,2295,9149.000000,873
2900,00019,1036.056048,0,44799,0,0,0.000000,0.000000,0,0,0.000000,0
2900,00004,1036.056048,0,44799,0,0,0.000000,0.000000,0,0,0.000000,0
2900,00009,1036.056048,0,44799,24963,2382,249630.000000,1726.159420,42,440,24523.000000,2340
2900,00005,1036.056048,0,44799,2096,200,20960.000000,6426.222580,89,933,1163.000000,111
2900,00003,1036.056048,0,44799,0,0,0.000000,0.000000,0,0,0.000000,0
2900,00016,1036.056048,0,44799,0,1,0.000000,8.579295,0,0,0.000000,1
2900,00001,1036.056048,0,44799,2096,200,20960.000000,2176.566048,88,922,1174.000000,112
2900,00010,1036.056048,0,44799,0,0,0.000000,0.000000,0,0,0.000000,0
2900,00007,1036.056048,0,44799,0,0,0.000000,0.000000,0,0,0.000000,0
2900,00014,1036.056048,0,44799,0,0,0.000000,0.000000,0,0,0.000000,0
2900,00020,1036.056048,0,44799,1,2,10.000000,30.704390,2,1,0.000000,0
2900,00013,1036.056048,0,44799,2096,200,20960.000000,516.668703,99,1038,1058.000000,101
2900,00002,1036.056048,0,44799,0,0,0.000000,0.000000,0,0,0.000000,0
3000,00008,907.181070,0,24249,0,0,0.000000,0.000000,0,0,0.000000,0
3000,00015,907.181070,0,24249,0,0,0.000000,0.000000,0,0,0.000000,0
3000,00011,907.181070,0,24249,6,15,60.000000,42.385849,15,6,0.000000,0
3000,00018,907.181070,0,24249,1,3,10.000000,18.390070,1,0,1.000000,2
3000,00017,907.181070,0,24249,2096,200,20960.000000,5447.422582,114,1195,901.000000,86
3000,00006,907.181070,0,24249,0,0,0.000000,0.000000,0,0,0.000000,0
3000,00012,907.181070,0,24249,0,0,0.000000,0.000000,0,0,0.000000,0
3000,00021,907.181070,0,24249,2096,200,20960.000000,1078.462630,105,1100,996.000000,95
3000,00019,907.181070,0,24249,0,0,0.000000,0.000000,0,0,0.000000,0
3000,00004,907.181070,0,24249,0,0,0.000000,0.000000,0,0,0.000000,0
3000,00009,907.181070,0,24249,9034,862,90340.000000,1476.422236,816,8552,482.000000,46
3000,00005,907.181070,0,24249,2096,200,20960.000000,7641.914155,98,1027,1069.000000,102
3000,00003,907.181070,0,24249,0,0,0.000000,0.000000,0,0,0.000000,0
3000,00016,907.181070,0,24249,1,2,10.000000,30.704390,0,0,1.000000,2
3000,00001,907.181070,0,24249,6822,651,68220.000000,1503.560877,69,723,6099.000000,582
3000,00010,907.181070,0,24249,0,0,0.000000,0.000000,0,0,0.000000,0
3000,00007,907.181070,0,24249,0,0,0.000000,0.000000,0,0,0.000000,0
3000,00014,907.181070,0,24249,0,0,0.000000,0.000000,0,0,0.000000,0
3000,00020,907.181070,0,24249,1,3,10.000000,30.703910,3,1,0.000000,0
3000,00013,907.181070,0,24249,2096,200,20960.000000,1780.835762,102,1069,1027.000000,98
3000,00002,907.181070,0,24249,0,0,0.000000,0.000000,0,0,0.000000,0
3100,00008,1634.912028,0,25824,0,0,0.000000,0.000000,0,0,0.000000,0
3100,00015,1634.912028,0,25824,0,0,0.000000,0.000000,0,0,0.000000,0
3100,00011,1634.912028,0,25824,3,7,30.000000,32.125201,7,3,0.000000,0
3100,00018,1634.912028,0,25824,1,3,10.000000,24.332945,1,0,1.000000,2
3100,00017,1634.912028,0,25824,2096,200,20960.000000,4924.183182,111,1163,933.000000,89
3100,00006,1634.912028,0,25824,0,0,0.000000,0.000000,0,0,0.000000,0
3100,00012,1634.912028,0,25824,0,0,0.000000,0.000000,0,0,0.000000,0
3100,00021,1634.912028,0,25824,2096,200,20960.000000,1314.049301,101,1058,1038.000000,99
3100,00019,1634.912028,0,25824,3,6,30.000000,29.340785,4,2,1.000000,2
3100,00004,1634.912028,0,25824,0,0,0.000000,0.000000,0,0,0.000000,0
3100,00009,1634.912028,0,25824,2096,200,20960.000000,10674.340595,200,2096,0.000000,0
3100,00005,1634.912028,0,25824,2096,200,20960.000000,13402.749988,101,1058,1038.000000,99
3100,00003,1634.912028,0,25824,0,0,0.000000,0.000000,0,0,0.000000,0
3100,00016,1634.912028,0,25824,5,10,50.000000,30.703755,1,0,5.000000,9
3100,00001,1634.912028,0,25824,15332,1463,153320.000000,463.234728,11,115,15217.000000,1452
3100,00010,1634.912028,0,25824,0,0,0.000000,0.000000,0,0,0.000000,0
3100,00007,1634.912028,0,25824,0,0,0.000000,0.000000,0,0,0.000000,0
3100,00014,1634.912028,0,25824,0,0,0.000000,0.000000,0,0,0.000000,0
3100,00020,1634.912028,0,25824,0,1,0.000000,40.690450,1,0,0.000000,0
3100,00013,1634.912028,0,25824,2096,200,20960.000000,3397.401654,100,1048,1048.000000,100
3100,00002,1634.912028,0,25824,0,0,0.000000,0.000000,0,0,0.000000,0
3200,00008,1302.244368,0,32398,0,0,0.000000,0.000000,0,0,0.000000,0
3200,00015,1302.244368,0,32398,0,0,0.000000,0.000000,0,0,0.000000,0
3200,00011,1302.244368,0,32398,0,0,0.000000,0.000000,0,0,0.000000,0
3200,00018,1302.244368,0,32398,1,3,10.000000,25.205405,1,0,1.000000,2
3200,00017,1302.244368,0,32398,2096,200,20960.000000,7121.400181,102,1069,1027.000000,98
3200,00006,1302.244368,0,32398,0,0,0.000000,0.000000,0,0,0.000000,0
3200,00012,1302.244368,0,32398,0,0,0.000000,0.000000,0,0,0.000000,0
3200,00021,1302.244368,0,32398,3259,311,32590.000000,1976.466904,305,3196,63.000000,6
3200,00019,1302.244368,0,32398,5,12,50.000000,39.032673,12,5,0.000000,0
3200,00004,1302.244368,0,32398,0,1,0.000000,30.711850,1,0,0.000000,0
3200,00009,1302.244368,0,32398,2096,200,20960.000000,9860.326447,124,1300,796.000000,76
3200,00005,1302.244368,0,32398,20729,1978,207290.000000,6303.482737,1953,20467,262.000000,25
3200,00003,1302.244368,0,32398,0,1,0.000000,13.319680,0,0,0.000000,1
3200,00016,1302.244368,0,32398,0,0,0.000000,0.000000,0,0,0.000000,0
3200,00001,1302.244368,0,32398,2096,200,20960.000000,913.693801,118,1237,859.000000,82
3200,00010,1302.244368,0,32398,0,1,0.000000,14.031620,0,0,0.000000,1
3200,00007,1302.244368,0,32398,0,1,0.000000,0.000000,0,0,0.000000,1
3200,00014,1302.244368,0,32398,0,0,0.000000,0.000000,0,0,0.000000,0
3200,00020,1302.244368,0,32398,1,3,10.000000,30.698063,3,1,0.000000,0
3200,00013,1302.244368,0,32398,2096,200,20960.000000,987.803525,97,1017,1079.000000,103
3200,00002,1302.244368,0,32398,19,39,190.000000,30.958837,21,10,9.000000,18
3300,00008,1170.696025,0,15430,0,0,0.000000,0.000000,0,0,0.000000,0
3300,00015,1170.696025,0,15430,0,0,0.000000,0.000000,0,0,0.000000,0
3300,00011,1170.696025,0,15430,0,1,0.000000,20.093560,0,0,0.000000,1
3300,00018,1170.696025,0,15430,2,4,20.000000,1723.281197,1,0,2.000000,3
3300,00017,1170.696025,0,15430,2096,200,20960.000000,7528.627423,100,1048,1048.000000,100
3300,00006,1170.696025,0,15430,0,0,0.000000,0.000000,0,0,0.000000,0
3300,00012,1170.696025,0,15430,0,0,0.000000,0.000000,0,0,0.000000,0
3300,00021,1170.696025,0,15430,2096,200,20960.000000,2118.201467,200,2096,0.000000,0
3300,00019,1170.696025,0,15430,15,31,150.000000,114.251898,14,7,8.000000,17
3300,00004,1170.696025,0,15430,0,0,0.000000,0.000000,0,0,0.000000,0
3300,00009,1170.696025,0,15430,2096,200,20960.000000,6112.446219,97,1017,1079.000000,103
3300,00005,1170.696025,0,15430,2096,200,20960.000000,5270.456063,200,2096,0.000000,0
3300,00003,1170.696025,0,15430,0,0,0.000000,0.000000,0,0,0.000000,0
3300,00016,1170.696025,0,15430,0,0,0.000000,0.000000,0,0,0.000000,0
3300,00001,1170.696025,0,15430,4926,470,49260.000000,538.924310,1,10,4916.000000,469
3300,00010,1170.696025,0,15430,0,0,0.000000,0.000000,0,0,0.000000,0
3300,00007,1170.696025,0,15430,0,0,0.000000,0.000000,0,0,0.000000,0
3300,00014,1170.696025,0,15430,0,0,0.000000,0.000000,0,0,0.000000,0
3300,00020,1170.696025,0,15430,1,2,10.000000,16.525720,0,0,1.000000,2
3300,00013,1170.696025,0,15430,2096,200,20960.000000,1096.837032,104,1090,1006.000000,96
3300,00002,1170.696025,0,15430,6,14,60.000000,44.971628,7,3,3.000000,7
3400,00008,1628.373363,0,12590,0,0,0.000000,0.000000,0,0,0.000000,0
3400,00015,1628.373363,0,12590,0,0,0.000000,0.000000,0,0,0.000000,0
3400,00011,1628.373363,0,12590,0,0,0.000000,0.000000,0,0,0.000000,0
3400,00018,1628.373363,0,12590,3,6,30.000000,9.510317,2,1,2.000000,4
3400,00017,1628.373363,0,12590,2096,200,20960.000000,7922.452121,110,1153,943.000000,90
3400,00006,1628.373363,0,12590,0,0,0.000000,0.000000,0,0,0.000000,0
3400,00012,1628.373363,0,12590,0,0,0.000000,0.000000,0,0,0.000000,0
3400,00021,1628.373363,0,12590,2096,200,20960.000000,2881.090731,118,1237,859.000000,82
3400,00019,1628.373363,0,12590,8,19,80.000000,31.378174,13,6,2.000000,6
3400,00004,1628.373363,0,12590,1,2,10.000000,27.632920,1,0,1.000000,1
3400,00009,1628.373363,0,12590,2096,200,20960.000000,10832.767539,94,985,1111.000000,106
3400,00005,1628.373363,0,12590,2096,200,20960.000000,5113.432580,117,1226,870.000000,83
3400,00003,1628.373363,0,12590,0,0,0.000000,0.000000,0,0,0.000000,0
3400,00016,1628.373363,0,12590,0,0,0.000000,0.000000,0,0,0.000000,0
3400,00001,1628.373363,0,12590,2096,200,20960.000000,162.148158,86,901,1195.000000,114
3400,00010,1628.373363,0,12590,0,0,0.000000,0.000000,0,0,0.000000,0
3400,00007,1628.373363,0,12590,0,0,0.000000,0.000000,0,0,0.000000,0
3400,00014,1628.373363,0,12590,0,0,0.000000,0.000000,0,0,0.000000,0
3400,00020,1628.373363,0,12590,2,4,20.000000,30.705570,4,2,0.000000,0
3400,00013,1628.373363,0,12590,2096,200,20960.000000,7184.722507,101,1058,1038.000000,99
3400,00002,1628.373363,0,12590,0,0,0.000000,0.000000,0,0,0.000000,0
3500,00008,1399.310740,0,12583,0,0,0.000000,0.000000,0,0,0.000000,0
3500,00015,1399.310740,0,12583,0,0,0.000000,0.000000,0,0,0.000000,0
3500,00011,1399.310740,0,12583,2,4,20.000000,30.703910,4,2,0.000000,0
3500,00018,1399.310740,0,12583,0,0,0.000000,0.000000,0,0,0.000000,0
3500,00017,1399.310740,0,12583,2096,200,20960.000000,7438.494044,105,1100,996.000000,95
3500,00006,1399.310740,0,12583,0,0,0.000000,0.000000,0,0,0.000000,0
3500,00012,1399.310740,0,12583,0,0,0.000000,0.000000,0,0,0.000000,0
3500,00021,1399.310740,0,12583,2096,200,20960.000000,2787.775853,111,1163,933.000000,89
3500,00019,1399.310740,0,12583,4,10,40.000000,27.661572,3,1,3.000000,7
3500,00004,1399.310740,0,12583,0,0,0.000000,0.000000,0,0,0.000000,0
3500,00009,1399.310740,0,12583,2096,200,20960.000000,7437.891911,101,1058,1038.000000,99
3500,00005,1399.310740,0,12583,2096,200,20960.000000,4539.820811,88,922,1174.000000,112
3500,00003,1399.310740,0,12583,0,0,0.000000,0.000000,0,0,0.000000,0
3500,00016,1399.310740,0,12583,0,0,0.000000,0.000000,0,0,0.000000,0
3500,00001,1399.310740,0,12583,2096,200,20960.000000,803.949027,94,985,1111.000000,106
3500,00010,1399.310740,0,12583,0,0,0.000000,0.000000,0,0,0.000000,0
3500,00007,1399.310740,0,12583,0,0,0.000000,0.000000,0,0,0.000000,0
3500,00014,1399.310740,0,12583,0,0,0.000000,0.000000,0,0,0.000000,0
3500,00020,1399.310740,0,12583,1,3,10.000000,13.370370,0,0,1.000000,3
3500,00013,1399.310740,0,12583,2096,200,20960.000000,6282.826056,113,1184,912.000000,87
3500,00002,1399.310740,0,12583,0,1,0.000000,23.031990,0,0,0.000000,1
3600,00008,1300.557964,0,15216,0,0,0.000000,0.000000,0,0,0.000000,0
3600,00015,1300.557964,0,15216,0,0,0.000000,0.000000,0,0,0.000000,0
3600,00011,1300.557964,0,15216,4,9,40.000000,1057.976914,9,4,0.000000,0
3600,00018,1300.557964,0,15216,0,0,0.000000,0.000000,0,0,0.000000,0
3600,00017,1300.557964,0,15216,2096,200,20960.000000,6154.692150,110,1153,943.000000,90
3600,00006,1300.557964,0,15216,0,0,0.000000,0.000000,0,0,0.000000,0
3600,00012,1300.557964,0,15216,0,0,0.000000,0.000000,0,0,0.000000,0
3600,00021,1300.557964,0,15216,2096,200,20960.000000,3581.069056,93,975,1121.000000,107
3600,00019,1300.557964,0,15216,5,11,50.000000,91.992070,7,3,2.000000,4
3600,00004,1300.557964,0,15216,0,0,0.000000,0.000000,0,0,0.000000,0
3600,00009,1300.557964,0,15216,4726,451,47260.000000,9211.597038,436,4569,157.000000,15
3600,00005,1300.557964,0,15216,2096,200,20960.000000,4190.650681,102,1069,1027.000000,98
3600,00003,1300.557964,0,15216,0,0,0.000000,0.000000,0,0,0.000000,0
3600,00016,1300.557964,0,15216,0,0,0.000000,0.000000,0,0,0.000000,0
3600,00001,1300.557964,0,15216,2096,200,20960.000000,236.399457,106,1111,985.000000,94
3600,00010,1300.557964,0,15216,0,0,0.000000,0.000000,0,0,0.000000,0
3600,00007,1300.557964,0,15216,0,0,0.000000,0.000000,0,0,0.000000,0
3600,00014,1300.557964,0,15216,0,0,0.000000,0.000000,0,0,0.000000,0
3600,00020,1300.557964,0,15216,1,3,10.000000,294.746707,1,0,1.000000,2
3600,00013,1300.557964,0,15216,2096,200,20960.000000,2492.593174,98,1027,1069.000000,102
3600,00002,1300.557964,0,15216,0,0,0.000000,0.000000,0,0,0.000000,0
3700,00008,1556.936736,0,13104,0,0,0.000000,0.000000,0,0,0.000000,0
3700,00015,1556.936736,0,13104,0,0,0.000000,0.000000,0,0,0.000000,0
3700,00011,1556.936736,0,13104,9,21,90.000000,93.481920,1,0,9.000000,20
3700,00018,1556.936736,0,13104,0,0,0.000000,0.000000,0,0,0.000000,0
3700,00017,1556.936736,0,13104,2096,200,20960.000000,6056.424610,102,1069,1027.000000,98
3700,00006,1556.936736,0,13104,0,0,0.000000,0.000000,0,0,0.000000,0
3700,00012,1556.936736,0,13104,0,0,0.000000,0.000000,0,0,0.000000,0
3700,00021,1556.936736,0,13104,2096,200,20960.000000,4068.658413,92,964,1132.000000,108
3700,00019,1556.936736,0,13104,4,10,40.000000,23.841626,5,2,2.000000,5
3700,00004,1556.936736,0,13104,0,0,0.000000,0.000000,0,0,0.000000,0
3700,00009,1556.936736,0,13104,2610,249,26100.000000,9045.451307,208,2180,430.000000,41
3700,00005,1556.936736,0,13104,2096,200,20960.000000,8838.395295,102,1069,1027.000000,98
3700,00003,1556.936736,0,13104,0,0,0.000000,0.000000,0,0,0.000000,0
3700,00016,1556.936736,0,13104,0,0,0.000000,0.000000,0,0,0.000000,0
3700,00001,1556.936736,0,13104,2096,200,20960.000000,663.872550,97,1017,1079.000000,103
3700,00010,1556.936736,0,13104,0,0,0.000000,0.000000,0,0,0.000000,0
3700,00007,1556.936736,0,13104,0,0,0.000000,0.000000,0,0,0.000000,0
3700,00014,1556.936736,0,13104,0,0,0.000000,0.000000,0,0,0.000000,0
3700,00020,1556.936736,0,13104,1,2,10.000000,514.670957,0,0,1.000000,2
3700,00013,1556.936736,0,13104,2096,200,20960.000000,3390.874769,97,1017,1079.000000,103
3700,00002,1556.936736,0,13104,0,0,0.000000,0.000000,0,0,0.000000,0
3800,00008,2230.060524,0,12586,0,0,0.000000,0.000000,0,0,0.000000,0
3800,00015,2230.060524,0,12586,0,0,0.000000,0.000000,0,0,0.000000,0
3800,00011,2230.060524,0,12586,5,13,50.000000,95.697293,13,5,0.000000,0
3800,00018,2230.060524,0,12586,0,0,0.000000,0.000000,0,0,0.000000,0
3800,00017,2230.060524,0,12586,2096,200,20960.000000,8809.385822,104,1090,1006.000000,96
3800,00006,2230.060524,0,12586,0,0,0.000000,0.000000,0,0,0.000000,0
3800,00012,2230.060524,0,12586,0,0,0.000000,0.000000,0,0,0.000000,0
3800,00021,2230.060524,0,12586,2096,200,20960.000000,4919.522277,91,954,1142.000000,109
3800,00019,2230.060524,0,12586,4,9,40.000000,29.688006,6,3,1.000000,3
3800,00004,2230.060524,0,12586,0,1,0.000000,9.457400,0,0,0.000000,1
3800,00009,2230.060524,0,12586,2096,200,20960.000000,6562.932989,116,1216,880.000000,84
3800,00005,2230.060524,0,12586,2096,200,20960.000000,18227.550371,100,1048,1048.000000,100
3800,00003,2230.060524,0,12586,0,0,0.000000,0.000000,0,0,0.000000,0
3800,00016,2230.060524,0,12586,0,0,0.000000,0.000000,0,0,0.000000,0
3800,00001,2230.060524,0,12586,2096,200,20960.000000,635.353234,97,1017,1079.000000,103
3800,00010,2230.060524,0,12586,0,0,0.000000,0.000000,0,0,0.000000,0
3800,00007,2230.060524,0,12586,0,0,0.000000,0.000000,0,0,0.000000,0
3800,00014,2230.060524,0,12586,0,0,0.000000,0.000000,0,0,0.000000,0
3800,00020,2230.060524,0,12586,1,3,10.000000,968.143730,2,1,0.000000,1
3800,00013,2230.060524,0,12586,2096,200,20960.000000,6573.539875,100,1048,1048.000000,100
3800,00002,2230.060524,0,12586,0,0,0.000000,0.000000,0,0,0.000000,0
3900,00008,2342.994078,0,17573,0,0,0.000000,0.000000,0,0,0.000000,0
3900,00015,2342.994078,0,17573,0,0,0.000000,0.000000,0,0,0.000000,0
3900,00011,2342.994078,0,17573,0,0,0.000000,0.000000,0,0,0.000000,0
3900,00018,2342.994078,0,17573,0,0,0.000000,0.000000,0,0,0.000000,0
3900,00017,2342.994078,0,17573,2096,200,20960.000000,10191.160694,95,996,1100.000000,105
3900,00006,2342.994078,0,17573,0,0,0.000000,0.000000,0,0,0.000000,0
3900,00012,2342.994078,0,17573,0,0,0.000000,0.000000,0,0,0.000000,0
3900,00021,2342.994078,0,17573,7084,676,70840.000000,5361.787550,597,6257,827.000000,79
3900,00019,2342.994078,0,17573,9,20,90.000000,38.599457,1,0,9.000000,19
3900,00004,2342.994078,0,17573,0,0,0.000000,0.000000,0,0,0.000000,0
3900,00009,2342.994078,0,17573,2096,200,20960.000000,7499.247535,99,1038,1058.000000,101
3900,00005,2342.994078,0,17573,2096,200,20960.000000,19372.227664,94,985,1111.000000,106
3900,00003,2342.994078,0,17573,0,0,0.000000,0.000000,0,0,0.000000,0
3900,00016,2342.994078,0,17573,0,0,0.000000,0.000000,0,0,0.000000,0
3900,00001,2342.994078,0,17573,2096,200,20960.000000,323.777706,79,828,1268.000000,121
3900,00010,2342.994078,0,17573,0,0,0.000000,0.000000,0,0,0.000000,0
3900,00007,2342.994078,0,17573,0,0,0.000000,0.000000,0,0,0.000000,0
3900,00014,2342.994078,0,17573,0,0,0.000000,0.000000,0,0,0.000000,0
3900,00020,2342.994078,0,17573,0,1,0.000000,29.549120,1,0,0.000000,0
3900,00013,2342.994078,0,17573,2096,200,20960.000000,6386.525920,104,1090,1006.000000,96
3900,00002,2342.994078,0,17573,0,0,0.000000,0.000000,0,0,0.000000,0
4000,00008,2554.326956,0,12872,1,3,10.000000,40.953730,3,1,0.000000,0
4000,00015,2554.326956,0,12872,0,0,0.000000,0.000000,0,0,0.000000,0
4000,00011,2554.326956,0,12872,0,1,0.000000,40.700790,1,0,0.000000,0
4000,00018,2554.326956,0,12872,0,0,0.000000,0.000000,0,0,0.000000,0
4000,00017,2554.326956,0,12872,2096,200,20960.000000,10917.692727,114,1195,901.000000,86
4000,00006,2554.326956,0,12872,0,0,0.000000,0.000000,0,0,0.000000,0
4000,00012,2554.326956,0,12872,0,0,0.000000,0.000000,0,0,0.000000,0
4000,00021,2554.326956,0,12872,2389,228,23890.000000,5611.785992,143,1499,890.000000,85
4000,00019,2554.326956,0,12872,2,4,20.000000,87.828788,2,1,1.000000,2
4000,00004,2554.326956,0,12872,0,1,0.000000,36.669620,1,0,0.000000,0
4000,00009,2554.326956,0,12872,2096,200,20960.000000,8880.898919,108,1132,964.000000,92
4000,00005,2554.326956,0,12872,2096,200,20960.000000,20339.078866,96,1006,1090.000000,104
4000,00003,2554.326956,0,12872,0,0,0.000000,0.000000,0,0,0.000000,0
4000,00016,2554.326956,0,12872,0,1,0.000000,30.707990,1,0,0.000000,0
4000,00001,2554.326956,0,12872,2096,200,20960.000000,1269.719866,103,1079,1017.000000,97
4000,00010,2554.326956,0,12872,0,0,0.000000,0.000000,0,0,0.000000,0
4000,00007,2554.326956,0,12872,0,0,0.000000,0.000000,0,0,0.000000,0
4000,00014,2554.326956,0,12872,0,0,0.000000,0.000000,0,0,0.000000,0
4000,00020,2554.326956,0,12872,0,0,0.000000,0.000000,0,0,0.000000,0
4000,00013,2554.326956,0,12872,2096,200,20960.000000,6384.828785,107,1121,975.000000,93
4000,00002,2554.326956,0,12872,0,0,0.000000,0.000000,0,0,0.000000,0
4100,00008,2612.898966,0,12589,1,3,10.000000,16.208480,1,0,1.000000,2
4100,00015,2612.898966,0,12589,0,0,0.000000,0.000000,0,0,0.000000,0
4100,00011,2612.898966,0,12589,0,0,0.000000,0.000000,0,0,0.000000,0
4100,00018,2612.898966,0,12589,0,0,0.000000,0.000000,0,0,0.000000,0
4100,00017,2612.898966,0,12589,2096,200,20960.000000,10476.354813,99,1038,1058.000000,101
4100,00006,2612.898966,0,12589,0,0,0.000000,0.000000,0,0,0.000000,0
4100,00012,2612.898966,0,12589,0,0,0.000000,0.000000,0,0,0.000000,0
4100,00021,2612.898966,0,12589,2096,200,20960.000000,5371.504026,92,964,1132.000000,108
4100,00019,2612.898966,0,12589,12,24,120.000000,30.082688,7,3,9.000000,17
4100,00004,2612.898966,0,12589,0,0,0.000000,0.000000,0,0,0.000000,0
4100,00009,2612.898966,0,12589,2096,200,20960.000000,8985.047197,114,1195,901.000000,86
4100,00005,2612.898966,0,12589,2096,200,20960.000000,22281.478772,93,975,1121.000000,107
4100,00003,2612.898966,0,12589,0,0,0.000000,0.000000,0,0,0.000000,0
4100,00016,2612.898966,0,12589,0,0,0.000000,0.000000,0,0,0.000000,0
4100,00001,2612.898966,0,12589,2096,200,20960.000000,1399.689968,95,996,1100.000000,105
4100,00010,2612.898966,0,12589,0,0,0.000000,0.000000,0,0,0.000000,0
4100,00007,2612.898966,0,12589,0,0,0.000000,0.000000,0,0,0.000000,0
4100,00014,2612.898966,0,12589,0,0,0.000000,0.000000,0,0,0.000000,0
4100,00020,2612.898966,0,12589,0,1,0.000000,30.700790,1,0,0.000000,0
4100,00013,2612.898966,0,12589,2096,200,20960.000000,6279.811545,105,1100,996.000000,95
4100,00002,2612.898966,0,12589,0,0,0.000000,0.000000,0,0,0.000000,0
4200,00008,2556.487220,0,109574,0,1,0.000000,30.702950,1,0,0.000000,0
4200,00015,2556.487220,0,109574,0,0,0.000000,0.000000,0,0,0.000000,0
4200,00011,2556.487220,0,109574,0,0,0.000000,0.000000,0,0,0.000000,0
4200,00018,2556.487220,0,109574,0,0,0.000000,0.000000,0,0,0.000000,0
4200,00017,2556.487220,0,109574,8656,826,86560.000000,12213.954841,731,7661,995.000000,95
4200,00006,2556.487220,0,109574,0,0,0.000000,0.000000,0,0,0.000000,0
4200,00012,2556.487220,0,109574,0,1,0.000000,30.702950,1,0,0.000000,0
4200,00021,2556.487220,0,109574,4328,413,43280.000000,5268.473203,350,3668,660.000000,63
4200,00019,2556.487220,0,109574,7,15,70.000000,339.377342,7,3,4.000000,8
4200,00004,2556.487220,0,109574,0,0,0.000000,0.000000,0,0,0.000000,0
4200,00009,2556.487220,0,109574,5156,492,51560.000000,10885.983268,487,5104,52.000000,5
4200,00005,2556.487220,0,109574,42737,4078,427370.000000,22827.219241,1,10,42727.000000,4077
4200,00003,2556.487220,0,109574,0,0,0.000000,0.000000,0,0,0.000000,0
4200,00016,2556.487220,0,109574,0,0,0.000000,0.000000,0,0,0.000000,0
4200,00001,2556.487220,0,109574,2096,200,20960.000000,183.000384,100,1048,1048.000000,100
4200,00010,2556.487220,0,109574,0,0,0.000000,0.000000,0,0,0.000000,0
4200,00007,2556.487220,0,109574,0,0,0.000000,0.000000,0,0,0.000000,0
4200,00014,2556.487220,0,109574,0,0,0.000000,0.000000,0,0,0.000000,0
4200,00020,2556.487220,0,109574,0,1,0.000000,30.702950,1,0,0.000000,0
4200,00013,2556.487220,0,109574,46594,4446,465940.000000,1876.114499,219,2295,44299.000000,4227
4200,00002,2556.487220,0,109574,0,0,0.000000,0.000000,0,0,0.000000,0
4300,00008,2164.230905,0,141240,2,4,20.000000,30.704390,2,1,1.000000,2
4300,00015,2164.230905,0,141240,0,0,0.000000,0.000000,0,0,0.000000,0
4300,00011,2164.230905,0,141240,0,0,0.000000,0.000000,0,0,0.000000,0
4300,00018,2164.230905,0,141240,0,0,0.000000,0.000000,0,0,0.000000,0
4300,00017,2164.230905,0,141240,50052,4776,500520.000000,7436.113771,651,6822,43230.000000,4125
4300,00006,2164.230905,0,141240,0,0,0.000000,0.000000,0,0,0.000000,0
4300,00012,2164.230905,0,141240,2,4,20.000000,143.064838,0,0,2.000000,4
4300,00021,2164.230905,0,141240,16758,1599,167580.000000,4331.045251,26,272,16486.000000,1573
4300,00019,2164.230905,0,141240,6,13,60.000000,20.066214,5,2,4.000000,8
4300,00004,2164.230905,0,141240,0,0,0.000000,0.000000,0,0,0.000000,0
4300,00009,2164.230905,0,141240,2096,200,20960.000000,11700.904040,200,2096,0.000000,0
4300,00005,2164.230905,0,141240,61161,5836,611610.000000,15772.414084,503,5271,55890.000000,5333
4300,00003,2164.230905,0,141240,0,0,0.000000,0.000000,0,0,0.000000,0
4300,00016,2164.230905,0,141240,1,3,10.000000,34.037963,3,1,0.000000,0
4300,00001,2164.230905,0,141240,2096,200,20960.000000,218.838880,101,1058,1038.000000,99
4300,00010,2164.230905,0,141240,0,0,0.000000,0.000000,0,0,0.000000,0
4300,00007,2164.230905,0,141240,0,0,0.000000,0.000000,0,0,0.000000,0
4300,00014,2164.230905,0,141240,0,0,0.000000,0.000000,0,0,0.000000,0
4300,00020,2164.230905,0,141240,1,2,10.000000,30.704390,2,1,0.000000,0
4300,00013,2164.230905,0,141240,9065,865,90650.000000,5730.955187,9,94,8971.000000,856
4300,00002,2164.230905,0,141240,0,0,0.000000,0.000000,0,0,0.000000,0
4400,00008,1564.856218,0,128940,2,5,20.000000,30.705567,5,2,0.000000,0
4400,00015,1564.856218,0,128940,0,0,0.000000,0.000000,0,0,0.000000,0
4400,00011,1564.856218,0,128940,0,0,0.000000,0.000000,0,0,0.000000,0
4400,00018,1564.856218,0,128940,0,1,0.000000,36.850350,1,0,0.000000,0
4400,00017,1564.856218,0,128940,2096,200,20960.000000,11651.496664,200,2096,0.000000,0
4400,00006,1564.856218,0,128940,0,0,0.000000,0.000000,0,0,0.000000,0
4400,00012,1564.856218,0,128940,4,9,40.000000,121.513969,0,0,4.000000,9
4400,00021,1564.856218,0,128940,28694,2738,286940.000000,142.271802,10,105,28589.000000,2728
4400,00019,1564.856218,0,128940,7,16,70.000000,136.857658,13,6,1.000000,3
4400,00004,1564.856218,0,128940,0,0,0.000000,0.000000,0,0,0.000000,0
4400,00009,1564.856218,0,128940,36418,3475,364180.000000,9658.837508,1253,13131,23287.000000,2222
4400,00005,1564.856218,0,128940,10490,1001,104900.000000,7469.601989,454,4758,5732.000000,547
4400,00003,1564.856218,0,128940,0,0,0.000000,0.000000,0,0,0.000000,0
4400,00016,1564.856218,0,128940,1,2,10.000000,30.702950,2,1,0.000000,0
4400,00001,1564.856218,0,128940,42392,4045,423920.000000,3411.237759,9,94,42298.000000,4036
4400,00010,1564.856218,0,128940,0,0,0.000000,0.000000,0,0,0.000000,0
4400,00007,1564.856218,0,128940,0,0,0.000000,0.000000,0,0,0.000000,0
4400,00014,1564.856218,0,128940,0,0,0.000000,0.000000,0,0,0.000000,0
4400,00020,1564.856218,0,128940,1,3,10.000000,30.703910,3,1,0.000000,0
4400,00013,1564.856218,0,128940,8835,843,88350.000000,141.200449,4,42,8793.000000,839
4400,00002,1564.856218,0,128940,0,0,0.000000,0.000000,0,0,0.000000,0
4500,00008,1660.176433,0,36885,1,3,10.000000,37.370577,3,1,0.000000,0
4500,00015,1660.176433,0,36885,0,0,0.000000,0.000000,0,0,0.000000,0
4500,00011,1660.176433,0,36885,0,0,0.000000,0.000000,0,0,0.000000,0
4500,00018,1660.176433,0,36885,0,0,0.000000,0.000000,0,0,0.000000,0
4500,00017,1660.176433,0,36885,2096,200,20960.000000,9327.677498,200,2096,0.000000,0
4500,00006,1660.176433,0,36885,0,0,0.000000,0.000000,0,0,0.000000,0
4500,00012,1660.176433,0,36885,0,0,0.000000,0.000000,0,0,0.000000,0
4500,00021,1660.176433,0,36885,4884,466,48840.000000,3302.143267,444,4653,231.000000,22
4500,00019,1660.176433,0,36885,4,10,40.000000,95.145577,10,4,0.000000,0
4500,00004,1660.176433,0,36885,0,0,0.000000,0.000000,0,0,0.000000,0
4500,00009,1660.176433,0,36885,21777,2078,217770.000000,3937.208222,788,8258,13519.000000,1290
4500,00005,1660.176433,0,36885,2096,200,20960.000000,15267.677856,200,2096,0.000000,0
4500,00003,1660.176433,0,36885,0,0,0.000000,0.000000,0,0,0.000000,0
4500,00016,1660.176433,0,36885,1,3,10.000000,30.702950,3,1,0.000000,0
4500,00001,1660.176433,0,36885,2096,200,20960.000000,2664.136802,106,1111,985.000000,94
4500,00010,1660.176433,0,36885,0,0,0.000000,0.000000,0,0,0.000000,0
4500,00007,1660.176433,0,36885,0,0,0.000000,0.000000,0,0,0.000000,0
4500,00014,1660.176433,0,36885,0,0,0.000000,0.000000,0,0,0.000000,0
4500,00020,1660.176433,0,36885,0,1,0.000000,30.702950,1,0,0.000000,0
4500,00013,1660.176433,0,36885,3930,375,39300.000000,170.939387,87,912,3018.000000,288
4500,00002,1660.176433,0,36885,0,0,0.000000,0.000000,0,0,0.000000,0
4600,00008,1590.034624,0,34274,4,9,40.000000,619.739383,5,2,2.000000,4
4600,00015,1590.034624,0,34274,0,0,0.000000,0.000000,0,0,0.000000,0
4600,00011,1590.034624,0,34274,0,0,0.000000,0.000000,0,0,0.000000,0
4600,00018,1590.034624,0,34274,0,0,0.000000,0.000000,0,0,0.000000,0
4600,00017,1590.034624,0,34274,2096,200,20960.000000,6810.917907,107,1121,975.000000,93
4600,00006,1590.034624,0,34274,0,0,0.000000,0.000000,0,0,0.000000,0
4600,00012,1590.034624,0,34274,0,0,0.000000,0.000000,0,0,0.000000,0
4600,00021,1590.034624,0,34274,2096,200,20960.000000,7531.038013,199,2086,10.000000,1
4600,00019,1590.034624,0,34274,6,14,60.000000,164.853508,11,4,2.000000,3
4600,00004,1590.034624,0,34274,0,0,0.000000,0.000000,0,0,0.000000,0
4600,00009,1590.034624,0,34274,2096,200,20960.000000,7796.756637,117,1226,870.000000,83
4600,00005,1590.034624,0,34274,15552,1484,155520.000000,3921.621176,263,2756,12796.000000,1221
4600,00003,1590.034624,0,34274,0,0,0.000000,0.000000,0,0,0.000000,0
4600,00016,1590.034624,0,34274,1,3,10.000000,24.310933,2,1,0.000000,1
4600,00001,1590.034624,0,34274,10312,984,103120.000000,5299.126082,234,2452,7860.000000,750
4600,00010,1590.034624,0,34274,14,33,140.000000,220.335972,8,3,11.000000,25
4600,00007,1590.034624,0,34274,0,0,0.000000,0.000000,0,0,0.000000,0
4600,00014,1590.034624,0,34274,0,0,0.000000,0.000000,0,0,0.000000,0
4600,00020,1590.034624,0,34274,1,2,10.000000,30.704390,0,0,1.000000,2
4600,00013,1590.034624,0,34274,2096,200,20960.000000,971.323113,115,1205,891.000000,85
4600,00002,1590.034624,0,34274,0,0,0.000000,0.000000,0,0,0.000000,0
4700,00008,992.958674,0,37581,1,3,10.000000,25.490060,2,1,0.000000,1
4700,00015,992.958674,0,37581,0,0,0.000000,0.000000,0,0,0.000000,0
4700,00011,992.958674,0,37581,0,0,0.000000,0.000000,0,0,0.000000,0
4700,00018,992.958674,0,37581,1,3,10.000000,30.705470,3,1,0.000000,0
4700,00017,992.958674,0,37581,3689,352,36890.000000,6164.866052,283,2966,723.000000,69
4700,00006,992.958674,0,37581,0,0,0.000000,0.000000,0,0,0.000000,0
4700,00012,992.958674,0,37581,0,0,0.000000,0.000000,0,0,0.000000,0
4700,00021,992.958674,0,37581,16705,1594,167050.000000,662.934140,33,346,16359.000000,1561
4700,00019,992.958674,0,37581,7,15,70.000000,68.028061,15,7,0.000000,0
4700,00004,992.958674,0,37581,0,0,0.000000,0.000000,0,0,0.000000,0
4700,00009,992.958674,0,37581,2096,200,20960.000000,7424.093093,102,1069,1027.000000,98
4700,00005,992.958674,0,37581,10868,1037,108680.000000,1157.159040,19,199,10669.000000,1018
4700,00003,992.958674,0,37581,0,0,0.000000,0.000000,0,0,0.000000,0
4700,00016,992.958674,0,37581,1,2,10.000000,23.082945,1,0,1.000000,1
4700,00001,992.958674,0,37581,2096,200,20960.000000,4097.904087,200,2096,0.000000,0
4700,00010,992.958674,0,37581,17,40,170.000000,53.260803,2,1,16.000000,38
4700,00007,992.958674,0,37581,0,0,0.000000,0.000000,0,0,0.000000,0
4700,00014,992.958674,0,37581,0,0,0.000000,0.000000,0,0,0.000000,0
4700,00020,992.958674,0,37581,4,9,40.000000,122.387640,0,0,4.000000,9
4700,00013,992.958674,0,37581,2096,200,20960.000000,1022.220758,108,1132,964.000000,92
4700,00002,992.958674,0,37581,0,0,0.000000,0.000000,0,0,0.000000,0
4800,00008,924.470038,0,12602,1,2,10.000000,30.702950,0,0,1.000000,2
4800,00015,924.470038,0,12602,0,0,0.000000,0.000000,0,0,0.000000,0
4800,00011,924.470038,0,12602,0,0,0.000000,0.000000,0,0,0.000000,0
4800,00018,924.470038,0,12602,2,5,20.000000,13.465688,0,0,2.000000,5
4800,00017,924.470038,0,12602,2096,200,20960.000000,4881.666247,100,1048,1048.000000,100
4800,00006,924.470038,0,12602,0,0,0.000000,0.000000,0,0,0.000000,0
4800,00012,924.470038,0,12602,0,0,0.000000,0.000000,0,0,0.000000,0
4800,00021,924.470038,0,12602,2096,200,20960.000000,843.892961,105,1100,996.000000,95
4800,00019,924.470038,0,12602,7,15,70.000000,33.021578,10,5,2.000000,5
4800,00004,924.470038,0,12602,0,0,0.000000,0.000000,0,0,0.000000,0
4800,00009,924.470038,0,12602,2096,200,20960.000000,10119.225949,92,964,1132.000000,108
4800,00005,924.470038,0,12602,2096,200,20960.000000,914.454802,100,1048,1048.000000,100
4800,00003,924.470038,0,12602,0,0,0.000000,0.000000,0,0,0.000000,0
4800,00016,924.470038,0,12602,1,3,10.000000,30.707990,3,1,0.000000,0
4800,00001,924.470038,0,12602,2096,200,20960.000000,1406.601524,117,1226,870.000000,83
4800,00010,924.470038,0,12602,13,30,130.000000,138.702003,12,5,8.000000,18
4800,00007,924.470038,0,12602,0,0,0.000000,0.000000,0,0,0.000000,0
4800,00014,924.470038,0,12602,0,0,0.000000,0.000000,0,0,0.000000,0
4800,00020,924.470038,0,12602,2,5,20.000000,24.482210,3,1,1.000000,2
4800,00013,924.470038,0,12602,2096,200,20960.000000,976.946895,113,1184,912.000000,87
4800,00002,924.470038,0,12602,0,0,0.000000,0.000000,0,0,0.000000,0
4900,00008,672.969117,0,12601,1,4,10.000000,291.562570,0,0,1.000000,4
4900,00015,672.969117,0,12601,0,0,0.000000,0.000000,0,0,0.000000,0
4900,00011,672.969117,0,12601,0,0,0.000000,0.000000,0,0,0.000000,0
4900,00018,672.969117,0,12601,8,18,80.000000,23.639646,8,3,5.000000,10
4900,00017,672.969117,0,12601,2096,200,20960.000000,3263.153876,106,1111,985.000000,94
4900,00006,672.969117,0,12601,0,0,0.000000,0.000000,0,0,0.000000,0
4900,00012,672.969117,0,12601,0,0,0.000000,0.000000,0,0,0.000000,0
4900,00021,672.969117,0,12601,2096,200,20960.000000,875.848595,102,1069,1027.000000,98
4900,00019,672.969117,0,12601,5,11,50.000000,81.986172,4,2,3.000000,7
4900,00004,672.969117,0,12601,0,0,0.000000,0.000000,0,0,0.000000,0
4900,00009,672.969117,0,12601,2096,200,20960.000000,5233.684694,98,1027,1069.000000,102
4900,00005,672.969117,0,12601,2096,200,20960.000000,811.453539,104,1090,1006.000000,96
4900,00003,672.969117,0,12601,0,0,0.000000,0.000000,0,0,0.000000,0
4900,00016,672.969117,0,12601,0,1,0.000000,30.707990,1,0,0.000000,0
4900,00001,672.969117,0,12601,2096,200,20960.000000,2048.604329,107,1121,975.000000,93
4900,00010,672.969117,0,12601,5,11,50.000000,143.182623,6,3,2.000000,5
4900,00007,672.969117,0,12601,0,0,0.000000,0.000000,0,0,0.000000,0
4900,00014,672.969117,0,12601,0,0,0.000000,0.000000,0,0,0.000000,0
4900,00020,672.969117,0,12601,1,3,10.000000,25.195533,1,0,1.000000,2
4900,00013,672.969117,0,12601,2096,200,20960.000000,1271.796723,105,1100,996.000000,95
4900,00002,672.969117,0,12601,5,12,50.000000,31.535160,12,5,0.000000,0
