% start	end	CellId	IMSI	RNTI	LCID	nTxPDUs	TxBytes	nRxPDUs	RxBytes	delay	stdDev	min	max	PduSize	stdDev	min	max
0.1	0.2	1	1	15	3	17	132223	16	122801	0.00271853	0.000640821	0.00083214	0.003	7675.06	3755.8	105	9422	
0.1	0.2	4	2	1	3	4	68	4	68	0.000350893	0.000701785	0	0.00140357	17	30	2	62	
0.1	0.2	7	3	1	3	1	2	1	2	0	0	0	0	2	0	2	2	
0.1	0.2	2	4	2	3	1	2	1	2	0	0	0	0	2	0	2	2	
0.1	0.2	1	5	12	3	94	123341	105	116718	0.00116707	0.000767715	0	0.003	1111.6	2853.09	13	9422	
0.1	0.2	2	6	3	3	1	2	1	2	0	0	0	0	2	0	2	2	
0.1	0.2	2	7	4	3	1	2	1	2	0	0	0	0	2	0	2	2	
0.1	0.2	4	8	2	3	4	68	4	68	0.000163393	0.000326785	0	0.00065357	17	30	2	62	
0.1	0.2	1	9	11	3	108	115662	113	115983	0.00117879	0.000751427	0.000689284	0.003	1026.4	2641.29	18	9422	
0.1	0.2	2	10	5	3	1	2	1	2	0	0	0	0	2	0	2	2	
0.1	0.2	6	11	2	3	4	68	4	68	0.00075	0.0015	0	0.003	17	30	2	62	
0.1	0.2	6	12	3	3	4	68	5	70	0.0006	0.00134164	0	0.003	14	26.8328	2	62	
0.1	0.2	6	13	9	3	199	126461	208	126974	0.001038	0.000606084	0	0.003	610.452	1939.26	13	9422	
0.1	0.2	7	14	2	3	1	2	2	4	0	0	0	0	2	0	2	2	
0.1	0.2	7	15	3	3	1	2	1	2	0	0	0	0	2	0	2	2	
0.1	0.2	6	16	8	3	7	80	7	80	0.000447448	0.000418596	0	0.000796426	11.4286	10.1136	2	22	
0.1	0.2	3	17	1	3	267	179988	295	186074	0.00101106	0.00059531	0	0.003	630.759	1444.52	13	9422	
0.1	0.2	3	18	3	3	5	72	5	72	0.0006	0.00134164	0	0.003	14.4	26.6233	2	62	
0.1	0.2	3	19	9	3	3	66	3	66	0.001	0.00173205	0	0.003	22	34.641	2	62	
0.1	0.2	3	20	2	3	4	68	4	68	0.00075	0.0015	0	0.003	17	30	2	62	
0.1	0.2	1	21	5	3	201	123669	216	125024	0.00104686	0.000623746	0	0.003	578.815	1913.82	9	9422	
0.2	0.3	4	1	3	3	21	169911	26	161119	0.00251882	0.00071907	0.00083214	0.003	6196.88	4520.28	105	9422	
0.2	0.3	4	2	1	3	4	68	4	68	0.000350893	0.000701785	0	0.00140357	17	30	2	62	
0.2	0.3	7	3	1	3	1	2	1	2	0	0	0	0	2	0	2	2	
0.2	0.3	2	4	2	3	1	2	1	2	0	0	0	0	2	0	2	2	
0.2	0.3	3	5	10	3	308	376155	334	383429	0.00110282	0.000681218	0	0.003	1147.99	2345.57	13	9422	
0.2	0.3	2	6	3	3	1	2	1	2	0	0	0	0	2	0	2	2	
0.2	0.3	2	7	4	3	1	2	1	2	0	0	0	0	2	0	2	2	
0.2	0.3	4	8	2	3	4	68	4	68	0.000163393	0.000326785	0	0.00065357	17	30	2	62	
0.2	0.3	6	9	13	3	114	144243	215	163723	0.00114035	0.000652355	0.000689284	0.003	761.502	2211.38	18	9422	
0.2	0.3	2	10	5	3	1	2	1	2	0	0	0	0	2	0	2	2	
0.2	0.3	6	11	2	3	4	68	4	68	0.00075	0.0015	0	0.003	17	30	2	62	
0.2	0.3	6	12	3	3	4	68	5	70	0.0006	0.00134164	0	0.003	14	26.8328	2	62	
0.2	0.3	1	13	20	3	257	262531	271	263598	0.00116821	0.000755064	0	0.003	972.686	2508.97	13	9422	
0.2	0.3	7	14	2	3	1	2	2	4	0	0	0	0	2	0	2	2	
0.2	0.3	7	15	3	3	1	2	1	2	0	0	0	0	2	0	2	2	
0.2	0.3	6	16	8	3	7	80	7	80	0.000447448	0.000418596	0	0.000796426	11.4286	10.1136	2	22	
0.2	0.3	1	17	1	3	596	467772	665	484460	0.000974719	0.000586302	0	0.003	728.511	1678.87	13	9422	
0.2	0.3	3	18	3	3	5	72	8	78	0.000375	0.00106066	0	0.003	9.75	21.1238	2	62	
0.2	0.3	3	19	9	3	3	66	3	66	0.001	0.00173205	0	0.003	22	34.641	2	62	
0.2	0.3	3	20	2	3	4	68	4	68	0.00075	0.0015	0	0.003	17	30	2	62	
0.2	0.3	1	21	8	3	414	278671	458	274788	0.00100461	0.000631878	0	0.003	599.974	1966.3	9	9422	
0.3	0.4	4	1	17	3	135	180277	150	172140	0.00121355	0.000769347	0	0.003	1147.6	2968.46	13	9422	
0.3	0.4	4	2	1	3	4	68	4	68	0.000350893	0.000701785	0	0.00140357	17	30	2	62	
0.3	0.4	7	3	1	3	1	2	1	2	0	0	0	0	2	0	2	2	
0.3	0.4	2	4	2	3	1	2	1	2	0	0	0	0	2	0	2	2	
0.3	0.4	4	5	12	3	628	770517	676	780335	0.00104149	0.000618385	0	0.003	1154.34	2019.66	13	9422	
0.3	0.4	2	6	3	3	1	2	1	2	0	0	0	0	2	0	2	2	
0.3	0.4	2	7	4	3	1	2	1	2	0	0	0	0	2	0	2	2	
0.3	0.4	4	8	2	3	4	68	4	68	0.000163393	0.000326785	0	0.00065357	17	30	2	62	
0.3	0.4	5	9	3	3	330	448968	456	484402	0.00105163	0.000571539	0	0.003	1062.29	1598.63	18	9422	
0.3	0.4	2	10	5	3	1	2	1	2	0	0	0	0	2	0	2	2	
0.3	0.4	6	11	2	3	4	68	4	68	0.00075	0.0015	0	0.003	17	30	2	62	
0.3	0.4	6	12	3	3	4	68	5	70	0.0006	0.00134164	0	0.003	14	26.8328	2	62	
0.3	0.4	1	13	20	3	291	403573	305	404640	0.00125335	0.000822713	0	0.003	1326.69	2994	13	9422	
0.3	0.4	7	14	2	3	1	2	2	4	0	0	0	0	2	0	2	2	
0.3	0.4	7	15	3	3	1	2	1	2	0	0	0	0	2	0	2	2	
0.3	0.4	6	16	8	3	7	80	7	80	0.000447448	0.000418596	0	0.000796426	11.4286	10.1136	2	22	
0.3	0.4	1	17	5	3	635	621062	702	637179	0.00101943	0.000645161	0	0.003	907.662	2063.79	13	9422	
0.3	0.4	4	18	20	3	14	608	15	552	0.00105381	0.00126085	0	0.003	36.8	41.3041	2	105	
0.3	0.4	3	19	9	3	3	66	3	66	0.001	0.00173205	0	0.003	22	34.641	2	62	
0.3	0.4	3	20	2	3	4	68	4	68	0.00075	0.0015	0	0.003	17	30	2	62	
0.3	0.4	1	21	8	3	453	392235	497	389427	0.0010608	0.000701667	0	0.003	783.555	2259.35	9	9422	
0.4	0.5	4	1	17	3	441	211050	486	205473	0.000949043	0.000525476	0	0.003	422.784	1715.82	9	9422	
0.4	0.5	4	2	1	3	19	548	19	548	0.000986277	0.00129769	0	0.003	28.8421	28.8699	2	62	
0.4	0.5	7	3	1	3	1	2	1	2	0	0	0	0	2	0	2	2	
0.4	0.5	2	4	2	3	1	2	1	2	0	0	0	0	2	0	2	2	
0.4	0.5	1	5	12	3	887	986699	1053	1018565	0.000938321	0.000648902	0	0.003	967.298	1943.37	13	9422	
0.4	0.5	2	6	3	3	1	2	1	2	0	0	0	0	2	0	2	2	
0.4	0.5	2	7	4	3	1	2	1	2	0	0	0	0	2	0	2	2	
0.4	0.5	4	8	2	3	4	68	4	68	0.000163393	0.000326785	0	0.00065357	17	30	2	62	
0.4	0.5	5	9	3	3	484	567813	650	627516	0.00101587	0.000565483	0	0.003	965.409	1365.19	18	9422	
0.4	0.5	2	10	5	3	1	2	1	2	0	0	0	0	2	0	2	2	
0.4	0.5	6	11	2	3	4	68	4	68	0.00075	0.0015	0	0.003	17	30	2	62	
0.4	0.5	6	12	3	3	4	68	5	70	0.0006	0.00134164	0	0.003	14	26.8328	2	62	
0.4	0.5	1	13	20	3	433	534546	456	526498	0.0012012	0.000789407	0	0.003	1154.6	2844.27	9	9422	
0.4	0.5	7	14	2	3	1	2	2	4	0	0	0	0	2	0	2	2	
0.4	0.5	7	15	3	3	1	2	1	2	0	0	0	0	2	0	2	2	
0.4	0.5	6	16	8	3	7	80	7	80	0.000447448	0.000418596	0	0.000796426	11.4286	10.1136	2	22	
0.4	0.5	5	17	5	3	784	779319	856	794482	0.00102737	0.000649105	0	0.003	928.133	2183.64	13	9422	
0.4	0.5	7	18	18	3	19	902	23	966	0.00113463	0.00108649	0	0.003	42	39.6301	2	105	
0.4	0.5	3	19	9	3	3	66	3	66	0.001	0.00173205	0	0.003	22	34.641	2	62	
0.4	0.5	3	20	2	3	4	68	4	68	0.00075	0.0015	0	0.003	17	30	2	62	
0.4	0.5	1	21	8	3	478	496183	524	499474	0.00112102	0.000759202	0	0.003	953.195	2473.88	9	9422	
0.5	0.6	2	1	7	3	442	211081	486	205473	0.000949043	0.000525476	0	0.003	422.784	1715.82	9	9422	
0.5	0.6	2	2	10	3	56	2204	55	2256	0.00127234	0.00126448	0	0.003	41.0182	40.016	2	215	
0.5	0.6	7	3	1	3	1	2	1	2	0	0	0	0	2	0	2	2	
0.5	0.6	2	4	2	3	1	2	1	2	0	0	0	0	2	0	2	2	
0.5	0.6	3	5	15	3	1166	1330795	1374	1391105	0.00095292	0.000628951	0	0.003	1012.45	1888.82	13	9422	
0.5	0.6	2	6	3	3	1	2	1	2	0	0	0	0	2	0	2	2	
0.5	0.6	2	7	4	3	1	2	1	2	0	0	0	0	2	0	2	2	
0.5	0.6	4	8	2	3	4	68	4	68	0.000163393	0.000326785	0	0.00065357	17	30	2	62	
0.5	0.6	6	9	17	3	660	618130	823	678299	0.000997554	0.000519503	0	0.003	824.179	1248.82	18	9422	
0.5	0.6	2	10	5	3	1	2	1	2	0	0	0	0	2	0	2	2	
0.5	0.6	6	11	2	3	4	68	4	68	0.00075	0.0015	0	0.003	17	30	2	62	
0.5	0.6	6	12	3	3	4	68	5	70	0.0006	0.00134164	0	0.003	14	26.8328	2	62	
0.5	0.6	1	13	17	3	797	967508	819	966961	0.00103736	0.00068201	0	0.003	1180.66	2395.13	9	9422	
0.5	0.6	7	14	2	3	1	2	2	4	0	0	0	0	2	0	2	2	
0.5	0.6	7	15	3	3	1	2	1	2	0	0	0	0	2	0	2	2	
0.5	0.6	6	16	8	3	7	80	7	80	0.000447448	0.000418596	0	0.000796426	11.4286	10.1136	2	22	
0.5	0.6	3	17	16	3	1057	1028656	1160	1023370	0.00102917	0.00062902	0	0.003	882.216	2105.13	13	9422	
0.5	0.6	3	18	18	3	26	1354	32	1653	0.00102265	0.000966103	0	0.003	51.6562	42.3675	2	122	
0.5	0.6	3	19	9	3	3	66	3	66	0.001	0.00173205	0	0.003	22	34.641	2	62	
0.5	0.6	3	20	2	3	4	68	4	68	0.00075	0.0015	0	0.003	17	30	2	62	
0.5	0.6	1	21	18	3	775	635948	845	640568	0.00104014	0.000686097	0	0.003	758.069	2239.96	9	9422	
0.6	0.7	2	1	7	3	442	211081	526	207062	0.000944098	0.000518416	0	0.003	393.654	1652.29	8	9422	
0.6	0.7	2	2	10	3	81	3281	84	3481	0.00124962	0.00121777	0	0.003	41.4405	36.6564	2	215	
0.6	0.7	7	3	1	3	1	2	1	2	0	0	0	0	2	0	2	2	
0.6	0.7	2	4	2	3	1	2	1	2	0	0	0	0	2	0	2	2	
0.6	0.7	1	5	15	3	1467	1697641	1720	1789313	0.000949151	0.000612095	0	0.003	1040.3	1857.6	13	9422	
0.6	0.7	2	6	3	3	1	2	1	2	0	0	0	0	2	0	2	2	
0.6	0.7	2	7	4	3	1	2	1	2	0	0	0	0	2	0	2	2	
0.6	0.7	4	8	2	3	4	68	4	68	0.000163393	0.000326785	0	0.00065357	17	30	2	62	
0.6	0.7	6	9	17	3	982	699193	1172	761206	0.000951661	0.000472486	0	0.003	649.493	1081.83	9	9422	
0.6	0.7	2	10	5	3	1	2	1	2	0	0	0	0	2	0	2	2	
0.6	0.7	6	11	2	3	4	68	4	68	0.00075	0.0015	0	0.003	17	30	2	62	
0.6	0.7	6	12	3	3	4	68	5	70	0.0006	0.00134164	0	0.003	14	26.8328	2	62	
0.6	0.7	2	13	17	3	1120	1547256	1142	1537926	0.000983858	0.000633229	0	0.003	1346.7	2251.95	9	9422	
0.6	0.7	7	14	2	3	1	2	2	4	0	0	0	0	2	0	2	2	
0.6	0.7	7	15	3	3	1	2	1	2	0	0	0	0	2	0	2	2	
0.6	0.7	6	16	8	3	7	80	7	80	0.000447448	0.000418596	0	0.000796426	11.4286	10.1136	2	22	
0.6	0.7	3	17	16	3	1358	1387243	1507	1408266	0.00102452	0.000609294	0	0.003	934.483	2040.81	13	9422	
0.6	0.7	3	18	18	3	35	1660	43	2021	0.000948088	0.000868226	0	0.003	47	37.5893	2	122	
0.6	0.7	3	19	9	3	3	66	3	66	0.001	0.00173205	0	0.003	22	34.641	2	62	
0.6	0.7	3	20	2	3	4	68	4	68	0.00075	0.0015	0	0.003	17	30	2	62	
0.6	0.7	1	21	8	3	819	778732	895	783575	0.0010627	0.000721461	0	0.003	875.503	2449.94	9	9422	
0.7	0.8	2	1	7	3	442	211081	536	207392	0.000951104	0.00051964	0	0.003	386.925	1637.5	8	9422	
0.7	0.8	2	2	10	3	115	4991	118	5191	0.00136102	0.00122813	0	0.003	43.9915	36.9505	2	215	
0.7	0.8	7	3	1	3	1	2	1	2	0	0	0	0	2	0	2	2	
0.7	0.8	2	4	2	3	1	2	1	2	0	0	0	0	2	0	2	2	
0.7	0.8	4	5	25	3	1729	1905269	1983	1998243	0.000962553	0.000613199	0	0.00383214	1007.69	1871.34	13	9422	
0.7	0.8	2	6	3	3	1	2	1	2	0	0	0	0	2	0	2	2	
0.7	0.8	2	7	4	3	1	2	1	2	0	0	0	0	2	0	2	2	
0.7	0.8	4	8	2	3	4	68	4	68	0.000163393	0.000326785	0	0.00065357	17	30	2	62	
0.7	0.8	5	9	7	3	1268	1146706	1485	1230953	0.000945394	0.000460195	0	0.003	828.925	1076.74	9	9422	
0.7	0.8	2	10	5	3	1	2	1	2	0	0	0	0	2	0	2	2	
0.7	0.8	6	11	2	3	4	68	4	68	0.00075	0.0015	0	0.003	17	30	2	62	
0.7	0.8	6	12	3	3	4	68	5	70	0.0006	0.00134164	0	0.003	14	26.8328	2	62	
0.7	0.8	2	13	17	3	1343	1813432	1364	1804066	0.000964522	0.000620077	0	0.003	1322.63	2229.27	9	9422	
0.7	0.8	7	14	2	3	1	2	2	4	0	0	0	0	2	0	2	2	
0.7	0.8	7	15	3	3	1	2	1	2	0	0	0	0	2	0	2	2	
0.7	0.8	6	16	8	3	7	80	7	80	0.000447448	0.000418596	0	0.000796426	11.4286	10.1136	2	22	
0.7	0.8	2	17	22	3	1608	1564623	1784	1592507	0.00101168	0.000605283	0	0.003	892.661	2030.36	13	9422	
0.7	0.8	2	18	23	3	50	1994	67	2524	0.000828623	0.00079093	0	0.003	37.6716	33.2358	2	122	
0.7	0.8	3	19	9	3	3	66	3	66	0.001	0.00173205	0	0.003	22	34.641	2	62	
0.7	0.8	3	20	2	3	4	68	4	68	0.00075	0.0015	0	0.003	17	30	2	62	
0.7	0.8	1	21	8	3	942	913067	1034	919247	0.00106894	0.000719471	0	0.003	889.02	2487.23	9	9422	
0.8	0.9	2	1	7	3	442	211081	599	210095	0.000952275	0.000506123	0	0.003	350.743	1552.46	8	9422	
0.8	0.9	2	2	10	3	140	5941	149	6433	0.00127521	0.00121454	0	0.003	43.1745	34.9306	2	215	
0.8	0.9	7	3	1	3	1	2	1	2	0	0	0	0	2	0	2	2	
0.8	0.9	2	4	2	3	1	2	1	2	0	0	0	0	2	0	2	2	
0.8	0.9	4	5	25	3	1816	2047820	2070	2141100	0.000978618	0.000627716	0	0.00383214	1034.35	1964.45	13	9422	
0.8	0.9	2	6	3	3	1	2	1	2	0	0	0	0	2	0	2	2	
0.8	0.9	2	7	4	3	1	2	1	2	0	0	0	0	2	0	2	2	
0.8	0.9	4	8	2	3	4	68	4	68	0.000163393	0.000326785	0	0.00065357	17	30	2	62	
0.8	0.9	5	9	7	3	1379	1263770	1633	1383707	0.000944753	0.000470915	0	0.003	847.34	1039.41	9	9422	
0.8	0.9	2	10	5	3	1	2	1	2	0	0	0	0	2	0	2	2	
0.8	0.9	6	11	2	3	4	68	4	68	0.00075	0.0015	0	0.003	17	30	2	62	
0.8	0.9	6	12	3	3	4	68	5	70	0.0006	0.00134164	0	0.003	14	26.8328	2	62	
0.8	0.9	2	13	17	3	1564	2080464	1587	2081373	0.00095275	0.000614272	0	0.003	1311.51	2226.5	9	9422	
0.8	0.9	7	14	2	3	1	2	2	4	0	0	0	0	2	0	2	2	
0.8	0.9	7	15	3	3	1	2	1	2	0	0	0	0	2	0	2	2	
0.8	0.9	6	16	8	3	7	80	7	80	0.000447448	0.000418596	0	0.000796426	11.4286	10.1136	2	22	
0.8	0.9	1	17	22	3	1853	1755407	2075	1786612	0.000998633	0.000607678	0	0.003	861.018	2034.23	9	9422	
0.8	0.9	2	18	23	3	55	2176	73	2728	0.000825096	0.000769849	0	0.003	37.3699	32.2118	2	122	
0.8	0.9	3	19	9	3	3	66	3	66	0.001	0.00173205	0	0.003	22	34.641	2	62	
0.8	0.9	3	20	2	3	4	68	4	68	0.00075	0.0015	0	0.003	17	30	2	62	
0.8	0.9	5	21	8	3	1051	1081436	1152	1079050	0.0010803	0.000730859	0	0.003	936.675	2544.12	9	9422	
0.9	1	2	1	7	3	442	211081	688	224491	0.000940005	0.000487226	0	0.003	326.295	1450.19	8	9422	
0.9	1	2	2	10	3	158	6669	186	7847	0.00116793	0.00119665	0	0.003	42.1882	32.4263	2	215	
0.9	1	7	3	1	3	1	2	1	2	0	0	0	0	2	0	2	2	
0.9	1	2	4	2	3	1	2	1	2	0	0	0	0	2	0	2	2	
0.9	1	2	5	12	3	1883	2186406	2134	2279417	0.000992028	0.000641741	0	0.00383214	1068.14	2055.07	13	9422	
0.9	1	2	6	3	3	1	2	1	2	0	0	0	0	2	0	2	2	
0.9	1	2	7	4	3	1	2	1	2	0	0	0	0	2	0	2	2	
0.9	1	4	8	2	3	4	68	4	68	0.000163393	0.000326785	0	0.00065357	17	30	2	62	
0.9	1	5	9	7	3	1521	1408501	1810	1556415	0.000946793	0.000473777	0	0.003	859.898	999.855	9	9422	
0.9	1	2	10	5	3	1	2	1	2	0	0	0	0	2	0	2	2	
0.9	1	6	11	2	3	4	68	4	68	0.00075	0.0015	0	0.003	17	30	2	62	
0.9	1	6	12	3	3	4	68	5	70	0.0006	0.00134164	0	0.003	14	26.8328	2	62	
0.9	1	2	13	17	3	1772	2337260	1794	2337573	0.000945748	0.000609697	0	0.003	1302.99	2220.45	9	9422	
0.9	1	7	14	2	3	1	2	2	4	0	0	0	0	2	0	2	2	
0.9	1	7	15	3	3	1	2	1	2	0	0	0	0	2	0	2	2	
0.9	1	6	16	8	3	7	80	7	80	0.000447448	0.000418596	0	0.000796426	11.4286	10.1136	2	22	
0.9	1	2	17	22	3	2063	1913847	2363	1951456	0.000971242	0.000618181	0	0.003	825.838	2032.58	9	9422	
0.9	1	2	18	23	3	64	2430	80	2947	0.000811739	0.000740964	0	0.003	36.8375	31.6258	2	122	
0.9	1	2	19	24	3	3	66	12	252	0.000444642	0.000876485	0	0.003	21	28.0843	2	62	
0.9	1	3	20	2	3	4	68	4	68	0.00075	0.0015	0	0.003	17	30	2	62	
0.9	1	1	21	8	3	1156	1242688	1268	1240427	0.00109293	0.000743811	0	0.00383214	978.255	2590.62	9	9422	
1	1.1	2	1	7	3	442	211081	1012	247787	0.00087064	0.000486425	0	0.003	244.849	1201.7	8	9422	
1	1.1	2	2	10	3	158	6669	190	7940	0.00114334	0.00119579	0	0.003	41.7895	32.202	2	215	
1	1.1	7	3	1	3	1	2	1	2	0	0	0	0	2	0	2	2	
1	1.1	2	4	2	3	1	2	1	2	0	0	0	0	2	0	2	2	
1	1.1	2	5	27	3	1996	2344012	2245	2436797	0.0010013	0.000651537	0	0.00383214	1085.43	2134.01	9	9422	
1	1.1	2	6	3	3	1	2	1	2	0	0	0	0	2	0	2	2	
1	1.1	2	7	4	3	1	2	1	2	0	0	0	0	2	0	2	2	
1	1.1	4	8	2	3	4	68	4	68	0.000163393	0.000326785	0	0.00065357	17	30	2	62	
1	1.1	5	9	7	3	1766	1541007	2076	1700704	0.000952217	0.000471183	0	0.003	819.222	944.332	9	9422	
1	1.1	2	10	5	3	1	2	1	2	0	0	0	0	2	0	2	2	
1	1.1	6	11	2	3	4	68	4	68	0.00075	0.0015	0	0.003	17	30	2	62	
1	1.1	6	12	3	3	4	68	5	70	0.0006	0.00134164	0	0.003	14	26.8328	2	62	
1	1.1	2	13	17	3	2045	2599892	2070	2593173	0.000939485	0.000599128	0	0.003	1252.74	2189.38	9	9422	
1	1.1	7	14	2	3	1	2	2	4	0	0	0	0	2	0	2	2	
1	1.1	7	15	3	3	1	2	1	2	0	0	0	0	2	0	2	2	
1	1.1	6	16	8	3	7	80	7	80	0.000447448	0.000418596	0	0.000796426	11.4286	10.1136	2	22	
1	1.1	2	17	22	3	2405	2101171	2742	2132313	0.000963032	0.000611269	0	0.003	777.649	2007.75	9	9422	
1	1.1	2	18	23	3	71	2677	92	3277	0.000790293	0.000700723	0	0.003	35.6196	30.5912	2	122	
1	1.1	7	19	29	3	4	68	18	327	0.000466269	0.000826248	0	0.003	18.1667	24.6129	2	62	
1	1.1	3	20	2	3	4	68	4	68	0.00075	0.0015	0	0.003	17	30	2	62	
1	1.1	2	21	29	3	1519	1510133	1643	1521936	0.00106992	0.000700164	0	0.00383214	926.315	2440.62	9	9422	
1.1	1.2	5	1	16	3	443	211131	1012	247787	0.00087064	0.000486425	0	0.003	244.849	1201.7	8	9422	
1.1	1.2	4	2	40	3	162	6858	193	8116	0.00115973	0.00119571	0	0.003	42.0518	32.4474	2	215	
1.1	1.2	7	3	1	3	1	2	1	2	0	0	0	0	2	0	2	2	
1.1	1.2	2	4	2	3	1	2	1	2	0	0	0	0	2	0	2	2	
1.1	1.2	4	5	28	3	2351	2480454	2625	2575420	0.000985946	0.000629497	0	0.00383214	981.112	2076.91	8	9422	
1.1	1.2	2	6	3	3	1	2	1	2	0	0	0	0	2	0	2	2	
1.1	1.2	2	7	4	3	1	2	1	2	0	0	0	0	2	0	2	2	
1.1	1.2	4	8	2	3	4	68	4	68	0.000163393	0.000326785	0	0.00065357	17	30	2	62	
1.1	1.2	5	9	7	3	1958	1659351	2289	1825890	0.000952619	0.000468497	0	0.003	797.68	906.39	9	9422	
1.1	1.2	2	10	5	3	1	2	1	2	0	0	0	0	2	0	2	2	
1.1	1.2	1	11	3	3	11	362	11	362	0.00109091	0.00151357	0	0.003	32.9091	46.1681	2	114	
1.1	1.2	6	12	3	3	4	68	5	70	0.0006	0.00134164	0	0.003	14	26.8328	2	62	
1.1	1.2	4	13	34	3	2206	2726772	2242	2730024	0.000945272	0.000601326	0	0.003	1217.67	2203.8	9	9422	
1.1	1.2	7	14	2	3	1	2	2	4	0	0	0	0	2	0	2	2	
1.1	1.2	7	15	3	3	1	2	1	2	0	0	0	0	2	0	2	2	
1.1	1.2	5	16	9	3	12	202	13	260	0.000353845	0.000399513	0	0.000814283	20	23.1517	2	58	
1.1	1.2	1	17	5	3	2697	2244089	3068	2287621	0.000959419	0.000599692	0	0.003	745.639	1984.24	9	9422	
1.1	1.2	5	18	21	3	71	2677	93	3290	0.000799576	0.000702631	0	0.003	35.3763	30.5148	2	122	
1.1	1.2	4	19	29	3	33	1018	50	1425	0.000611856	0.000676767	0	0.003	28.5	27.4176	2	66	
1.1	1.2	3	20	2	3	4	68	4	68	0.00075	0.0015	0	0.003	17	30	2	62	
1.1	1.2	5	21	22	3	1550	1603798	1678	1615719	0.00108255	0.000710541	0	0.00383214	962.884	2494.81	9	9422	
1.2	1.3	5	1	16	3	443	211131	1012	247787	0.00087064	0.000486425	0	0.003	244.849	1201.7	8	9422	
1.2	1.3	4	2	40	3	162	6858	193	8116	0.00115973	0.00119571	0	0.003	42.0518	32.4474	2	215	
1.2	1.3	7	3	1	3	1	2	1	2	0	0	0	0	2	0	2	2	
1.2	1.3	2	4	2	3	1	2	1	2	0	0	0	0	2	0	2	2	
1.2	1.3	4	5	28	3	2586	2665797	2876	2759824	0.000987367	0.000624908	0	0.00383214	959.605	2075.61	8	9422	
1.2	1.3	2	6	3	3	1	2	1	2	0	0	0	0	2	0	2	2	
1.2	1.3	2	7	4	3	1	2	1	2	0	0	0	0	2	0	2	2	
1.2	1.3	4	8	2	3	4	68	4	68	0.000163393	0.000326785	0	0.00065357	17	30	2	62	
1.2	1.3	5	9	7	3	2134	1779852	2476	1955085	0.000956142	0.000467017	0	0.003	789.614	878.991	9	9422	
1.2	1.3	2	10	5	3	1	2	1	2	0	0	0	0	2	0	2	2	
1.2	1.3	1	11	3	3	24	948	24	948	0.001375	0.00152693	0	0.003	39.5	45.802	2	114	
1.2	1.3	6	12	3	3	4	68	5	70	0.0006	0.00134164	0	0.003	14	26.8328	2	62	
1.2	1.3	1	13	20	3	2369	2864325	2432	2860355	0.000946488	0.000602505	0	0.003	1176.13	2213.56	9	9422	
1.2	1.3	7	14	2	3	1	2	2	4	0	0	0	0	2	0	2	2	
1.2	1.3	7	15	3	3	1	2	1	2	0	0	0	0	2	0	2	2	
1.2	1.3	1	16	14	3	18	382	19	440	0.000630826	0.000939926	0	0.003	23.1579	25.3273	2	58	
1.2	1.3	4	17	36	3	2887	2386012	3288	2422418	0.000958697	0.00060161	0	0.003	736.745	1993.65	6	9422	
1.2	1.3	5	18	21	3	71	2677	101	3421	0.000767431	0.000691928	0	0.003	33.8713	30.0052	2	122	
1.2	1.3	4	19	29	3	51	1511	69	1920	0.000543374	0.000619537	0	0.003	27.8261	27.8356	2	90	
1.2	1.3	3	20	2	3	4	68	4	68	0.00075	0.0015	0	0.003	17	30	2	62	
1.2	1.3	5	21	22	3	1550	1603798	1678	1615719	0.00108255	0.000710541	0	0.00383214	962.884	2494.81	9	9422	
1.3	1.4	3	1	31	3	493	219571	1060	256122	0.000873361	0.0004807	0	0.003	241.625	1174.43	8	9422	
1.3	1.4	4	2	40	3	162	6858	193	8116	0.00115973	0.00119571	0	0.003	42.0518	32.4474	2	215	
1.3	1.4	7	3	1	3	1	2	1	2	0	0	0	0	2	0	2	2	
1.3	1.4	2	4	2	3	1	2	1	2	0	0	0	0	2	0	2	2	
1.3	1.4	1	5	12	3	2768	2810217	3064	2895104	0.000995247	0.000625698	0	0.00383214	944.877	2095.83	8	9422	
1.3	1.4	2	6	3	3	1	2	1	2	0	0	0	0	2	0	2	2	
1.3	1.4	2	7	4	3	1	2	1	2	0	0	0	0	2	0	2	2	
1.3	1.4	4	8	2	3	4	68	4	68	0.000163393	0.000326785	0	0.00065357	17	30	2	62	
1.3	1.4	5	9	7	3	2276	1912215	2647	2114931	0.000955226	0.000466308	0	0.003	798.992	859.26	9	9422	
1.3	1.4	2	10	5	3	1	2	1	2	0	0	0	0	2	0	2	2	
1.3	1.4	6	11	3	3	37	1645	37	1645	0.00122876	0.0014197	0	0.003	44.4595	51.7433	2	225	
1.3	1.4	6	12	23	3	6	184	7	186	0.00065102	0.0010989	0	0.003	26.5714	30.6749	2	62	
1.3	1.4	3	13	24	3	2695	3026738	2769	3033131	0.000943671	0.000591826	0	0.003	1095.39	2183.94	9	9422	
1.3	1.4	7	14	2	3	1	2	2	4	0	0	0	0	2	0	2	2	
1.3	1.4	7	15	3	3	1	2	1	2	0	0	0	0	2	0	2	2	
1.3	1.4	5	16	9	3	22	446	23	504	0.000651552	0.00101577	0	0.003	21.913	25.2873	2	58	
1.3	1.4	3	17	28	3	3207	2673625	3633	2733417	0.000959209	0.000595226	0	0.003	752.386	1974.54	6	9422	
1.3	1.4	5	18	21	3	71	2677	108	3567	0.000747254	0.000690676	0	0.003	33.0278	29.9811	2	122	
1.3	1.4	3	19	29	3	60	1699	78	2108	0.000531363	0.000613856	0	0.003	27.0256	27.4245	2	90	
1.3	1.4	3	20	2	3	4	68	4	68	0.00075	0.0015	0	0.003	17	30	2	62	
1.3	1.4	3	21	27	3	1673	1609745	1804	1621671	0.00107057	0.000692215	0	0.00383214	898.931	2417.37	9	9422	
1.4	1.5	3	1	31	3	738	237940	1314	274973	0.000876917	0.000454442	0	0.003	209.264	1057	8	9422	
1.4	1.5	4	2	40	3	162	6858	193	8116	0.00115973	0.00119571	0	0.003	42.0518	32.4474	2	215	
1.4	1.5	7	3	1	3	1	2	1	2	0	0	0	0	2	0	2	2	
1.4	1.5	2	4	2	3	1	2	1	2	0	0	0	0	2	0	2	2	
1.4	1.5	1	5	12	3	2928	2948515	3237	3043277	0.00099641	0.000628448	0	0.00383214	940.154	2128.49	4	9422	
1.4	1.5	2	6	3	3	1	2	1	2	0	0	0	0	2	0	2	2	
1.4	1.5	2	7	4	3	1	2	1	2	0	0	0	0	2	0	2	2	
1.4	1.5	4	8	2	3	4	68	4	68	0.000163393	0.000326785	0	0.00065357	17	30	2	62	
1.4	1.5	5	9	7	3	2411	2030679	2795	2245227	0.000952746	0.000465563	0	0.003	803.301	842.351	9	9422	
1.4	1.5	2	10	5	3	1	2	1	2	0	0	0	0	2	0	2	2	
1.4	1.5	1	11	3	3	41	1765	43	1881	0.0011593	0.00139347	0	0.003	43.7442	48.966	2	225	
1.4	1.5	6	12	23	3	6	184	7	186	0.00065102	0.0010989	0	0.003	26.5714	30.6749	2	62	
1.4	1.5	3	13	24	3	3068	3189874	3156	3187644	0.000942061	0.000580644	0	0.003	1010.03	2147.47	9	9422	
1.4	1.5	7	14	2	3	1	2	2	4	0	0	0	0	2	0	2	2	
1.4	1.5	7	15	3	3	1	2	1	2	0	0	0	0	2	0	2	2	
1.4	1.5	1	16	14	3	27	624	29	684	0.000642733	0.00103355	0	0.003	23.5862	30.0921	2	114	
1.4	1.5	3	17	28	3	3557	2952401	4028	3028476	0.000956411	0.000590529	0	0.003	751.856	1946.97	6	9422	
1.4	1.5	3	18	33	3	79	2817	124	3921	0.00075092	0.000654024	0	0.003	31.621	28.6108	2	122	
1.4	1.5	3	19	29	3	73	1915	92	2342	0.000555861	0.00062348	0	0.003	25.4565	26.0854	2	90	
1.4	1.5	3	20	2	3	4	68	4	68	0.00075	0.0015	0	0.003	17	30	2	62	
1.4	1.5	3	21	27	3	2066	1762422	2205	1775365	0.00101942	0.000638888	0	0.00383214	805.154	2196.56	9	9422	
1.5	1.6	7	1	30	3	1034	367998	1647	406717	0.000881031	0.000445471	0	0.003	246.944	955.935	7	9422	
1.5	1.6	4	2	40	3	162	6858	193	8116	0.00115973	0.00119571	0	0.003	42.0518	32.4474	2	215	
1.5	1.6	7	3	1	3	1	2	1	2	0	0	0	0	2	0	2	2	
1.5	1.6	2	4	2	3	1	2	1	2	0	0	0	0	2	0	2	2	
1.5	1.6	8	5	3	3	3236	3118125	3577	3215032	0.000987992	0.000621065	0	0.00383214	898.807	2107.43	4	9422	
1.5	1.6	2	6	3	3	1	2	1	2	0	0	0	0	2	0	2	2	
1.5	1.6	2	7	4	3	1	2	1	2	0	0	0	0	2	0	2	2	
1.5	1.6	4	8	2	3	4	68	4	68	0.000163393	0.000326785	0	0.00065357	17	30	2	62	
1.5	1.6	4	9	50	3	2426	2039040	2822	2253459	0.00095525	0.000467502	0	0.003	798.533	840.287	9	9422	
1.5	1.6	2	10	5	3	1	2	1	2	0	0	0	0	2	0	2	2	
1.5	1.6	7	11	37	3	42	1767	48	2045	0.0011622	0.00133597	0	0.003	42.6042	46.7646	2	225	
1.5	1.6	6	12	23	3	6	184	7	186	0.00065102	0.0010989	0	0.003	26.5714	30.6749	2	62	
1.5	1.6	1	13	20	3	3207	3329103	3303	3327307	0.000950401	0.000587137	0	0.003	1007.36	2177.81	9	9422	
1.5	1.6	7	14	2	3	1	2	2	4	0	0	0	0	2	0	2	2	
1.5	1.6	7	15	3	3	1	2	1	2	0	0	0	0	2	0	2	2	
1.5	1.6	4	16	48	3	32	746	34	806	0.000655672	0.00105458	0	0.003	23.7059	29.7062	2	114	
1.5	1.6	1	17	5	3	3652	3092489	4135	3172079	0.000961331	0.000598402	0	0.003	767.129	1989.03	6	9422	
1.5	1.6	8	18	6	3	99	3433	144	4537	0.000731124	0.000632791	0	0.003	31.5069	28.2734	2	122	
1.5	1.6	8	19	7	3	85	2172	103	2592	0.000549999	0.000613499	0	0.003	25.165	25.8309	2	90	
1.5	1.6	3	20	2	3	4	68	4	68	0.00075	0.0015	0	0.003	17	30	2	62	
1.5	1.6	8	21	8	3	2377	1793886	2528	1807221	0.000999063	0.000607802	0	0.00383214	714.882	2065.04	6	9422	
1.6	1.7	7	1	30	3	1148	413373	1780	455781	0.000885648	0.000448377	0	0.003	256.057	922.905	7	9422	
1.6	1.7	4	2	40	3	162	6858	193	8116	0.00115973	0.00119571	0	0.003	42.0518	32.4474	2	215	
1.6	1.7	7	3	1	3	1	2	1	2	0	0	0	0	2	0	2	2	
1.6	1.7	2	4	2	3	1	2	1	2	0	0	0	0	2	0	2	2	
1.6	1.7	1	5	12	3	3406	3265526	3767	3362557	0.000990011	0.000622196	0	0.00383214	892.635	2120.23	4	9422	
1.6	1.7	2	6	3	3	1	2	1	2	0	0	0	0	2	0	2	2	
1.6	1.7	2	7	4	3	1	2	1	2	0	0	0	0	2	0	2	2	
1.6	1.7	1	8	1	3	6	184	6	184	0.000608928	0.0012002	0	0.003	30.6667	47.3568	2	114	
1.6	1.7	4	9	50	3	2426	2039040	2985	2285846	0.00095034	0.000464353	0	0.003	765.778	828.944	9	9422	
1.6	1.7	2	10	5	3	1	2	1	2	0	0	0	0	2	0	2	2	
1.6	1.7	4	11	52	3	42	1767	53	2171	0.00114771	0.00128601	0	0.003	40.9623	44.9512	2	225	
1.6	1.7	6	12	23	3	6	184	7	186	0.00065102	0.0010989	0	0.003	26.5714	30.6749	2	62	
1.6	1.7	7	13	39	3	3335	3475267	3433	3473391	0.000957607	0.0005941	0	0.003	1011.77	2203.21	9	9422	
1.6	1.7	7	14	2	3	1	2	2	4	0	0	0	0	2	0	2	2	
1.6	1.7	7	15	3	3	1	2	1	2	0	0	0	0	2	0	2	2	
1.6	1.7	4	16	48	3	36	810	38	870	0.000665601	0.00108407	0	0.003	22.8947	29.2637	2	114	
1.6	1.7	8	17	5	3	3652	3092489	4280	3190312	0.000957954	0.000591051	0	0.003	745.4	1958.52	6	9422	
1.6	1.7	8	18	6	3	110	3735	155	4839	0.000708616	0.000628539	0	0.003	31.2194	28.265	2	122	
1.6	1.7	8	19	7	3	100	2821	118	3297	0.000537559	0.000595833	0	0.003	27.9407	29.2421	2	169	
1.6	1.7	3	20	2	3	4	68	4	68	0.00075	0.0015	0	0.003	17	30	2	62	
1.6	1.7	8	21	8	3	2681	1853882	2868	1871338	0.000980386	0.000585487	0	0.00383214	652.489	1946.56	6	9422	
1.7	1.8	7	1	30	3	1416	600855	2066	646466	0.000875444	0.00043241	0	0.003	312.907	876.919	7	9422	
1.7	1.8	4	2	40	3	162	6858	193	8116	0.00115973	0.00119571	0	0.003	42.0518	32.4474	2	215	
1.7	1.8	7	3	1	3	1	2	1	2	0	0	0	0	2	0	2	2	
1.7	1.8	2	4	2	3	1	2	1	2	0	0	0	0	2	0	2	2	
1.7	1.8	4	5	54	3	3693	3449376	4087	3551014	0.000986713	0.000615786	0	0.00383214	868.856	2090.27	4	9422	
1.7	1.8	2	6	3	3	1	2	1	2	0	0	0	0	2	0	2	2	
1.7	1.8	2	7	4	3	1	2	1	2	0	0	0	0	2	0	2	2	
1.7	1.8	4	8	47	3	11	256	13	282	0.000523351	0.000834038	0	0.003	21.6923	32.1698	2	114	
1.7	1.8	4	9	50	3	2426	2039040	3348	2341625	0.000934461	0.000453999	0	0.003	699.41	805.949	9	9422	
1.7	1.8	2	10	5	3	1	2	1	2	0	0	0	0	2	0	2	2	
1.7	1.8	6	11	28	3	46	2055	57	2459	0.00113152	0.00124314	0	0.003	43.1404	44.5226	2	225	
1.7	1.8	6	12	23	3	6	184	7	186	0.00065102	0.0010989	0	0.003	26.5714	30.6749	2	62	
1.7	1.8	4	13	58	3	3508	3606259	3617	3615185	0.000962778	0.000595474	0	0.003	999.498	2208.17	9	9422	
1.7	1.8	7	14	2	3	1	2	2	4	0	0	0	0	2	0	2	2	
1.7	1.8	7	15	3	3	1	2	1	2	0	0	0	0	2	0	2	2	
1.7	1.8	4	16	48	3	36	810	41	878	0.000616898	0.00105729	0	0.003	21.4146	28.647	2	114	
1.7	1.8	4	17	55	3	3655	3092555	4328	3201928	0.000958803	0.00058962	0	0.003	739.817	1948.51	6	9422	
1.7	1.8	4	18	57	3	114	3743	159	4903	0.000690789	0.000630438	0	0.003	30.8365	28.2717	2	122	
1.7	1.8	7	19	43	3	102	2825	119	3299	0.000533042	0.000595346	0	0.003	27.7227	29.2148	2	169	
1.7	1.8	3	20	2	3	4	68	4	68	0.00075	0.0015	0	0.003	17	30	2	62	
1.7	1.8	7	21	44	3	2698	1859187	2886	1876841	0.000980819	0.000584846	0	0.00383214	650.326	1940.71	6	9422	
1.8	1.9	7	1	30	3	1504	670931	2356	799195	0.000802896	0.000476619	0	0.003	339.217	831.768	7	9422	
1.8	1.9	4	2	40	3	162	6858	193	8116	0.00115973	0.00119571	0	0.003	42.0518	32.4474	2	215	
1.8	1.9	7	3	1	3	1	2	1	2	0	0	0	0	2	0	2	2	
1.8	1.9	2	4	2	3	1	2	1	2	0	0	0	0	2	0	2	2	
1.8	1.9	1	5	12	3	3803	3582554	4216	3685620	0.000990501	0.000621697	0	0.00383214	874.198	2115.97	4	9422	
1.8	1.9	2	6	3	3	1	2	1	2	0	0	0	0	2	0	2	2	
1.8	1.9	2	7	4	3	1	2	1	2	0	0	0	0	2	0	2	2	
1.8	1.9	1	8	1	3	14	374	16	400	0.000612722	0.000996702	0	0.003	25	37.8946	2	114	
1.8	1.9	4	9	50	3	2426	2039040	3704	2370181	0.00092276	0.000446556	0	0.003	639.898	787.792	5	9422	
1.8	1.9	2	10	5	3	1	2	1	2	0	0	0	0	2	0	2	2	
1.8	1.9	6	11	28	3	51	2401	63	2863	0.00111066	0.00118808	0	0.003	45.4444	43.4031	2	225	
1.8	1.9	6	12	23	3	6	184	7	186	0.00065102	0.0010989	0	0.003	26.5714	30.6749	2	62	
1.8	1.9	4	13	58	3	3844	3765129	3993	3767891	0.000958178	0.000587109	0	0.003	943.624	2167.84	9	9422	
1.8	1.9	7	14	2	3	1	2	2	4	0	0	0	0	2	0	2	2	
1.8	1.9	7	15	3	3	1	2	1	2	0	0	0	0	2	0	2	2	
1.8	1.9	7	16	49	3	42	958	57	1186	0.000663533	0.000958333	0	0.003	20.807	25.4926	2	114	
1.8	1.9	4	17	55	3	3655	3092555	4485	3210366	0.000956001	0.000582095	0	0.003	715.801	1918.25	6	9422	
1.8	1.9	4	18	57	3	120	3789	166	4951	0.000691651	0.000639705	0	0.003	29.8253	28.1084	2	122	
1.8	1.9	7	19	43	3	102	2825	119	3299	0.000533042	0.000595346	0	0.003	27.7227	29.2148	2	169	
1.8	1.9	3	20	2	3	4	68	4	68	0.00075	0.0015	0	0.003	17	30	2	62	
1.8	1.9	7	21	44	3	2698	1859187	2889	1876991	0.000980665	0.000584562	0	0.00383214	649.703	1939.8	6	9422	
1.9	2	8	1	13	3	1770	971886	2674	1125854	0.00080989	0.000474732	0	0.003	421.037	830.479	7	9422	
1.9	2	4	2	40	3	162	6858	193	8116	0.00115973	0.00119571	0	0.003	42.0518	32.4474	2	215	
1.9	2	7	3	1	3	1	2	1	2	0	0	0	0	2	0	2	2	
1.9	2	2	4	2	3	1	2	1	2	0	0	0	0	2	0	2	2	
1.9	2	2	5	33	3	4125	3728711	4553	3824195	0.00099194	0.000613704	0	0.00383214	839.929	2088.92	4	9422	
1.9	2	2	6	3	3	1	2	1	2	0	0	0	0	2	0	2	2	
1.9	2	2	7	4	3	1	2	1	2	0	0	0	0	2	0	2	2	
1.9	2	1	8	1	3	17	548	19	574	0.000831766	0.00119636	0	0.003	30.2105	41.2062	2	114	
1.9	2	2	9	39	3	2750	2070123	4083	2407202	0.000921597	0.000438301	0	0.003	589.567	766.758	5	9422	
1.9	2	2	10	5	3	1	2	1	2	0	0	0	0	2	0	2	2	
1.9	2	6	11	28	3	59	2977	71	3439	0.00108028	0.00112656	0	0.003	48.4366	42.5118	2	225	
1.9	2	6	12	23	3	6	184	7	186	0.00065102	0.0010989	0	0.003	26.5714	30.6749	2	62	
1.9	2	2	13	40	3	4227	4049228	4377	4060802	0.00094887	0.000574061	0	0.003	927.759	2122.31	9	9422	
1.9	2	7	14	2	3	1	2	2	4	0	0	0	0	2	0	2	2	
1.9	2	7	15	3	3	1	2	1	2	0	0	0	0	2	0	2	2	
1.9	2	2	16	36	3	59	1208	76	1454	0.000690413	0.0008836	0	0.003	19.1316	22.6606	2	114	
1.9	2	2	17	41	3	3949	3135093	4813	3254649	0.000954815	0.000568619	0	0.003	676.22	1857.6	6	9422	
1.9	2	8	18	15	3	129	4063	175	5225	0.000682856	0.000642018	0	0.003	29.8571	28.3246	2	122	
1.9	2	8	19	16	3	108	3065	125	3539	0.000553827	0.000592031	0	0.003	28.312	28.8585	2	169	
1.9	2	3	20	2	3	4	68	4	68	0.00075	0.0015	0	0.003	17	30	2	62	
1.9	2	8	21	17	3	2767	1868360	2991	1887620	0.000978593	0.000579924	0	0.00383214	631.1	1909.11	6	9422	
2	2.1	8	1	13	3	2072	1315901	2995	1480633	0.000823808	0.000472388	0	0.003	494.368	828.413	7	9422	
2	2.1	4	2	40	3	162	6858	193	8116	0.00115973	0.00119571	0	0.003	42.0518	32.4474	2	215	
2	2.1	7	3	1	3	1	2	1	2	0	0	0	0	2	0	2	2	
2	2.1	2	4	2	3	1	2	1	2	0	0	0	0	2	0	2	2	
2	2.1	2	5	33	3	4461	3923099	4906	4029017	0.000992064	0.000608077	0	0.00383214	821.243	2070.63	4	9422	
2	2.1	2	6	3	3	1	2	1	2	0	0	0	0	2	0	2	2	
2	2.1	2	7	4	3	1	2	1	2	0	0	0	0	2	0	2	2	
2	2.1	1	8	1	3	20	610	22	636	0.000854707	0.00123127	0	0.003	28.9091	39.575	2	114	
2	2.1	2	9	39	3	2935	2079158	4281	2416901	0.000921093	0.000433644	0	0.003	564.565	757.391	5	9422	
2	2.1	2	10	5	3	1	2	1	2	0	0	0	0	2	0	2	2	
2	2.1	6	11	28	3	61	3093	74	3613	0.0010556	0.00111189	0	0.003	48.8243	41.6724	2	225	
2	2.1	6	12	23	3	6	184	7	186	0.00065102	0.0010989	0	0.003	26.5714	30.6749	2	62	
2	2.1	2	13	40	3	4613	4440564	4763	4451708	0.000940384	0.00056398	0	0.003	934.644	2088.67	9	9422	
2	2.1	7	14	2	3	1	2	2	4	0	0	0	0	2	0	2	2	
2	2.1	7	15	3	3	1	2	1	2	0	0	0	0	2	0	2	2	
2	2.1	2	16	36	3	63	1290	80	1536	0.000665847	0.00087112	0	0.003	19.2	23.1503	2	114	
2	2.1	2	17	41	3	4170	3165191	5045	3284834	0.000953778	0.000561448	0	0.003	651.107	1818.08	6	9422	
2	2.1	8	18	15	3	134	4187	182	5359	0.000656592	0.000643107	0	0.003	29.4451	28.4029	2	122	
2	2.1	8	19	16	3	113	3362	133	4025	0.000557974	0.000589679	0	0.003	30.2632	30.0012	2	169	
2	2.1	3	20	2	3	4	68	4	68	0.00075	0.0015	0	0.003	17	30	2	62	
2	2.1	8	21	17	3	2793	1871109	3038	1892227	0.000975391	0.00058083	0	0.00383214	622.853	1895.44	6	9422	
2.1	2.2	7	1	50	3	2379	1695268	3312	1867522	0.000838468	0.000467422	0	0.003	563.865	829.148	7	9422	
2.1	2.2	4	2	40	3	162	6858	193	8116	0.00115973	0.00119571	0	0.003	42.0518	32.4474	2	215	
2.1	2.2	7	3	1	3	1	2	1	2	0	0	0	0	2	0	2	2	
2.1	2.2	2	4	2	3	1	2	1	2	0	0	0	0	2	0	2	2	
2.1	2.2	1	5	12	3	4549	4064964	4998	4161780	0.000995862	0.000612881	0	0.00383214	832.689	2099.66	4	9422	
2.1	2.2	2	6	3	3	1	2	1	2	0	0	0	0	2	0	2	2	
2.1	2.2	2	7	4	3	1	2	1	2	0	0	0	0	2	0	2	2	
2.1	2.2	1	8	1	3	24	750	25	754	0.000992142	0.0013118	0	0.003	30.16	38.3337	2	114	
2.1	2.2	5	9	33	3	2966	2081441	4316	2419257	0.000923195	0.000437904	0	0.003	560.532	755.638	5	9422	
2.1	2.2	2	10	5	3	1	2	1	2	0	0	0	0	2	0	2	2	
2.1	2.2	6	11	28	3	61	3093	74	3613	0.0010556	0.00111189	0	0.003	48.8243	41.6724	2	225	
2.1	2.2	6	12	23	3	6	184	7	186	0.00065102	0.0010989	0	0.003	26.5714	30.6749	2	62	
2.1	2.2	1	13	20	3	4779	4603525	4942	4616035	0.000945093	0.000566764	0	0.003	934.042	2100.5	9	9422	
2.1	2.2	7	14	2	3	1	2	2	4	0	0	0	0	2	0	2	2	
2.1	2.2	7	15	3	3	1	2	1	2	0	0	0	0	2	0	2	2	
2.1	2.2	2	16	36	3	63	1290	80	1536	0.000665847	0.00087112	0	0.003	19.2	23.1503	2	114	
2.1	2.2	4	17	64	3	4459	3324876	5356	3447135	0.000950924	0.000550612	0	0.003	643.603	1765.95	6	9422	
2.1	2.2	8	18	15	3	134	4187	182	5359	0.000656592	0.000643107	0	0.003	29.4451	28.4029	2	122	
2.1	2.2	8	19	16	3	113	3362	133	4025	0.000557974	0.000589679	0	0.003	30.2632	30.0012	2	169	
2.1	2.2	3	20	2	3	4	68	4	68	0.00075	0.0015	0	0.003	17	30	2	62	
2.1	2.2	7	21	59	3	2796	1871202	3042	1892427	0.000976728	0.000581706	0	0.00383214	622.1	1894.31	6	9422	
2.2	2.3	7	1	50	3	2579	1885432	3531	2067265	0.000845095	0.000463364	0	0.003	585.462	816.398	7	9422	
2.2	2.3	4	2	40	3	162	6858	193	8116	0.00115973	0.00119571	0	0.003	42.0518	32.4474	2	215	
2.2	2.3	7	3	1	3	1	2	1	2	0	0	0	0	2	0	2	2	
2.2	2.3	2	4	2	3	1	2	1	2	0	0	0	0	2	0	2	2	
2.2	2.3	1	5	12	3	4576	4188103	5028	4294422	0.00100218	0.000621216	0	0.00383214	854.101	2142.25	4	9422	
2.2	2.3	2	6	3	3	1	2	1	2	0	0	0	0	2	0	2	2	
2.2	2.3	2	7	4	3	1	2	1	2	0	0	0	0	2	0	2	2	
2.2	2.3	1	8	1	3	27	868	28	872	0.000992984	0.00132357	0	0.003	31.1429	40.3023	2	114	
2.2	2.3	5	9	33	3	3128	2138001	4488	2475407	0.000924172	0.000438313	0	0.003	551.561	743.256	5	9422	
2.2	2.3	2	10	5	3	1	2	1	2	0	0	0	0	2	0	2	2	
2.2	2.3	4	11	66	3	68	3393	83	3993	0.00106373	0.00106659	0	0.003	48.1084	39.783	2	225	
2.2	2.3	6	12	23	3	6	184	7	186	0.00065102	0.0010989	0	0.003	26.5714	30.6749	2	62	
2.2	2.3	1	13	60	3	4869	4756457	5040	4769525	0.000948723	0.000573803	0	0.003	946.334	2129.41	9	9422	
2.2	2.3	7	14	2	3	1	2	2	4	0	0	0	0	2	0	2	2	
2.2	2.3	7	15	3	3	1	2	1	2	0	0	0	0	2	0	2	2	
2.2	2.3	2	16	36	3	63	1290	80	1536	0.000665847	0.00087112	0	0.003	19.2	23.1503	2	114	
2.2	2.3	4	17	64	3	4806	3446712	5717	3574090	0.000944539	0.000538516	0	0.003	625.169	1711.37	6	9422	
2.2	2.3	8	18	15	3	134	4187	182	5359	0.000656592	0.000643107	0	0.003	29.4451	28.4029	2	122	
2.2	2.3	4	19	67	3	115	3424	135	4087	0.000561771	0.000586091	0	0.003	30.2741	29.867	2	169	
2.2	2.3	3	20	2	3	4	68	4	68	0.00075	0.0015	0	0.003	17	30	2	62	
2.2	2.3	7	21	59	3	2796	1871202	3042	1892427	0.000976728	0.000581706	0	0.00383214	622.1	1894.31	6	9422	
2.3	2.4	3	1	35	3	2736	1907928	3690	2089542	0.000844266	0.00045719	0	0.003	566.272	804.916	7	9422	
2.3	2.4	4	2	40	3	162	6858	193	8116	0.00115973	0.00119571	0	0.003	42.0518	32.4474	2	215	
2.3	2.4	7	3	1	3	1	2	1	2	0	0	0	0	2	0	2	2	
2.3	2.4	2	4	2	3	1	2	1	2	0	0	0	0	2	0	2	2	
2.3	2.4	1	5	12	3	4644	4312122	5096	4418441	0.00100699	0.000626279	0	0.00383214	867.041	2173.13	4	9422	
2.3	2.4	2	6	3	3	1	2	1	2	0	0	0	0	2	0	2	2	
2.3	2.4	2	7	4	3	1	2	1	2	0	0	0	0	2	0	2	2	
2.3	2.4	1	8	1	3	32	1048	33	1052	0.00107478	0.00132491	0	0.003	31.8788	38.2637	2	114	
2.3	2.4	4	9	71	3	3366	2208843	4730	2545113	0.000925372	0.000435651	0	0.003	538.079	727.253	5	9422	
2.3	2.4	2	10	5	3	1	2	1	2	0	0	0	0	2	0	2	2	
2.3	2.4	4	11	76	3	74	3635	86	4160	0.00109344	0.00106906	0	0.003	48.3721	39.7519	2	225	
2.3	2.4	6	12	23	3	6	184	7	186	0.00065102	0.0010989	0	0.003	26.5714	30.6749	2	62	
2.3	2.4	3	13	37	3	5223	4960860	5412	4976735	0.000946603	0.00056758	0	0.003	919.574	2104.57	9	9422	
2.3	2.4	7	14	2	3	1	2	2	4	0	0	0	0	2	0	2	2	
2.3	2.4	7	15	3	3	1	2	1	2	0	0	0	0	2	0	2	2	
2.3	2.4	2	16	36	3	63	1290	80	1536	0.000665847	0.00087112	0	0.003	19.2	23.1503	2	114	
2.3	2.4	3	17	44	3	5017	3548981	5931	3679278	0.000943161	0.000532258	0	0.00308214	620.347	1680.78	6	9422	
2.3	2.4	8	18	15	3	134	4187	182	5359	0.000656592	0.000643107	0	0.003	29.4451	28.4029	2	122	
2.3	2.4	4	19	67	3	115	3424	135	4087	0.000561771	0.000586091	0	0.003	30.2741	29.867	2	169	
2.3	2.4	3	20	2	3	4	68	4	68	0.00075	0.0015	0	0.003	17	30	2	62	
2.3	2.4	3	21	42	3	3072	1957743	3339	1987771	0.000971001	0.000564641	0	0.00383214	595.319	1810.63	6	9422	
2.4	2.5	3	1	35	3	2898	1915253	3861	2097416	0.000845417	0.000451028	0	0.003	543.231	794.148	7	9422	
2.4	2.5	4	2	40	3	162	6858	193	8116	0.00115973	0.00119571	0	0.003	42.0518	32.4474	2	215	
2.4	2.5	7	3	1	3	1	2	1	2	0	0	0	0	2	0	2	2	
2.4	2.5	2	4	2	3	1	2	1	2	0	0	0	0	2	0	2	2	
2.4	2.5	1	5	38	3	4982	4495627	5443	4602696	0.00100445	0.00062004	0	0.00383214	845.617	2154.19	4	9422	
2.4	2.5	2	6	3	3	1	2	1	2	0	0	0	0	2	0	2	2	
2.4	2.5	2	7	4	3	1	2	1	2	0	0	0	0	2	0	2	2	
2.4	2.5	1	8	1	3	32	1048	33	1052	0.00107478	0.00132491	0	0.003	31.8788	38.2637	2	114	
2.4	2.5	4	9	71	3	3620	2322686	4999	2661475	0.000925648	0.000431817	0	0.003	532.401	709.059	5	9422	
2.4	2.5	2	10	5	3	1	2	1	2	0	0	0	0	2	0	2	2	
2.4	2.5	3	11	47	3	84	3848	97	4386	0.00107669	0.00101412	0	0.003	45.2165	38.5536	2	225	
2.4	2.5	6	12	23	3	6	184	7	186	0.00065102	0.0010989	0	0.003	26.5714	30.6749	2	62	
2.4	2.5	3	13	37	3	5592	5165274	5797	5174930	0.000946623	0.000562862	0	0.003	892.691	2080.83	9	9422	
2.4	2.5	7	14	2	3	1	2	2	4	0	0	0	0	2	0	2	2	
2.4	2.5	7	15	3	3	1	2	1	2	0	0	0	0	2	0	2	2	
2.4	2.5	2	16	36	3	63	1290	80	1536	0.000665847	0.00087112	0	0.003	19.2	23.1503	2	114	
2.4	2.5	3	17	44	3	5349	3644796	6284	3781389	0.000939661	0.000523865	0	0.00308214	601.749	1634.86	6	9422	
2.4	2.5	3	18	41	3	134	4187	188	5446	0.000684516	0.000654742	0	0.003	28.9681	28.0738	2	122	
2.4	2.5	4	19	67	3	115	3424	135	4087	0.000561771	0.000586091	0	0.003	30.2741	29.867	2	169	
2.4	2.5	3	20	2	3	4	68	4	68	0.00075	0.0015	0	0.003	17	30	2	62	
2.4	2.5	3	21	42	3	3410	2061205	3698	2097992	0.000969853	0.000548362	0	0.00383214	567.332	1722.96	6	9422	
2.5	2.6	2	1	44	3	2929	1916970	3900	2099324	0.000845756	0.00044967	0	0.003	538.288	791.699	7	9422	
2.5	2.6	4	2	40	3	162	6858	193	8116	0.00115973	0.00119571	0	0.003	42.0518	32.4474	2	215	
2.5	2.6	7	3	1	3	1	2	1	2	0	0	0	0	2	0	2	2	
2.5	2.6	2	4	2	3	1	2	1	2	0	0	0	0	2	0	2	2	
2.5	2.6	2	5	53	3	5079	4643789	5536	4749475	0.00100887	0.000625987	0	0.00408214	857.925	2180.55	4	9422	
2.5	2.6	2	6	3	3	1	2	1	2	0	0	0	0	2	0	2	2	
2.5	2.6	2	7	4	3	1	2	1	2	0	0	0	0	2	0	2	2	
2.5	2.6	1	8	1	3	32	1048	33	1052	0.00107478	0.00132491	0	0.003	31.8788	38.2637	2	114	
2.5	2.6	4	9	71	3	3896	2473204	5307	2815911	0.000920629	0.000430992	0	0.003	530.603	691.037	5	9422	
2.5	2.6	2	10	5	3	1	2	1	2	0	0	0	0	2	0	2	2	
2.5	2.6	6	11	35	3	99	4274	112	4812	0.000988264	0.000983684	0	0.003	42.9643	37.7526	2	225	
2.5	2.6	6	12	23	3	6	184	7	186	0.00065102	0.0010989	0	0.003	26.5714	30.6749	2	62	
2.5	2.6	2	13	47	3	5950	5659111	6163	5682047	0.000944593	0.00055768	0	0.003	921.961	2063.63	9	9422	
2.5	2.6	7	14	2	3	1	2	2	4	0	0	0	0	2	0	2	2	
2.5	2.6	7	15	3	3	1	2	1	2	0	0	0	0	2	0	2	2	
2.5	2.6	2	16	36	3	63	1290	80	1536	0.000665847	0.00087112	0	0.003	19.2	23.1503	2	114	
2.5	2.6	4	17	78	3	5524	3671074	6476	3808894	0.000938839	0.000520334	0	0.00308214	588.155	1612.37	4	9422	
2.5	2.6	2	18	48	3	138	4311	192	5570	0.000687592	0.000648194	0	0.003	29.0104	27.7798	2	122	
2.5	2.6	4	19	67	3	115	3424	135	4087	0.000561771	0.000586091	0	0.003	30.2741	29.867	2	169	
2.5	2.6	3	20	2	3	4	68	4	68	0.00075	0.0015	0	0.003	17	30	2	62	
2.5	2.6	2	21	50	3	3727	2210420	4067	2261098	0.000952664	0.000534907	0	0.00383214	555.962	1645.45	6	9422	
2.6	2.7	2	1	44	3	2929	1916970	3937	2100437	0.000845837	0.000448305	0	0.003	533.512	789.494	7	9422	
2.6	2.7	4	2	40	3	162	6858	193	8116	0.00115973	0.00119571	0	0.003	42.0518	32.4474	2	215	
2.6	2.7	7	3	1	3	1	2	1	2	0	0	0	0	2	0	2	2	
2.6	2.7	2	4	2	3	1	2	1	2	0	0	0	0	2	0	2	2	
2.6	2.7	2	5	53	3	5344	4803971	5823	4911329	0.00100508	0.000622813	0	0.00408214	843.436	2173.24	4	9422	
2.6	2.7	2	6	3	3	1	2	1	2	0	0	0	0	2	0	2	2	
2.6	2.7	2	7	4	3	1	2	1	2	0	0	0	0	2	0	2	2	
2.6	2.7	1	8	1	3	32	1048	33	1052	0.00107478	0.00132491	0	0.003	31.8788	38.2637	2	114	
2.6	2.7	4	9	71	3	4095	2593138	5559	2952735	0.000915537	0.000436385	0	0.003	531.163	678.727	5	9422	
2.6	2.7	2	10	5	3	1	2	1	2	0	0	0	0	2	0	2	2	
2.6	2.7	6	11	35	3	112	4692	126	5232	0.000926586	0.000961616	0	0.003	41.5238	37.6875	2	225	
2.6	2.7	6	12	23	3	6	184	7	186	0.00065102	0.0010989	0	0.003	26.5714	30.6749	2	62	
2.6	2.7	2	13	47	3	6341	6097923	6556	6121300	0.000939483	0.000550777	0	0.003	933.694	2040.49	9	9422	
2.6	2.7	7	14	2	3	1	2	2	4	0	0	0	0	2	0	2	2	
2.6	2.7	7	15	3	3	1	2	1	2	0	0	0	0	2	0	2	2	
2.6	2.7	6	16	39	3	66	1531	83	1777	0.000670352	0.000855431	0	0.003	21.4096	26.318	2	114	
2.6	2.7	4	17	78	3	5526	3671174	6486	3809357	0.000937786	0.00052107	0	0.00308214	587.32	1611.26	4	9422	
2.6	2.7	2	18	48	3	146	4505	201	5777	0.000686459	0.000635467	0	0.003	28.7413	27.3165	2	122	
2.6	2.7	4	19	67	3	115	3424	135	4087	0.000561771	0.000586091	0	0.003	30.2741	29.867	2	169	
2.6	2.7	3	20	2	3	4	68	4	68	0.00075	0.0015	0	0.003	17	30	2	62	
2.6	2.7	2	21	50	3	4043	2288740	4433	2348647	0.000939408	0.000522122	0	0.00383214	529.81	1578.75	6	9422	
2.7	2.8	7	1	61	3	3221	2016560	4255	2203151	0.000847222	0.000440825	0	0.003	517.779	764.933	7	9422	
2.7	2.8	4	2	40	3	162	6858	193	8116	0.00115973	0.00119571	0	0.003	42.0518	32.4474	2	215	
2.7	2.8	7	3	1	3	1	2	1	2	0	0	0	0	2	0	2	2	
2.7	2.8	2	4	2	3	1	2	1	2	0	0	0	0	2	0	2	2	
2.7	2.8	1	5	12	3	5657	4974734	6167	5084475	0.00100392	0.000617826	0	0.00408214	824.465	2160.56	4	9422	
2.7	2.8	2	6	3	3	1	2	1	2	0	0	0	0	2	0	2	2	
2.7	2.8	2	7	4	3	1	2	1	2	0	0	0	0	2	0	2	2	
2.7	2.8	1	8	1	3	32	1048	33	1052	0.00107478	0.00132491	0	0.003	31.8788	38.2637	2	114	
2.7	2.8	6	9	50	3	4217	2623032	5704	2989150	0.000909465	0.00043632	0	0.003	524.045	671.648	5	9422	
2.7	2.8	2	10	5	3	1	2	1	2	0	0	0	0	2	0	2	2	
2.7	2.8	6	11	35	3	127	5114	141	5654	0.000880597	0.000938301	0	0.003	40.0993	36.9995	2	225	
2.7	2.8	6	12	23	3	6	184	7	186	0.00065102	0.0010989	0	0.003	26.5714	30.6749	2	62	
2.7	2.8	1	13	20	3	6601	6292098	6845	6308626	0.000938782	0.000552399	0	0.003	921.64	2039.37	9	9422	
2.7	2.8	7	14	2	3	1	2	2	4	0	0	0	0	2	0	2	2	
2.7	2.8	7	15	3	3	1	2	1	2	0	0	0	0	2	0	2	2	
2.7	2.8	6	16	39	3	71	1881	88	2127	0.000677312	0.000831083	0	0.003	24.1705	29.1201	2	114	
2.7	2.8	6	17	44	3	5529	3671425	6489	3809608	0.000938235	0.000521392	0	0.00308214	587.087	1610.93	4	9422	
2.7	2.8	6	18	47	3	146	4505	203	5951	0.000698714	0.000644271	0	0.003	29.3153	27.844	2	122	
2.7	2.8	4	19	67	3	115	3424	135	4087	0.000561771	0.000586091	0	0.003	30.2741	29.867	2	169	
2.7	2.8	3	20	2	3	4	68	4	68	0.00075	0.0015	0	0.003	17	30	2	62	
2.7	2.8	7	21	70	3	4057	2290267	4452	2351318	0.000938484	0.000521482	0	0.00383214	528.149	1575.59	6	9422	
2.8	2.9	7	1	61	3	3553	2124469	4617	2317993	0.000845591	0.000431367	0	0.003	502.056	739.377	7	9422	
2.8	2.9	4	2	40	3	162	6858	193	8116	0.00115973	0.00119571	0	0.003	42.0518	32.4474	2	215	
2.8	2.9	7	3	1	3	1	2	1	2	0	0	0	0	2	0	2	2	
2.8	2.9	2	4	2	3	1	2	1	2	0	0	0	0	2	0	2	2	
2.8	2.9	7	5	64	3	5864	5147007	6388	5258707	0.0010032	0.000616986	0	0.00408214	823.216	2163.63	4	9422	
2.8	2.9	2	6	3	3	1	2	1	2	0	0	0	0	2	0	2	2	
2.8	2.9	2	7	4	3	1	2	1	2	0	0	0	0	2	0	2	2	
2.8	2.9	1	8	1	3	32	1048	33	1052	0.00107478	0.00132491	0	0.003	31.8788	38.2637	2	114	
2.8	2.9	6	9	50	3	4287	2636572	5812	3009483	0.000910277	0.000434803	0	0.003	517.805	667.042	5	9422	
2.8	2.9	2	10	5	3	1	2	1	2	0	0	0	0	2	0	2	2	
2.8	2.9	6	11	35	3	139	5418	153	5958	0.000833589	0.000919773	0	0.003	38.9412	36.564	2	225	
2.8	2.9	6	12	23	3	6	184	7	186	0.00065102	0.0010989	0	0.003	26.5714	30.6749	2	62	
2.8	2.9	1	13	54	3	6622	6424823	6888	6451407	0.000940067	0.000561834	0	0.003	936.615	2072.03	4	9422	
2.8	2.9	7	14	2	3	1	2	2	4	0	0	0	0	2	0	2	2	
2.8	2.9	7	15	3	3	1	2	1	2	0	0	0	0	2	0	2	2	
2.8	2.9	6	16	39	3	73	1997	90	2243	0.000679761	0.000821882	0	0.003	24.9222	29.2245	2	114	
2.8	2.9	6	17	44	3	5529	3671425	6489	3809608	0.000938235	0.000521392	0	0.00308214	587.087	1610.93	4	9422	
2.8	2.9	7	18	71	3	152	4701	211	6245	0.000695208	0.000635834	0	0.003	29.5972	27.4985	2	122	
2.8	2.9	4	19	67	3	115	3424	135	4087	0.000561771	0.000586091	0	0.003	30.2741	29.867	2	169	
2.8	2.9	3	20	2	3	4	68	4	68	0.00075	0.0015	0	0.003	17	30	2	62	
2.8	2.9	7	21	70	3	4057	2290267	4458	2351534	0.000938954	0.000521571	0	0.00383214	527.486	1574.63	6	9422	
2.9	3	3	1	51	3	3574	2126805	4767	2323778	0.000847576	0.000428492	0	0.003	487.472	732.159	7	9422	
2.9	3	4	2	40	3	162	6858	193	8116	0.00115973	0.00119571	0	0.003	42.0518	32.4474	2	215	
2.9	3	7	3	1	3	1	2	1	2	0	0	0	0	2	0	2	2	
2.9	3	2	4	2	3	1	2	1	2	0	0	0	0	2	0	2	2	
2.9	3	3	5	55	3	6209	5427359	6770	5545511	0.000998402	0.000612162	0	0.00408214	819.13	2137.49	4	9422	
2.9	3	2	6	3	3	1	2	1	2	0	0	0	0	2	0	2	2	
2.9	3	2	7	4	3	1	2	1	2	0	0	0	0	2	0	2	2	
2.9	3	1	8	1	3	32	1048	33	1052	0.00107478	0.00132491	0	0.003	31.8788	38.2637	2	114	
2.9	3	3	9	62	3	4290	2636629	5815	3009540	0.000910722	0.000435195	0	0.003	517.548	666.966	5	9422	
2.9	3	2	10	5	3	1	2	1	2	0	0	0	0	2	0	2	2	
2.9	3	6	11	35	3	139	5418	153	5958	0.000833589	0.000919773	0	0.003	38.9412	36.564	2	225	
2.9	3	6	12	23	3	6	184	7	186	0.00065102	0.0010989	0	0.003	26.5714	30.6749	2	62	
2.9	3	3	13	68	3	6991	6585773	7273	6613467	0.000941082	0.000558594	0	0.003	909.318	2056.55	4	9422	
2.9	3	7	14	2	3	1	2	2	4	0	0	0	0	2	0	2	2	
2.9	3	7	15	3	3	1	2	1	2	0	0	0	0	2	0	2	2	
2.9	3	3	16	70	3	73	1997	92	2247	0.000664983	0.000818888	0	0.003	24.4239	29.0964	2	114	
2.9	3	3	17	71	3	5781	3781342	6742	3920163	0.000932532	0.000513172	0	0.00308214	581.454	1580.92	4	9422	
2.9	3	3	18	59	3	154	4817	213	6361	0.000695991	0.0006329	0	0.003	29.8638	27.5058	2	122	
2.9	3	4	19	67	3	115	3424	135	4087	0.000561771	0.000586091	0	0.003	30.2741	29.867	2	169	
2.9	3	3	20	2	3	4	68	4	68	0.00075	0.0015	0	0.003	17	30	2	62	
2.9	3	3	21	65	3	4371	2354223	4780	2416728	0.000932482	0.00050935	0	0.00383214	505.592	1522.98	6	9422	
3	3.1	3	1	51	3	3574	2126805	4774	2323878	0.000848036	0.000428674	0	0.003	486.778	731.846	7	9422	
3	3.1	4	2	52	3	162	6858	193	8116	0.00115973	0.00119571	0	0.003	42.0518	32.4474	2	215	
3	3.1	7	3	1	3	1	2	1	2	0	0	0	0	2	0	2	2	
3	3.1	2	4	2	3	1	2	1	2	0	0	0	0	2	0	2	2	
3	3.1	3	5	55	3	6565	5680443	7161	5823266	0.000997715	0.000607496	0	0.00408214	813.192	2112.72	4	9422	
3	3.1	2	6	3	3	1	2	1	2	0	0	0	0	2	0	2	2	
3	3.1	2	7	4	3	1	2	1	2	0	0	0	0	2	0	2	2	
3	3.1	1	8	1	3	32	1048	33	1052	0.00107478	0.00132491	0	0.003	31.8788	38.2637	2	114	
3	3.1	3	9	62	3	4290	2636629	5815	3009540	0.000910722	0.000435195	0	0.003	517.548	666.966	5	9422	
3	3.1	2	10	5	3	1	2	1	2	0	0	0	0	2	0	2	2	
3	3.1	6	11	35	3	139	5418	153	5958	0.000833589	0.000919773	0	0.003	38.9412	36.564	2	225	
3	3.1	6	12	23	3	6	184	7	186	0.00065102	0.0010989	0	0.003	26.5714	30.6749	2	62	
3	3.1	1	13	68	3	7349	6770410	7658	6802534	0.000944344	0.000556218	0	0.003	888.291	2040.98	4	9422	
3	3.1	7	14	2	3	1	2	2	4	0	0	0	0	2	0	2	2	
3	3.1	7	15	3	3	1	2	1	2	0	0	0	0	2	0	2	2	
3	3.1	3	16	70	3	73	1997	95	2284	0.000673721	0.000815901	0	0.003	24.0421	28.7443	2	114	
3	3.1	3	17	71	3	6094	3897238	7078	4045410	0.000932949	0.000506744	0	0.00308214	571.547	1543.82	4	9422	
3	3.1	3	18	59	3	160	4949	219	6475	0.000693802	0.000625953	0	0.003	29.5662	27.2193	2	122	
3	3.1	3	19	61	3	120	3554	143	4312	0.000555693	0.000575954	0	0.003	30.1538	29.4504	2	169	
3	3.1	3	20	2	3	4	68	4	68	0.00075	0.0015	0	0.003	17	30	2	62	
3	3.1	3	21	65	3	4717	2405372	5146	2471004	0.000931401	0.000499255	0	0.00383214	480.18	1470.8	6	9422	
3.1	3.2	7	1	74	3	3805	2317177	5028	2521357	0.000848133	0.000427535	0	0.003	501.463	723.875	7	9422	
3.1	3.2	5	2	36	3	194	8026	228	9357	0.00107561	0.0011315	0	0.003	41.0395	32.1737	2	215	
3.1	3.2	7	3	75	3	4	72	4	72	0.000570534	0.000380356	0	0.000760712	18	15.2096	2	31	
3.1	3.2	2	4	2	3	1	2	1	2	0	0	0	0	2	0	2	2	
3.1	3.2	1	5	12	3	6608	5783512	7205	5927961	0.00100003	0.000610723	0	0.00408214	822.757	2130.82	4	9422	
3.1	3.2	5	6	38	3	3	6	3	6	0	0	0	0	2	0	2	2	
3.1	3.2	5	7	39	3	4	59	4	59	0.00109732	0.00073174	0	0.001475	14.75	9.5	2	22	
3.1	3.2	1	8	1	3	32	1048	33	1052	0.00107478	0.00132491	0	0.003	31.8788	38.2637	2	114	
3.1	3.2	5	9	41	3	4589	2673192	6134	3048026	0.000907446	0.000428842	0	0.003	496.907	655.716	5	9422	
3.1	3.2	7	10	77	3	6	76	7	84	0.000356631	0.000444798	0	0.00083214	12	13.2539	2	31	
3.1	3.2	6	11	35	3	139	5418	153	5958	0.000833589	0.000919773	0	0.003	38.9412	36.564	2	225	
3.1	3.2	6	12	23	3	6	184	7	186	0.00065102	0.0010989	0	0.003	26.5714	30.6749	2	62	
3.1	3.2	1	13	20	3	7457	6871652	7769	6894933	0.000946675	0.000558604	0	0.003	887.493	2049.19	4	9422	
3.1	3.2	3	14	69	3	2	4	3	6	0	0	0	0	2	0	2	2	
3.1	3.2	3	15	57	3	1	2	2	4	0	0	0	0	2	0	2	2	
3.1	3.2	3	16	70	3	73	1997	95	2284	0.000673721	0.000815901	0	0.003	24.0421	28.7443	2	114	
3.1	3.2	5	17	45	3	6426	3950886	7440	4102874	0.000929461	0.000500274	0	0.00308214	551.462	1508.52	4	9422	
3.1	3.2	7	18	81	3	162	5067	222	6642	0.000699049	0.000624983	0	0.003	29.9189	27.367	2	122	
3.1	3.2	3	19	61	3	120	3554	143	4312	0.000555693	0.000575954	0	0.003	30.1538	29.4504	2	169	
3.1	3.2	3	20	2	3	4	68	4	68	0.00075	0.0015	0	0.003	17	30	2	62	
3.1	3.2	7	21	84	3	4741	2407634	5167	2473227	0.000931685	0.00049897	0	0.00383214	478.658	1468.01	6	9422	
3.2	3.3	7	1	74	3	3845	2324042	5073	2528997	0.000848273	0.000426843	0	0.003	498.521	721.356	7	9422	
3.2	3.3	5	2	36	3	201	8432	235	9763	0.00106059	0.00111951	0	0.003	41.5447	32.6518	2	215	
3.2	3.3	7	3	75	3	4	72	4	72	0.000570534	0.000380356	0	0.000760712	18	15.2096	2	31	
3.2	3.3	2	4	2	3	1	2	1	2	0	0	0	0	2	0	2	2	
3.2	3.3	1	5	12	3	6622	5915420	7218	6050447	0.00100363	0.000616038	0	0.00408214	838.244	2159.9	4	9422	
3.2	3.3	5	6	38	3	3	6	3	6	0	0	0	0	2	0	2	2	
3.2	3.3	5	7	39	3	4	59	4	59	0.00109732	0.00073174	0	0.001475	14.75	9.5	2	22	
3.2	3.3	1	8	1	3	32	1048	33	1052	0.00107478	0.00132491	0	0.003	31.8788	38.2637	2	114	
3.2	3.3	5	9	41	3	4908	2760217	6495	3142437	0.000902491	0.000424174	0	0.003	483.824	640.565	5	9422	
3.2	3.3	7	10	77	3	6	76	7	84	0.000356631	0.000444798	0	0.00083214	12	13.2539	2	31	
3.2	3.3	5	11	42	3	141	5480	155	6020	0.00084463	0.000918903	0	0.003	38.8387	36.3369	2	225	
3.2	3.3	6	12	23	3	6	184	7	186	0.00065102	0.0010989	0	0.003	26.5714	30.6749	2	62	
3.2	3.3	5	13	20	3	7505	7004997	7818	7028188	0.000950338	0.000564377	0	0.003	898.975	2075.19	4	9422	
3.2	3.3	3	14	69	3	2	4	3	6	0	0	0	0	2	0	2	2	
3.2	3.3	3	15	57	3	1	2	2	4	0	0	0	0	2	0	2	2	
3.2	3.3	3	16	70	3	73	1997	95	2284	0.000673721	0.000815901	0	0.003	24.0421	28.7443	2	114	
3.2	3.3	5	17	45	3	6750	4027394	7801	4185565	0.000924891	0.00049368	0	0.00308214	536.542	1474.96	4	9422	
3.2	3.3	7	18	81	3	165	5243	225	6818	0.000699951	0.00062087	0	0.003	30.3022	27.7261	2	122	
3.2	3.3	7	19	82	3	120	3554	147	4584	0.000571719	0.000578411	0	0.003	31.1837	30.4005	2	169	
3.2	3.3	5	20	46	3	4	68	10	254	0.000625713	0.000927414	0	0.003	25.4	18.7688	2	62	
3.2	3.3	7	21	84	3	4741	2407634	5167	2473227	0.000931685	0.00049897	0	0.00383214	478.658	1468.01	6	9422	
3.3	3.4	2	1	56	3	3982	2330588	5216	2535704	0.00084971	0.000425572	0	0.003	486.14	715.218	7	9422	
3.3	3.4	5	2	36	3	201	8432	235	9763	0.00106059	0.00111951	0	0.003	41.5447	32.6518	2	215	
3.3	3.4	7	3	75	3	4	72	4	72	0.000570534	0.000380356	0	0.000760712	18	15.2096	2	31	
3.3	3.4	2	4	59	3	5	72	7	116	0.000557142	0.000607342	0	0.00163571	16.5714	7.69972	2	22	
3.3	3.4	1	5	12	3	6716	6061579	7318	6197971	0.00100907	0.000620624	0	0.00408214	846.949	2176.28	4	9422	
3.3	3.4	5	6	38	3	3	6	3	6	0	0	0	0	2	0	2	2	
3.3	3.4	5	7	39	3	4	59	4	59	0.00109732	0.00073174	0	0.001475	14.75	9.5	2	22	
3.3	3.4	1	8	1	3	32	1048	33	1052	0.00107478	0.00132491	0	0.003	31.8788	38.2637	2	114	
3.3	3.4	2	9	66	3	5161	2779862	6769	3163015	0.000901732	0.000421917	0	0.003	467.28	632.648	5	9422	
3.3	3.4	7	10	77	3	6	76	7	84	0.000356631	0.000444798	0	0.00083214	12	13.2539	2	31	
3.3	3.4	5	11	42	3	141	5480	155	6020	0.00084463	0.000918903	0	0.003	38.8387	36.3369	2	225	
3.3	3.4	6	12	23	3	6	184	7	186	0.00065102	0.0010989	0	0.003	26.5714	30.6749	2	62	
3.3	3.4	2	13	64	3	7874	7368334	8188	7399475	0.000946674	0.000558668	0	0.003	903.697	2057.19	4	9422	
3.3	3.4	3	14	69	3	2	4	3	6	0	0	0	0	2	0	2	2	
3.3	3.4	3	15	57	3	1	2	2	4	0	0	0	0	2	0	2	2	
3.3	3.4	3	16	70	3	73	1997	95	2284	0.000673721	0.000815901	0	0.003	24.0421	28.7443	2	114	
3.3	3.4	2	17	65	3	7081	4115317	8178	4282724	0.000920319	0.000487947	0	0.00308214	523.688	1441.97	4	9422	
3.3	3.4	8	18	23	3	169	5477	229	7052	0.000700934	0.000615481	0	0.003	30.7948	28.0628	2	122	
3.3	3.4	8	19	24	3	125	3856	152	4886	0.000585455	0.000576822	0	0.003	32.1447	30.8576	2	169	
3.3	3.4	6	20	58	3	5	70	13	318	0.000481318	0.000848743	0	0.003	24.4615	17.7229	2	62	
3.3	3.4	8	21	25	3	4796	2418281	5223	2484029	0.000933965	0.000499322	0	0.00383214	475.594	1460.44	6	9422	
3.4	3.5	2	1	56	3	4346	2386881	5588	2593178	0.000851007	0.000417658	0	0.003	464.062	696.207	7	9422	
3.4	3.5	2	2	57	3	205	8502	241	9895	0.00105479	0.0011086	0	0.003	41.0581	32.4164	2	215	
3.4	3.5	7	3	75	3	4	72	4	72	0.000570534	0.000380356	0	0.000760712	18	15.2096	2	31	
3.4	3.5	2	4	59	3	5	72	7	116	0.000557142	0.000607342	0	0.00163571	16.5714	7.69972	2	22	
3.4	3.5	1	5	12	3	6758	6187363	7367	6333949	0.00101235	0.000626197	0	0.00408214	859.773	2201.55	4	9422	
3.4	3.5	5	6	38	3	3	6	3	6	0	0	0	0	2	0	2	2	
3.4	3.5	5	7	39	3	4	59	4	59	0.00109732	0.00073174	0	0.001475	14.75	9.5	2	22	
3.4	3.5	1	8	1	3	32	1048	33	1052	0.00107478	0.00132491	0	0.003	31.8788	38.2637	2	114	
3.4	3.5	2	9	66	3	5515	2834448	7153	3221125	0.000900199	0.000417956	0	0.003	450.318	619.874	5	9422	
3.4	3.5	7	10	77	3	6	76	7	84	0.000356631	0.000444798	0	0.00083214	12	13.2539	2	31	
3.4	3.5	5	11	42	3	141	5480	155	6020	0.00084463	0.000918903	0	0.003	38.8387	36.3369	2	225	
3.4	3.5	6	12	23	3	6	184	7	186	0.00065102	0.0010989	0	0.003	26.5714	30.6749	2	62	
3.4	3.5	2	13	64	3	8281	7714641	8596	7746205	0.000941927	0.000552913	0	0.003	901.141	2038.6	4	9422	
3.4	3.5	3	14	69	3	2	4	3	6	0	0	0	0	2	0	2	2	
3.4	3.5	3	15	57	3	1	2	2	4	0	0	0	0	2	0	2	2	
3.4	3.5	3	16	70	3	73	1997	95	2284	0.000673721	0.000815901	0	0.003	24.0421	28.7443	2	114	
3.4	3.5	2	17	65	3	7403	4142332	8550	4313259	0.000915016	0.000485226	0	0.00308214	504.475	1413.16	4	9422	
3.4	3.5	8	18	23	3	169	5477	229	7052	0.000700934	0.000615481	0	0.003	30.7948	28.0628	2	122	
3.4	3.5	8	19	24	3	129	4119	156	5149	0.000616162	0.000622291	0	0.003	33.0064	31.2122	2	169	
3.4	3.5	8	20	26	3	10	260	18	516	0.000724602	0.000855199	0	0.003	28.6667	18.6611	2	62	
3.4	3.5	8	21	25	3	4913	2493488	5339	2558464	0.000934485	0.000496185	0	0.00383214	479.203	1445.34	6	9422	
3.5	3.6	7	1	86	3	4440	2402008	5681	2607584	0.00085178	0.000416791	0	0.003	459.001	691.678	7	9422	
3.5	3.6	2	2	57	3	205	8502	241	9895	0.00105479	0.0011086	0	0.003	41.0581	32.4164	2	215	
3.5	3.6	7	3	75	3	4	72	4	72	0.000570534	0.000380356	0	0.000760712	18	15.2096	2	31	
3.5	3.6	2	4	59	3	5	72	7	116	0.000557142	0.000607342	0	0.00163571	16.5714	7.69972	2	22	
3.5	3.6	3	5	72	3	7049	6492292	7695	6652302	0.00101059	0.000623232	0	0.00408214	864.497	2181.54	4	9422	
3.5	3.6	5	6	38	3	3	6	3	6	0	0	0	0	2	0	2	2	
3.5	3.6	5	7	39	3	4	59	4	59	0.00109732	0.00073174	0	0.001475	14.75	9.5	2	22	
3.5	3.6	1	8	1	3	32	1048	33	1052	0.00107478	0.00132491	0	0.003	31.8788	38.2637	2	114	
3.5	3.6	7	9	97	3	5548	2839629	7186	3226818	0.000900744	0.000417984	0	0.003	449.042	618.746	5	9422	
3.5	3.6	7	10	77	3	6	76	7	84	0.000356631	0.000444798	0	0.00083214	12	13.2539	2	31	
3.5	3.6	5	11	42	3	141	5480	155	6020	0.00084463	0.000918903	0	0.003	38.8387	36.3369	2	225	
3.5	3.6	6	12	23	3	6	184	7	186	0.00065102	0.0010989	0	0.003	26.5714	30.6749	2	62	
3.5	3.6	3	13	85	3	8421	7850820	8735	7882511	0.000943923	0.000555234	0	0.003	902.405	2048.86	4	9422	
3.5	3.6	3	14	69	3	2	4	3	6	0	0	0	0	2	0	2	2	
3.5	3.6	3	15	57	3	1	2	2	4	0	0	0	0	2	0	2	2	
3.5	3.6	3	16	70	3	73	1997	95	2284	0.000673721	0.000815901	0	0.003	24.0421	28.7443	2	114	
3.5	3.6	3	17	81	3	7737	4275046	8906	4453576	0.000912329	0.000479234	0	0.00308214	500.065	1385.35	4	9422	
3.5	3.6	8	18	23	3	169	5477	229	7052	0.000700934	0.000615481	0	0.003	30.7948	28.0628	2	122	
3.5	3.6	3	19	78	3	144	4562	172	5599	0.000637332	0.000604948	0	0.003	32.5523	30.5389	2	169	
3.5	3.6	3	20	84	3	21	549	29	721	0.00091687	0.00074389	0	0.003	24.8621	15.613	2	62	
3.5	3.6	3	21	82	3	5157	2525945	5598	2591786	0.000931849	0.0004911	0	0.00383214	462.984	1413.66	6	9422	
3.6	3.7	7	1	86	3	4471	2406161	5714	2611690	0.000852117	0.000418569	0	0.003	457.069	690.149	7	9422	
3.6	3.7	2	2	57	3	205	8502	241	9895	0.00105479	0.0011086	0	0.003	41.0581	32.4164	2	215	
3.6	3.7	7	3	75	3	4	72	4	72	0.000570534	0.000380356	0	0.000760712	18	15.2096	2	31	
3.6	3.7	2	4	59	3	5	72	7	116	0.000557142	0.000607342	0	0.00163571	16.5714	7.69972	2	22	
3.6	3.7	3	5	72	3	7379	6749800	8067	6926096	0.00100639	0.0006201	0	0.00408214	858.571	2160.28	4	9422	
3.6	3.7	5	6	38	3	3	6	3	6	0	0	0	0	2	0	2	2	
3.6	3.7	5	7	39	3	4	59	4	59	0.00109732	0.00073174	0	0.001475	14.75	9.5	2	22	
3.6	3.7	1	8	1	3	32	1048	33	1052	0.00107478	0.00132491	0	0.003	31.8788	38.2637	2	114	
3.6	3.7	7	9	97	3	5551	2839944	7189	3227133	0.00090155	0.000419755	0	0.003	448.899	618.657	5	9422	
3.6	3.7	7	10	77	3	6	76	7	84	0.000356631	0.000444798	0	0.00083214	12	13.2539	2	31	
3.6	3.7	7	11	98	3	144	5656	158	6178	0.000869597	0.000930651	0	0.003	39.1013	36.0416	2	225	
3.6	3.7	6	12	23	3	6	184	7	186	0.00065102	0.0010989	0	0.003	26.5714	30.6749	2	62	
3.6	3.7	3	13	85	3	8793	8009809	9119	8042861	0.000943589	0.000552206	0	0.003	881.989	2037.21	4	9422	
3.6	3.7	3	14	69	3	2	4	3	6	0	0	0	0	2	0	2	2	
3.6	3.7	3	15	57	3	1	2	2	4	0	0	0	0	2	0	2	2	
3.6	3.7	3	16	70	3	73	1997	95	2284	0.000673721	0.000815901	0	0.003	24.0421	28.7443	2	114	
3.6	3.7	3	17	81	3	8083	4423374	9283	4614980	0.000914192	0.000475426	0	0.00308214	497.143	1357.21	4	9422	
3.6	3.7	8	18	23	3	169	5477	229	7052	0.000700934	0.000615481	0	0.003	30.7948	28.0628	2	122	
3.6	3.7	3	19	78	3	149	4852	178	5947	0.000647551	0.00060619	0	0.003	33.4101	30.3681	2	169	
3.6	3.7	3	20	84	3	33	732	41	904	0.000903395	0.000637056	0	0.003	22.0488	13.957	2	62	
3.6	3.7	3	21	82	3	5505	2559060	5957	2625723	0.000929982	0.000482473	0	0.00383214	440.779	1373.25	6	9422	
3.7	3.8	2	1	67	3	4730	2415777	5986	2622030	0.000853718	0.000414173	0	0.003	438.027	679.932	7	9422	
3.7	3.8	2	2	57	3	205	8502	241	9895	0.00105479	0.0011086	0	0.003	41.0581	32.4164	2	215	
3.7	3.8	7	3	75	3	4	72	4	72	0.000570534	0.000380356	0	0.000760712	18	15.2096	2	31	
3.7	3.8	2	4	73	3	8	134	10	178	0.000467856	0.000558103	0	0.00163571	17.8	16.6052	2	58	
3.7	3.8	2	5	68	3	7712	6933072	8424	7123133	0.00100594	0.000617438	0	0.00408214	845.576	2146.91	4	9422	
3.7	3.8	5	6	38	3	3	6	3	6	0	0	0	0	2	0	2	2	
3.7	3.8	5	7	39	3	4	59	4	59	0.00109732	0.00073174	0	0.001475	14.75	9.5	2	22	
3.7	3.8	1	8	1	3	32	1048	33	1052	0.00107478	0.00132491	0	0.003	31.8788	38.2637	2	114	
3.7	3.8	2	9	79	3	5876	2877508	7525	3266669	0.000898725	0.000414141	0	0.003	434.109	608.64	5	9422	
3.7	3.8	7	10	77	3	6	76	7	84	0.000356631	0.000444798	0	0.00083214	12	13.2539	2	31	
3.7	3.8	7	11	98	3	144	5656	158	6178	0.000869597	0.000930651	0	0.003	39.1013	36.0416	2	225	
3.7	3.8	6	12	23	3	6	184	7	186	0.00065102	0.0010989	0	0.003	26.5714	30.6749	2	62	
3.7	3.8	2	13	74	3	9187	8299765	9512	8331831	0.000939338	0.000548076	0	0.003	875.928	2023.8	4	9422	
3.7	3.8	3	14	69	3	2	4	3	6	0	0	0	0	2	0	2	2	
3.7	3.8	3	15	57	3	1	2	2	4	0	0	0	0	2	0	2	2	
3.7	3.8	3	16	70	3	73	1997	95	2284	0.000673721	0.000815901	0	0.003	24.0421	28.7443	2	114	
3.7	3.8	2	17	78	3	8343	4462265	9556	4656751	0.00091423	0.00047214	0	0.00308214	487.312	1339.05	4	9422	
3.7	3.8	8	18	23	3	169	5477	229	7052	0.000700934	0.000615481	0	0.003	30.7948	28.0628	2	122	
3.7	3.8	2	19	82	3	157	5046	188	6166	0.000646142	0.000594206	0	0.003	32.7979	29.8542	2	169	
3.7	3.8	2	20	84	3	47	896	59	1104	0.000866403	0.000614838	0	0.003	18.7119	12.8184	2	62	
3.7	3.8	2	21	86	3	5669	2567840	6123	2634863	0.000927911	0.000478334	0	0.00383214	430.322	1355.97	6	9422	
3.8	3.9	2	1	67	3	4789	2417502	6043	2623652	0.000853603	0.000413167	0	0.003	434.164	677.875	7	9422	
3.8	3.9	2	2	57	3	205	8502	241	9895	0.00105479	0.0011086	0	0.003	41.0581	32.4164	2	215	
3.8	3.9	7	3	75	3	4	72	4	72	0.000570534	0.000380356	0	0.000760712	18	15.2096	2	31	
3.8	3.9	2	4	73	3	8	134	10	178	0.000467856	0.000558103	0	0.00163571	17.8	16.6052	2	58	
3.8	3.9	2	5	68	3	8052	7101067	8825	7285815	0.00100076	0.000615754	0	0.00408214	825.588	2131.18	4	9422	
3.8	3.9	5	6	38	3	3	6	3	6	0	0	0	0	2	0	2	2	
3.8	3.9	5	7	39	3	4	59	4	59	0.00109732	0.00073174	0	0.001475	14.75	9.5	2	22	
3.8	3.9	2	8	70	3	34	1052	35	1056	0.00101337	0.00131004	0	0.003	30.1714	37.7823	2	114	
3.8	3.9	2	9	79	3	6241	2906345	7906	3296999	0.000896923	0.000409279	0	0.003	417.025	598.68	5	9422	
3.8	3.9	7	10	77	3	6	76	7	84	0.000356631	0.000444798	0	0.00083214	12	13.2539	2	31	
3.8	3.9	7	11	98	3	144	5656	158	6178	0.000869597	0.000930651	0	0.003	39.1013	36.0416	2	225	
3.8	3.9	6	12	23	3	6	184	7	186	0.00065102	0.0010989	0	0.003	26.5714	30.6749	2	62	
3.8	3.9	2	13	74	3	9559	8582824	9909	8625909	0.000940773	0.000546253	0	0.003	870.513	2010.81	4	9422	
3.8	3.9	3	14	69	3	2	4	3	6	0	0	0	0	2	0	2	2	
3.8	3.9	3	15	57	3	1	2	2	4	0	0	0	0	2	0	2	2	
3.8	3.9	3	16	70	3	73	1997	95	2284	0.000673721	0.000815901	0	0.003	24.0421	28.7443	2	114	
3.8	3.9	2	17	78	3	8704	4479176	9932	4674455	0.000911774	0.000466942	0	0.00308214	470.646	1316.15	4	9422	
3.8	3.9	8	18	23	3	169	5477	229	7052	0.000700934	0.000615481	0	0.003	30.7948	28.0628	2	122	
3.8	3.9	2	19	82	3	169	5372	204	6548	0.000640737	0.000578335	0	0.003	32.098	28.9612	2	169	
3.8	3.9	2	20	84	3	52	970	67	1226	0.000845574	0.00062042	0	0.003	18.2985	12.0956	2	62	
3.8	3.9	2	21	86	3	5862	2575827	6332	2643480	0.000926288	0.000473871	0	0.00383214	417.479	1335.22	6	9422	
3.9	4	2	1	67	3	5161	2448020	6424	2654652	0.000850548	0.000405376	0	0.003	413.24	662.788	7	9422	
3.9	4	2	2	57	3	205	8502	241	9895	0.00105479	0.0011086	0	0.003	41.0581	32.4164	2	215	
3.9	4	7	3	75	3	4	72	4	72	0.000570534	0.000380356	0	0.000760712	18	15.2096	2	31	
3.9	4	2	4	73	3	8	134	10	178	0.000467856	0.000558103	0	0.00163571	17.8	16.6052	2	58	
3.9	4	1	5	12	3	8404	7252991	9210	7449347	0.000999163	0.000612332	0	0.00408214	808.832	2120.31	4	9422	
3.9	4	5	6	38	3	3	6	3	6	0	0	0	0	2	0	2	2	
3.9	4	5	7	39	3	4	59	4	59	0.00109732	0.00073174	0	0.001475	14.75	9.5	2	22	
3.9	4	2	8	70	3	39	1062	40	1066	0.000886696	0.0012694	0	0.003	26.65	36.5173	2	114	
3.9	4	2	9	79	3	6514	2921953	8190	3312918	0.000894548	0.000404953	0	0.003	404.508	591.965	5	9422	
3.9	4	7	10	77	3	6	76	7	84	0.000356631	0.000444798	0	0.00083214	12	13.2539	2	31	
3.9	4	7	11	98	3	144	5656	158	6178	0.000869597	0.000930651	0	0.003	39.1013	36.0416	2	225	
3.9	4	6	12	23	3	6	184	7	186	0.00065102	0.0010989	0	0.003	26.5714	30.6749	2	62	
3.9	4	2	13	74	3	9967	8896669	10317	8938820	0.000936275	0.0005426	0	0.003	866.417	1999.4	4	9422	
3.9	4	3	14	69	3	2	4	3	6	0	0	0	0	2	0	2	2	
3.9	4	3	15	57	3	1	2	2	4	0	0	0	0	2	0	2	2	
3.9	4	3	16	70	3	73	1997	95	2284	0.000673721	0.000815901	0	0.003	24.0421	28.7443	2	114	
3.9	4	2	17	78	3	8880	4488611	10122	4684655	0.000911249	0.0004647	0	0.00308214	462.819	1304.97	4	9422	
3.9	4	8	18	23	3	169	5477	229	7052	0.000700934	0.000615481	0	0.003	30.7948	28.0628	2	122	
3.9	4	2	19	82	3	169	5372	230	6847	0.00062343	0.000570343	0	0.003	29.7696	28.1759	2	169	
3.9	4	2	20	84	3	52	970	67	1226	0.000845574	0.00062042	0	0.003	18.2985	12.0956	2	62	
3.9	4	2	21	88	3	5871	2576496	6338	2643834	0.00092683	0.000474151	0	0.00383214	417.14	1334.63	6	9422	
4	4.1	2	1	67	3	5531	2475913	6807	2683580	0.000849688	0.000398672	0	0.003	394.238	648.649	7	9422	
4	4.1	2	2	57	3	205	8502	241	9895	0.00105479	0.0011086	0	0.003	41.0581	32.4164	2	215	
4	4.1	7	3	75	3	4	72	4	72	0.000570534	0.000380356	0	0.000760712	18	15.2096	2	31	
4	4.1	2	4	73	3	8	134	10	178	0.000467856	0.000558103	0	0.00163571	17.8	16.6052	2	58	
4	4.1	4	5	82	3	8453	7409357	9258	7596199	0.00100249	0.00061646	0	0.00408214	820.501	2143.35	4	9422	
4	4.1	5	6	38	3	3	6	3	6	0	0	0	0	2	0	2	2	
4	4.1	5	7	39	3	4	59	4	59	0.00109732	0.00073174	0	0.001475	14.75	9.5	2	22	
4	4.1	4	8	83	3	43	1182	44	1186	0.000839042	0.00122359	0	0.003	26.9545	35.8238	2	114	
4	4.1	2	9	79	3	6868	2949946	8561	3342683	0.000892391	0.000400184	0	0.003	390.455	582.826	5	9422	
4	4.1	7	10	77	3	6	76	7	84	0.000356631	0.000444798	0	0.00083214	12	13.2539	2	31	
4	4.1	7	11	98	3	144	5656	158	6178	0.000869597	0.000930651	0	0.003	39.1013	36.0416	2	225	
4	4.1	6	12	23	3	6	184	7	186	0.00065102	0.0010989	0	0.003	26.5714	30.6749	2	62	
4	4.1	2	13	74	3	10376	9221216	10727	9264650	0.000932612	0.00053885	0	0.003	863.676	1988.39	4	9422	
4	4.1	3	14	69	3	2	4	3	6	0	0	0	0	2	0	2	2	
4	4.1	3	15	57	3	1	2	2	4	0	0	0	0	2	0	2	2	
4	4.1	3	16	70	3	73	1997	95	2284	0.000673721	0.000815901	0	0.003	24.0421	28.7443	2	114	
4	4.1	2	17	78	3	9243	4535716	10498	4733740	0.000909328	0.000459522	0	0.00308214	450.918	1282.99	4	9422	
4	4.1	8	18	23	3	169	5477	229	7052	0.000700934	0.000615481	0	0.003	30.7948	28.0628	2	122	
4	4.1	4	19	84	3	172	5687	234	7169	0.000644809	0.000607503	0	0.003	30.6368	29.2334	2	169	
4	4.1	2	20	84	3	52	970	67	1226	0.000845574	0.00062042	0	0.003	18.2985	12.0956	2	62	
4	4.1	2	21	89	3	6089	2585192	6560	2652531	0.000923748	0.000469028	0	0.00383214	404.349	1313.63	6	9422	
4.1	4.2	7	1	100	3	5585	2478371	6864	2686087	0.000849691	0.000397506	0	0.003	391.33	646.735	7	9422	
4.1	4.2	2	2	57	3	205	8502	241	9895	0.00105479	0.0011086	0	0.003	41.0581	32.4164	2	215	
4.1	4.2	7	3	75	3	4	72	4	72	0.000570534	0.000380356	0	0.000760712	18	15.2096	2	31	
4.1	4.2	2	4	73	3	8	134	10	178	0.000467856	0.000558103	0	0.00163571	17.8	16.6052	2	58	
4.1	4.2	1	5	12	3	8469	7541475	9276	7737844	0.00100577	0.000621134	0	0.00408214	834.179	2169.03	4	9422	
4.1	4.2	5	6	38	3	3	6	3	6	0	0	0	0	2	0	2	2	
4.1	4.2	5	7	39	3	4	59	4	59	0.00109732	0.00073174	0	0.001475	14.75	9.5	2	22	
4.1	4.2	4	8	83	3	43	1182	44	1186	0.000839042	0.00122359	0	0.003	26.9545	35.8238	2	114	
4.1	4.2	2	9	79	3	6889	2952059	8580	3344658	0.000892419	0.000400057	0	0.003	389.82	582.34	5	9422	
4.1	4.2	7	10	77	3	6	76	7	84	0.000356631	0.000444798	0	0.00083214	12	13.2539	2	31	
4.1	4.2	7	11	98	3	144	5656	158	6178	0.000869597	0.000930651	0	0.003	39.1013	36.0416	2	225	
4.1	4.2	7	12	105	3	6	184	9	190	0.000506349	0.000994034	0	0.003	21.1111	28.6899	2	62	
4.1	4.2	7	13	114	3	10419	9330708	10771	9364031	0.000934111	0.000541573	0	0.003	869.374	1999.87	4	9422	
4.1	4.2	3	14	69	3	2	4	3	6	0	0	0	0	2	0	2	2	
4.1	4.2	3	15	57	3	1	2	2	4	0	0	0	0	2	0	2	2	
4.1	4.2	3	16	70	3	73	1997	95	2284	0.000673721	0.000815901	0	0.003	24.0421	28.7443	2	114	
4.1	4.2	7	17	117	3	9278	4540553	10539	4739045	0.000909462	0.000459749	0	0.00308214	449.667	1280.66	4	9422	
4.1	4.2	8	18	23	3	169	5477	229	7052	0.000700934	0.000615481	0	0.003	30.7948	28.0628	2	122	
4.1	4.2	7	19	107	3	194	7306	266	9441	0.000659572	0.000602317	0	0.003	35.4925	33.2347	2	169	
4.1	4.2	2	20	84	3	52	970	67	1226	0.000845574	0.00062042	0	0.003	18.2985	12.0956	2	62	
4.1	4.2	7	21	120	3	6197	2608109	6672	2675589	0.000923242	0.000466325	0	0.00383214	401.018	1302.87	6	9422	
4.2	4.3	7	1	100	3	5594	2479151	6872	2686817	0.000850476	0.000398231	0	0.003	390.98	646.44	7	9422	
4.2	4.3	2	2	57	3	205	8502	241	9895	0.00105479	0.0011086	0	0.003	41.0581	32.4164	2	215	
4.2	4.3	7	3	75	3	4	72	4	72	0.000570534	0.000380356	0	0.000760712	18	15.2096	2	31	
4.2	4.3	2	4	73	3	8	134	10	178	0.000467856	0.000558103	0	0.00163571	17.8	16.6052	2	58	
4.2	4.3	7	5	101	3	8469	7541475	9283	7738183	0.00100612	0.000621105	0	0.00408214	833.586	2168.32	4	9422	
4.2	4.3	5	6	38	3	3	6	3	6	0	0	0	0	2	0	2	2	
4.2	4.3	5	7	39	3	4	59	4	59	0.00109732	0.00073174	0	0.001475	14.75	9.5	2	22	
4.2	4.3	7	8	104	3	43	1182	45	1188	0.000820396	0.00121606	0	0.003	26.4	35.6092	2	114	
4.2	4.3	2	9	79	3	6889	2952059	8580	3344658	0.000892419	0.000400057	0	0.003	389.82	582.34	5	9422	
4.2	4.3	7	10	77	3	6	76	7	84	0.000356631	0.000444798	0	0.00083214	12	13.2539	2	31	
4.2	4.3	7	11	98	3	144	5656	158	6178	0.000869597	0.000930651	0	0.003	39.1013	36.0416	2	225	
4.2	4.3	7	12	105	3	6	184	14	314	0.000434183	0.000819976	0	0.003	22.4286	33.6948	2	105	
4.2	4.3	7	13	114	3	10419	9330708	10776	9364501	0.000934518	0.000542006	0	0.00308214	869.015	1999.48	4	9422	
4.2	4.3	3	14	69	3	2	4	3	6	0	0	0	0	2	0	2	2	
4.2	4.3	3	15	57	3	1	2	2	4	0	0	0	0	2	0	2	2	
4.2	4.3	3	16	70	3	73	1997	95	2284	0.000673721	0.000815901	0	0.003	24.0421	28.7443	2	114	
4.2	4.3	7	17	117	3	9278	4540553	10542	4739314	0.000909716	0.000459931	0	0.00308214	449.565	1280.5	4	9422	
4.2	4.3	8	18	23	3	169	5477	229	7052	0.000700934	0.000615481	0	0.003	30.7948	28.0628	2	122	
4.2	4.3	7	19	107	3	200	7766	273	9959	0.000671846	0.000602704	0	0.003	36.4799	33.6121	2	169	
4.2	4.3	2	20	84	3	52	970	67	1226	0.000845574	0.00062042	0	0.003	18.2985	12.0956	2	62	
4.2	4.3	7	21	120	3	6197	2608109	6674	2675744	0.000923514	0.00046652	0	0.00383214	400.921	1302.69	6	9422	
4.3	4.4	7	1	100	3	5596	2479361	6879	2687268	0.000851568	0.000399722	0	0.003	390.648	646.195	7	9422	
4.3	4.4	2	2	57	3	205	8502	241	9895	0.00105479	0.0011086	0	0.003	41.0581	32.4164	2	215	
4.3	4.4	7	3	75	3	4	72	4	72	0.000570534	0.000380356	0	0.000760712	18	15.2096	2	31	
4.3	4.4	2	4	73	3	8	134	10	178	0.000467856	0.000558103	0	0.00163571	17.8	16.6052	2	58	
4.3	4.4	7	5	101	3	8469	7541475	9287	7738603	0.00100651	0.000621466	0	0.00408214	833.273	2167.9	4	9422	
4.3	4.4	5	6	38	3	3	6	3	6	0	0	0	0	2	0	2	2	
4.3	4.4	5	7	39	3	4	59	4	59	0.00109732	0.00073174	0	0.001475	14.75	9.5	2	22	
4.3	4.4	7	8	104	3	43	1182	45	1188	0.000820396	0.00121606	0	0.003	26.4	35.6092	2	114	
4.3	4.4	7	9	112	3	6889	2952059	8582	3344739	0.000892564	0.000400123	0	0.003	389.739	582.296	5	9422	
4.3	4.4	7	10	77	3	6	76	7	84	0.000356631	0.000444798	0	0.00083214	12	13.2539	2	31	
4.3	4.4	7	11	98	3	144	5656	158	6178	0.000869597	0.000930651	0	0.003	39.1013	36.0416	2	225	
4.3	4.4	7	12	105	3	6	184	18	518	0.000633134	0.000894326	0	0.003	28.7778	36.5522	2	105	
4.3	4.4	7	13	114	3	10419	9330708	10795	9366658	0.000934735	0.0005419	0	0.00308214	867.685	1997.97	4	9422	
4.3	4.4	3	14	69	3	2	4	3	6	0	0	0	0	2	0	2	2	
4.3	4.4	3	15	57	3	1	2	2	4	0	0	0	0	2	0	2	2	
4.3	4.4	3	16	70	3	73	1997	95	2284	0.000673721	0.000815901	0	0.003	24.0421	28.7443	2	114	
4.3	4.4	7	17	117	3	9278	4540553	10542	4739314	0.000909716	0.000459931	0	0.00308214	449.565	1280.5	4	9422	
4.3	4.4	7	18	118	3	169	5477	230	7054	0.000697887	0.000615873	0	0.003	30.6696	28.0658	2	122	
4.3	4.4	7	19	107	3	204	7944	276	10079	0.000676435	0.000602831	0	0.003	36.5181	33.4959	2	169	
4.3	4.4	2	20	84	3	52	970	67	1226	0.000845574	0.00062042	0	0.003	18.2985	12.0956	2	62	
4.3	4.4	7	21	120	3	6197	2608109	6696	2677308	0.000923316	0.000466606	0	0.00383214	399.837	1300.68	6	9422	
4.4	4.5	7	1	100	3	5596	2479361	7169	2754949	0.000849854	0.000393833	0	0.003	384.286	634.419	7	9422	
4.4	4.5	2	2	57	3	205	8502	241	9895	0.00105479	0.0011086	0	0.003	41.0581	32.4164	2	215	
4.4	4.5	7	3	75	3	4	72	4	72	0.000570534	0.000380356	0	0.000760712	18	15.2096	2	31	
4.4	4.5	2	4	73	3	8	134	10	178	0.000467856	0.000558103	0	0.00163571	17.8	16.6052	2	58	
4.4	4.5	7	5	101	3	8469	7541475	9287	7738603	0.00100651	0.000621466	0	0.00408214	833.273	2167.9	4	9422	
4.4	4.5	5	6	38	3	3	6	3	6	0	0	0	0	2	0	2	2	
4.4	4.5	5	7	39	3	4	59	4	59	0.00109732	0.00073174	0	0.001475	14.75	9.5	2	22	
4.4	4.5	7	8	104	3	43	1182	45	1188	0.000820396	0.00121606	0	0.003	26.4	35.6092	2	114	
4.4	4.5	7	9	112	3	6889	2952059	8663	3351364	0.000892784	0.00039958	0	0.003	386.86	580.345	5	9422	
4.4	4.5	1	10	16	3	8	80	9	88	0.00027738	0.00041607	0	0.00083214	9.77778	12.2961	2	31	
4.4	4.5	7	11	98	3	144	5656	158	6178	0.000869597	0.000930651	0	0.003	39.1013	36.0416	2	225	
4.4	4.5	7	12	105	3	6	184	18	518	0.000633134	0.000894326	0	0.003	28.7778	36.5522	2	105	
4.4	4.5	7	13	114	3	10419	9330708	11013	9396273	0.000933043	0.000537586	0	0.00308214	853.198	1980.75	4	9422	
4.4	4.5	3	14	69	3	2	4	3	6	0	0	0	0	2	0	2	2	
4.4	4.5	3	15	57	3	1	2	2	4	0	0	0	0	2	0	2	2	
4.4	4.5	3	16	70	3	73	1997	95	2284	0.000673721	0.000815901	0	0.003	24.0421	28.7443	2	114	
4.4	4.5	7	17	117	3	9278	4540553	10542	4739314	0.000909716	0.000459931	0	0.00308214	449.565	1280.5	4	9422	
4.4	4.5	7	18	118	3	169	5477	230	7054	0.000697887	0.000615873	0	0.003	30.6696	28.0658	2	122	
4.4	4.5	7	19	107	3	204	7944	276	10079	0.000676435	0.000602831	0	0.003	36.5181	33.4959	2	169	
4.4	4.5	2	20	84	3	52	970	67	1226	0.000845574	0.00062042	0	0.003	18.2985	12.0956	2	62	
4.4	4.5	7	21	120	3	6197	2608109	6699	2677401	0.000923541	0.000466731	0	0.00383214	399.672	1300.42	6	9422	
4.5	4.6	5	1	47	3	5596	2479361	7192	2762894	0.000850529	0.000394223	0	0.003	384.162	633.525	7	9422	
4.5	4.6	2	2	57	3	205	8502	241	9895	0.00105479	0.0011086	0	0.003	41.0581	32.4164	2	215	
4.5	4.6	7	3	75	3	4	72	4	72	0.000570534	0.000380356	0	0.000760712	18	15.2096	2	31	
4.5	4.6	2	4	73	3	8	134	10	178	0.000467856	0.000558103	0	0.00163571	17.8	16.6052	2	58	
4.5	4.6	5	5	51	3	8479	7541740	9298	7738881	0.00100658	0.000621236	0	0.00408214	832.317	2166.8	4	9422	
4.5	4.6	5	6	38	3	3	6	3	6	0	0	0	0	2	0	2	2	
4.5	4.6	5	7	39	3	4	59	4	59	0.00109732	0.00073174	0	0.001475	14.75	9.5	2	22	
4.5	4.6	7	8	104	3	43	1182	45	1188	0.000820396	0.00121606	0	0.003	26.4	35.6092	2	114	
4.5	4.6	5	9	55	3	7195	3017824	8984	3420162	0.000891162	0.000395735	0	0.003	380.695	571.239	5	9422	
4.5	4.6	5	10	56	3	24	1063	24	973	0.000857588	0.00100349	0	0.003	40.5417	111.739	2	558	
4.5	4.6	7	11	98	3	144	5656	158	6178	0.000869597	0.000930651	0	0.003	39.1013	36.0416	2	225	
4.5	4.6	7	12	105	3	6	184	18	518	0.000633134	0.000894326	0	0.003	28.7778	36.5522	2	105	
4.5	4.6	5	13	59	3	10635	9345153	11279	9414570	0.000931353	0.000534084	0	0.00308214	834.699	1960.88	4	9422	
4.5	4.6	3	14	69	3	2	4	3	6	0	0	0	0	2	0	2	2	
4.5	4.6	3	15	57	3	1	2	2	4	0	0	0	0	2	0	2	2	
4.5	4.6	5	16	62	3	75	2059	97	2346	0.000676987	0.000807674	0	0.003	24.1856	28.4606	2	114	
4.5	4.6	5	17	63	3	9488	4553639	10768	4753245	0.000908246	0.000456736	0	0.00308214	441.423	1268.21	4	9422	
4.5	4.6	7	18	118	3	169	5477	230	7054	0.000697887	0.000615873	0	0.003	30.6696	28.0658	2	122	
4.5	4.6	5	19	65	3	211	8116	280	10158	0.000680572	0.000601368	0	0.003	36.2786	33.3179	2	169	
4.5	4.6	5	20	66	3	52	970	69	1230	0.000821065	0.000627709	0	0.003	17.8261	12.2306	2	62	
4.5	4.6	5	21	67	3	6198	2608140	6699	2677401	0.000923541	0.000466731	0	0.00383214	399.672	1300.42	6	9422	
4.6	4.7	5	1	47	3	5596	2479361	7192	2762894	0.000850529	0.000394223	0	0.003	384.162	633.525	7	9422	
4.6	4.7	2	2	57	3	205	8502	241	9895	0.00105479	0.0011086	0	0.003	41.0581	32.4164	2	215	
4.6	4.7	7	3	75	3	4	72	4	72	0.000570534	0.000380356	0	0.000760712	18	15.2096	2	31	
4.6	4.7	2	4	73	3	8	134	10	178	0.000467856	0.000558103	0	0.00163571	17.8	16.6052	2	58	
4.6	4.7	5	5	51	3	8479	7541740	9319	7739555	0.00100676	0.000620946	0	0.00408214	830.513	2164.69	4	9422	
4.6	4.7	5	6	38	3	3	6	3	6	0	0	0	0	2	0	2	2	
4.6	4.7	5	7	39	3	4	59	4	59	0.00109732	0.00073174	0	0.001475	14.75	9.5	2	22	
4.6	4.7	5	8	54	3	45	1244	47	1250	0.00085813	0.00120301	0	0.003	26.5957	34.9015	2	114	
4.6	4.7	5	9	55	3	7539	3079617	9359	3484675	0.000888015	0.000393074	0	0.003	372.334	561.769	5	9422	
4.6	4.7	5	10	56	3	24	1063	31	1081	0.000895851	0.000925116	0	0.003	34.871	98.4733	2	558	
4.6	4.7	7	11	98	3	144	5656	158	6178	0.000869597	0.000930651	0	0.003	39.1013	36.0416	2	225	
4.6	4.7	7	12	105	3	6	184	18	518	0.000633134	0.000894326	0	0.003	28.7778	36.5522	2	105	
4.6	4.7	5	13	59	3	10874	9375010	11548	9446118	0.00092841	0.000530529	0	0.00308214	817.987	1940.96	4	9422	
4.6	4.7	3	14	69	3	2	4	3	6	0	0	0	0	2	0	2	2	
4.6	4.7	3	15	57	3	1	2	2	4	0	0	0	0	2	0	2	2	
4.6	4.7	5	16	62	3	78	2125	100	2412	0.000678427	0.000795385	0	0.003	24.12	28.0286	2	114	
4.6	4.7	5	17	63	3	9506	4554135	10792	4753907	0.000908005	0.000456831	0	0.00308214	440.503	1266.95	4	9422	
4.6	4.7	7	18	118	3	169	5477	230	7054	0.000697887	0.000615873	0	0.003	30.6696	28.0658	2	122	
4.6	4.7	5	19	65	3	211	8116	280	10158	0.000680572	0.000601368	0	0.003	36.2786	33.3179	2	169	
4.6	4.7	5	20	66	3	52	970	75	1295	0.000816284	0.000640089	0	0.003	17.2667	12.1359	2	62	
4.6	4.7	5	21	67	3	6198	2608140	6707	2677613	0.000923789	0.000466708	0	0.00383214	399.227	1299.7	6	9422	
4.7	4.8	7	1	121	3	5801	2581479	7420	2871745	0.000849344	0.000393549	0	0.003	387.028	625.567	7	9422	
4.7	4.8	2	2	57	3	205	8502	241	9895	0.00105479	0.0011086	0	0.003	41.0581	32.4164	2	215	
4.7	4.8	7	3	75	3	4	72	4	72	0.000570534	0.000380356	0	0.000760712	18	15.2096	2	31	
4.7	4.8	2	4	73	3	8	134	10	178	0.000467856	0.000558103	0	0.00163571	17.8	16.6052	2	58	
4.7	4.8	3	5	87	3	8771	7647975	9651	7859582	0.00100266	0.000614331	0	0.00408214	814.38	2129.12	4	9422	
4.7	4.8	5	6	38	3	3	6	3	6	0	0	0	0	2	0	2	2	
4.7	4.8	5	7	39	3	4	59	4	59	0.00109732	0.00073174	0	0.001475	14.75	9.5	2	22	
4.7	4.8	3	8	89	3	47	1288	49	1294	0.000854154	0.00117785	0	0.003	26.4082	34.179	2	114	
4.7	4.8	8	9	28	3	7607	3089727	9425	3494270	0.000889007	0.000395966	0	0.00383214	370.745	560.141	5	9422	
4.7	4.8	7	10	124	3	62	2408	70	2428	0.000750968	0.000688624	0	0.003	34.6857	68.1715	2	558	
4.7	4.8	7	11	98	3	144	5656	158	6178	0.000869597	0.000930651	0	0.003	39.1013	36.0416	2	225	
4.7	4.8	7	12	105	3	6	184	18	518	0.000633134	0.000894326	0	0.003	28.7778	36.5522	2	105	
4.7	4.8	3	13	95	3	10986	9381443	11661	9452693	0.000928084	0.000529573	0	0.00383214	810.625	1932.97	4	9422	
4.7	4.8	3	14	69	3	2	4	3	6	0	0	0	0	2	0	2	2	
4.7	4.8	3	15	57	3	1	2	2	4	0	0	0	0	2	0	2	2	
4.7	4.8	5	16	62	3	78	2125	100	2412	0.000678427	0.000795385	0	0.003	24.12	28.0286	2	114	
4.7	4.8	3	17	91	3	9776	4677567	11082	4884731	0.000907268	0.000454158	0	0.00308214	440.781	1250.57	4	9422	
4.7	4.8	8	18	32	3	173	5769	234	7346	0.000699342	0.000610712	0	0.003	31.3932	28.7874	2	122	
4.7	4.8	3	19	92	3	217	8436	289	10724	0.000676098	0.000596239	0	0.003	37.1073	33.7149	2	169	
4.7	4.8	3	20	93	3	60	1118	87	1494	0.000756772	0.000629079	0	0.003	17.1724	15.7592	2	112	
4.7	4.8	3	21	94	3	6477	2680910	7023	2757105	0.000922687	0.000462193	0	0.00383214	392.582	1270.76	6	9422	
4.8	4.9	7	1	121	3	5964	2648970	7604	2942048	0.000850669	0.000394691	0	0.003	386.908	619.18	7	9422	
4.8	4.9	2	2	57	3	205	8502	241	9895	0.00105479	0.0011086	0	0.003	41.0581	32.4164	2	215	
4.8	4.9	7	3	75	3	4	72	4	72	0.000570534	0.000380356	0	0.000760712	18	15.2096	2	31	
4.8	4.9	2	4	73	3	8	134	10	178	0.000467856	0.000558103	0	0.00163571	17.8	16.6052	2	58	
4.8	4.9	3	5	87	3	9073	7875897	9988	8105807	0.0009991	0.00060866	0	0.00408214	811.555	2095.05	4	9422	
4.8	4.9	5	6	38	3	3	6	3	6	0	0	0	0	2	0	2	2	
4.8	4.9	5	7	39	3	4	59	4	59	0.00109732	0.00073174	0	0.001475	14.75	9.5	2	22	
4.8	4.9	3	8	89	3	50	1354	52	1360	0.000903365	0.00116026	0	0.003	26.1538	33.1748	2	114	
4.8	4.9	8	9	28	3	7869	3252355	9697	3657129	0.000889782	0.000394907	0	0.00383214	377.14	554.861	5	9422	
4.8	4.9	7	10	124	3	72	2721	80	2741	0.000761159	0.000686258	0	0.003	34.2625	64.4635	2	558	
4.8	4.9	7	11	98	3	144	5656	158	6178	0.000869597	0.000930651	0	0.003	39.1013	36.0416	2	225	
4.8	4.9	7	12	105	3	6	184	18	518	0.000633134	0.000894326	0	0.003	28.7778	36.5522	2	105	
4.8	4.9	3	13	95	3	11008	9382310	11683	9453560	0.000928084	0.000529237	0	0.00383214	809.172	1931.44	4	9422	
4.8	4.9	3	14	69	3	2	4	3	6	0	0	0	0	2	0	2	2	
4.8	4.9	3	15	57	3	1	2	2	4	0	0	0	0	2	0	2	2	
4.8	4.9	5	16	62	3	78	2125	100	2412	0.000678427	0.000795385	0	0.003	24.12	28.0286	2	114	
4.8	4.9	3	17	91	3	10002	4807282	11331	5027077	0.000907099	0.000452354	0	0.00308214	443.657	1237.62	4	9422	
4.8	4.9	8	18	32	3	180	6349	242	7976	0.000703393	0.0006055	0	0.003	32.9587	31.1915	2	197	
4.8	4.9	3	19	92	3	227	8858	299	11146	0.000683228	0.000589282	0	0.003	37.2776	33.5399	2	169	
4.8	4.9	3	20	93	3	66	1242	93	1618	0.000743125	0.000641434	0	0.003	17.3978	16.6839	2	112	
4.8	4.9	3	21	94	3	6613	2698447	7178	2777189	0.000920636	0.000460254	0	0.00383214	386.903	1257.6	6	9422	
4.9	5	7	1	121	3	5964	2648970	7604	2942048	0.000850669	0.000394691	0	0.003	386.908	619.18	7	9422	
4.9	5	5	2	69	3	209	8626	246	10041	0.00104514	0.00110009	0	0.003	40.8171	32.1935	2	215	
4.9	5	5	3	71	3	6	76	6	76	0.000380356	0.000416659	0	0.000760712	12.6667	14.3898	2	31	
4.9	5	5	4	74	3	12	200	15	246	0.000422856	0.00051374	0	0.00163571	16.4	15.923	2	58	
4.9	5	5	5	70	3	9156	7894171	10075	8127088	0.000998845	0.000607309	0	0.00408214	806.659	2086.77	4	9422	
4.9	5	5	6	38	3	3	6	3	6	0	0	0	0	2	0	2	2	
4.9	5	5	7	39	3	4	59	4	59	0.00109732	0.00073174	0	0.001475	14.75	9.5	2	22	
4.9	5	3	8	89	3	50	1354	52	1360	0.000903365	0.00116026	0	0.003	26.1538	33.1748	2	114	
4.9	5	5	9	75	3	8172	3518391	10021	3934519	0.000890901	0.000394392	0	0.00383214	392.627	558.31	5	9422	
4.9	5	7	10	124	3	73	2725	81	2745	0.000751762	0.000687179	0	0.003	33.8889	64.1475	2	558	
4.9	5	7	11	98	3	144	5656	158	6178	0.000869597	0.000930651	0	0.003	39.1013	36.0416	2	225	
4.9	5	7	12	105	3	6	184	18	518	0.000633134	0.000894326	0	0.003	28.7778	36.5522	2	105	
4.9	5	5	13	79	3	11017	9382533	11727	9455975	0.000928421	0.000528872	0	0.00383214	806.342	1928.36	4	9422	
4.9	5	3	14	69	3	2	4	3	6	0	0	0	0	2	0	2	2	
4.9	5	3	15	57	3	1	2	2	4	0	0	0	0	2	0	2	2	
4.9	5	5	16	82	3	80	2187	102	2474	0.000681441	0.000787762	0	0.003	24.2549	27.8947	2	114	
4.9	5	5	17	85	3	10025	4815387	11369	5034440	0.000906966	0.000451909	0	0.00308214	442.822	1235.67	4	9422	
4.9	5	8	18	32	3	180	6349	242	7976	0.000703393	0.0006055	0	0.003	32.9587	31.1915	2	197	
4.9	5	3	19	92	3	227	8858	299	11146	0.000683228	0.000589282	0	0.003	37.2776	33.5399	2	169	
4.9	5	5	20	87	3	77	1554	106	2081	0.000704244	0.000625166	0	0.003	19.6321	20.0572	2	112	
4.9	5	3	21	94	3	6619	2698823	7185	2777627	0.000921112	0.000460518	0	0.00383214	386.587	1257.03	6	9422	
