timestamp,ueImsiComplete,plmId,nrCellId,dlAvailablePrbs,ulAvailablePrbs,qci,dlPrbUsage,ulPrbUsage,TB.TotNbrDl.1,TB.TotNbrDlInitial,TB.TotNbrDlInitial.Qpsk,TB.TotNbrDlInitial.16Qam,TB.TotNbrDlInitial.64Qam,RRU.PrbUsedDl,TB.ErrTotalNbrDl.1,QosFlow.PdcpPduVolumeDL_Filter,CARR.PDSCHMCSDist.Bin1,CARR.PDSCHMCSDist.Bin2,CARR.PDSCHMCSDist.Bin3,CARR.PDSCHMCSDist.Bin4,CARR.PDSCHMCSDist.Bin5,CARR.PDSCHMCSDist.Bin6,L1M.RS-SINR.Bin34,L1M.RS-SINR.Bin46,L1M.RS-SINR.Bin58,L1M.RS-SINR.Bin70,L1M.RS-SINR.Bin82,L1M.RS-SINR.Bin94,L1M.RS-SINR.Bin127,DRB.BufferSize.Qos,DRB.MeanActiveUeDl,TB.TotNbrDl.1.UEID,TB.TotNbrDlInitial.UEID,TB.TotNbrDlInitial.Qpsk.UEID,TB.TotNbrDlInitial.16Qam.UEID,TB.TotNbrDlInitial.64Qam.UEID,TB.ErrTotalNbrDl.1.UEID,QosFlow.PdcpPduVolumeDL_Filter.UEID,RRU.PrbUsedDl.UEID,CARR.PDSCHMCSDist.Bin1.UEID,CARR.PDSCHMCSDist.Bin2.UEID,CARR.PDSCHMCSDist.Bin3.UEID,CARR.PDSCHMCSDist.Bin4.UEID,CARR.PDSCHMCSDist.Bin5.UEID,CARR.PDSCHMCSDist.Bin6.UEID,L1M.RS-SINR.Bin34.UEID,L1M.RS-SINR.Bin46.UEID,L1M.RS-SINR.Bin58.UEID,L1M.RS-SINR.Bin70.UEID,L1M.RS-SINR.Bin82.UEID,L1M.RS-SINR.Bin94.UEID,L1M.RS-SINR.Bin127.UEID,DRB.BufferSize.Qos.UEID,DRB.UEThpDl.UEID,DRB.UEThpDlPdcpBased.UEID
100,00002,111,4,139,139,1,0,0,0,0,0,0,0,0,0,0,0,0,0,0,0,0,0,0,0,0,0,0,0,0,2,0,0,0,0,0,0,0,0.000000,0,0,0,0,0,0,0,0,0,0,0,0,0,0,0.000000,0.000000
100,00008,111,4,139,139,1,0,0,0,0,0,0,0,0,0,0,0,0,0,0,0,0,0,0,0,0,0,0,0,0,2,0,0,0,0,0,0,0,0.000000,0,0,0,0,0,0,0,0,0,0,0,0,0,0,0.000000,0.000000
200,00002,111,4,139,139,1,0,0,21,14,20,1,0,0,7,1677,15,5,1,0,0,0,0,10,6,3,2,0,0,0,5,6,4,6,0,0,2,298,0.248214,3,3,0,0,0,0,0,1,4,1,0,0,0,0,387.583092,0.000000
200,00008,111,4,139,139,1,0,0,21,14,20,1,0,0,7,1677,15,5,1,0,0,0,0,10,6,3,2,0,0,0,5,4,4,3,1,0,0,202,0.148929,1,2,1,0,0,0,0,0,0,2,2,0,0,0,832.351546,0.000000
200,00001,111,4,139,139,1,0,0,21,14,20,1,0,0,7,1677,15,5,1,0,0,0,0,10,6,3,2,0,0,0,5,5,3,5,0,0,2,535,0.741861,5,0,0,0,0,0,0,3,2,0,0,0,0,0,22585.957502,9740.000000
200,00007,111,4,139,139,1,0,0,21,14,20,1,0,0,7,1677,15,5,1,0,0,0,0,10,6,3,2,0,0,0,5,0,0,0,0,0,0,0,0.000000,0,0,0,0,0,0,0,0,0,0,0,0,0,0,0.000000,0.000000
200,00009,111,4,139,139,1,0,0,21,14,20,1,0,0,7,1677,15,5,1,0,0,0,0,10,6,3,2,0,0,0,5,6,3,6,0,0,3,642,0.890233,6,0,0,0,0,0,0,6,0,0,0,0,0,0,6965.772220,9110.000000
300,00002,111,4,139,139,1,4,0,30,12,30,0,0,6,18,3210,30,0,0,0,0,0,9,20,1,0,0,0,0,348157,7,0,0,0,0,0,0,0,0.000000,0,0,0,0,0,0,0,0,0,0,0,0,0,0,387.583092,0.000000
300,00008,111,4,139,139,1,4,0,30,12,30,0,0,6,18,3210,30,0,0,0,0,0,9,20,1,0,0,0,0,348157,7,0,0,0,0,0,0,0,0.000000,0,0,0,0,0,0,0,0,0,0,0,0,0,0,832.351546,0.000000
300,00001,111,4,139,139,1,4,0,30,12,30,0,0,6,18,3210,30,0,0,0,0,0,9,20,1,0,0,0,0,348157,7,23,9,23,0,0,14,2461,6.850714,23,0,0,0,0,0,9,13,1,0,0,0,0,115280,19681.888826,8690.000000
300,00007,111,4,139,139,1,4,0,30,12,30,0,0,6,18,3210,30,0,0,0,0,0,9,20,1,0,0,0,0,348157,7,0,0,0,0,0,0,0,0.000000,0,0,0,0,0,0,0,0,0,0,0,0,0,0,0.000000,0.000000
300,00010,111,4,139,139,1,4,0,30,12,30,0,0,6,18,3210,30,0,0,0,0,0,9,20,1,0,0,0,0,348157,7,0,0,0,0,0,0,0,0.000000,0,0,0,0,0,0,0,0,0,0,0,0,0,0,0.000000,0.000000
300,00020,111,4,139,139,1,4,0,30,12,30,0,0,6,18,3210,30,0,0,0,0,0,9,20,1,0,0,0,0,348157,7,0,0,0,0,0,0,0,0.000000,0,0,0,0,0,0,0,0,0,0,0,0,0,0,181.333394,0.000000
300,00013,111,4,139,139,1,4,0,30,12,30,0,0,6,18,3210,30,0,0,0,0,0,9,20,1,0,0,0,0,348157,7,7,3,7,0,0,4,749,0.693267,7,0,0,0,0,0,0,7,0,0,0,0,0,232877,6661.033952,10480.000000
400,00002,111,4,139,139,1,17,0,608,454,244,131,233,25,154,334807,225,19,36,168,160,0,2,51,149,40,188,178,0,991048,9,0,0,0,0,0,0,0,0.000000,0,0,0,0,0,0,0,0,0,0,0,0,0,0,387.583092,0.000000
400,00008,111,4,139,139,1,17,0,608,454,244,131,233,25,154,334807,225,19,36,168,160,0,2,51,149,40,188,178,0,991048,9,0,0,0,0,0,0,0,0.000000,0,0,0,0,0,0,0,0,0,0,0,0,0,0,832.351546,0.000000
400,00007,111,4,139,139,1,17,0,608,454,244,131,233,25,154,334807,225,19,36,168,160,0,2,51,149,40,188,178,0,991048,9,0,0,0,0,0,0,0,0.000000,0,0,0,0,0,0,0,0,0,0,0,0,0,0,0.000000,0.000000
400,00010,111,4,139,139,1,17,0,608,454,244,131,233,25,154,334807,225,19,36,168,160,0,2,51,149,40,188,178,0,991048,9,0,0,0,0,0,0,0,0.000000,0,0,0,0,0,0,0,0,0,0,0,0,0,0,0.000000,0.000000
400,00013,111,4,139,139,1,17,0,608,454,244,131,233,25,154,334807,225,19,36,168,160,0,2,51,149,40,188,178,0,991048,9,33,19,33,0,0,14,2289,4.120357,33,0,0,0,0,0,2,16,15,0,0,0,0,356281,8468.134457,11310.000000
400,00005,111,4,139,139,1,17,0,608,454,244,131,233,25,154,334807,225,19,36,168,160,0,2,51,149,40,188,178,0,991048,9,377,290,13,131,233,87,316498,17.670751,12,1,36,168,160,0,0,11,0,0,188,178,0,33143,8874.047059,18650.000000
400,00021,111,4,139,139,1,17,0,608,454,244,131,233,25,154,334807,225,19,36,168,160,0,2,51,149,40,188,178,0,991048,9,36,26,36,0,0,10,1194,0.848543,36,0,0,0,0,0,0,18,18,0,0,0,0,370094,5909.174456,9110.000000
400,00001,111,4,139,139,1,17,0,608,454,244,131,233,25,154,334807,225,19,36,168,160,0,2,51,149,40,188,178,0,991048,9,158,115,158,0,0,43,14721,4.366589,140,18,0,0,0,0,0,5,113,40,0,0,0,231369,7533.373489,10790.000000
400,00018,111,4,139,139,1,17,0,608,454,244,131,233,25,154,334807,225,19,36,168,160,0,2,51,149,40,188,178,0,991048,9,4,4,4,0,0,0,105,0.080519,4,0,0,0,0,0,0,1,3,0,0,0,0,161,279.367708,60.000000
500,00002,111,4,139,139,1,74,0,1056,813,772,232,52,104,243,178996,476,296,179,98,7,0,0,45,366,416,229,0,0,1428867,9,11,9,3,5,3,2,853,0.297857,1,2,0,8,0,0,0,0,0,3,8,0,0,0,233.947189,30.000000
500,00008,111,4,139,139,1,74,0,1056,813,772,232,52,104,243,178996,476,296,179,98,7,0,0,45,366,416,229,0,0,1428867,9,0,0,0,0,0,0,0,0.000000,0,0,0,0,0,0,0,0,0,0,0,0,0,0,832.351546,0.000000
500,00007,111,4,139,139,1,74,0,1056,813,772,232,52,104,243,178996,476,296,179,98,7,0,0,45,366,416,229,0,0,1428867,9,0,0,0,0,0,0,0,0.000000,0,0,0,0,0,0,0,0,0,0,0,0,0,0,0.000000,0.000000
500,00013,111,4,139,139,1,74,0,1056,813,772,232,52,104,243,178996,476,296,179,98,7,0,0,45,366,416,229,0,0,1428867,9,184,133,184,0,0,51,8375,14.024107,183,1,0,0,0,0,0,19,165,0,0,0,0,484915,7689.624234,9320.000000
500,00005,111,4,139,139,1,74,0,1056,813,772,232,52,104,243,178996,476,296,179,98,7,0,0,45,366,416,229,0,0,1428867,9,433,339,161,223,49,94,126743,47.905357,50,111,175,90,7,0,0,0,26,186,221,0,0,77420,8232.663136,15300.000000
500,00021,111,4,139,139,1,74,0,1056,813,772,232,52,104,243,178996,476,296,179,98,7,0,0,45,366,416,229,0,0,1428867,9,32,14,32,0,0,18,806,2.060179,32,0,0,0,0,0,0,26,6,0,0,0,0,527042,6802.311952,8800.000000
500,00001,111,4,139,139,1,74,0,1056,813,772,232,52,104,243,178996,476,296,179,98,7,0,0,45,366,416,229,0,0,1428867,9,396,318,392,4,0,78,42219,41.774464,210,182,4,0,0,0,0,0,169,227,0,0,0,339490,3563.877883,10160.000000
500,00020,111,4,139,139,1,74,0,1056,813,772,232,52,104,243,178996,476,296,179,98,7,0,0,45,366,416,229,0,0,1428867,9,0,0,0,0,0,0,0,0.000000,0,0,0,0,0,0,0,0,0,0,0,0,0,0,181.333394,0.000000
500,00014,111,4,139,139,1,74,0,1056,813,772,232,52,104,243,178996,476,296,179,98,7,0,0,45,366,416,229,0,0,1428867,9,0,0,0,0,0,0,0,0.000000,0,0,0,0,0,0,0,0,0,0,0,0,0,0,0.000000,0.000000
800,00003,111,4,139,139,1,6,0,254,223,254,0,0,9,31,65781,207,47,0,0,0,0,9,0,184,61,0,0,0,372253,3,0,0,0,0,0,0,0,0.000000,0,0,0,0,0,0,0,0,0,0,0,0,0,0,0.000000,0.000000
800,00005,111,4,139,139,1,6,0,254,223,254,0,0,9,31,65781,207,47,0,0,0,0,9,0,184,61,0,0,0,372253,3,254,223,254,0,0,31,65781,9.296218,207,47,0,0,0,0,9,0,184,61,0,0,0,372253,8370.093242,14040.000000
800,00012,111,4,139,139,1,6,0,254,223,254,0,0,9,31,65781,207,47,0,0,0,0,9,0,184,61,0,0,0,372253,3,0,0,0,0,0,0,0,0.000000,0,0,0,0,0,0,0,0,0,0,0,0,0,0,186.666729,0.000000
900,00003,111,4,139,139,1,17,0,90,73,90,0,0,25,17,13624,90,0,0,0,0,0,0,2,88,0,0,0,0,505751,3,0,0,0,0,0,0,0,0.000000,0,0,0,0,0,0,0,0,0,0,0,0,0,0,0.000000,0.000000
900,00005,111,4,139,139,1,17,0,90,73,90,0,0,25,17,13624,90,0,0,0,0,0,0,2,88,0,0,0,0,505751,3,90,73,90,0,0,17,13624,25.516429,90,0,0,0,0,0,0,2,88,0,0,0,0,505751,8447.175890,11310.000000
900,00012,111,4,139,139,1,17,0,90,73,90,0,0,25,17,13624,90,0,0,0,0,0,0,2,88,0,0,0,0,505751,3,0,0,0,0,0,0,0,0.000000,0,0,0,0,0,0,0,0,0,0,0,0,0,0,186.666729,0.000000
1200,00005,111,4,139,139,1,3,0,991,741,809,149,33,5,250,116585,470,339,117,65,0,0,12,10,375,540,54,0,0,1364046,12,393,327,369,24,0,66,40580,2.838211,208,161,24,0,0,0,0,0,168,225,0,0,0,320916,7952.763956,10790.000000
1200,00019,111,4,139,139,1,3,0,991,741,809,149,33,5,250,116585,470,339,117,65,0,0,12,10,375,540,54,0,0,1364046,12,41,29,31,10,0,12,2792,0.152970,12,19,9,1,0,0,0,0,7,30,4,0,0,0,372.636674,200.000000
1200,00007,111,4,139,139,1,3,0,991,741,809,149,33,5,250,116585,470,339,117,65,0,0,12,10,375,540,54,0,0,1364046,12,0,0,0,0,0,0,0,0.000000,0,0,0,0,0,0,0,0,0,0,0,0,0,0,0.000000,0.000000
1200,00020,111,4,139,139,1,3,0,991,741,809,149,33,5,250,116585,470,339,117,65,0,0,12,10,375,540,54,0,0,1364046,12,0,0,0,0,0,0,0,0.000000,0,0,0,0,0,0,0,0,0,0,0,0,0,0,181.333394,0.000000
1200,00010,111,4,139,139,1,3,0,991,741,809,149,33,5,250,116585,470,339,117,65,0,0,12,10,375,540,54,0,0,1364046,12,0,0,0,0,0,0,0,0.000000,0,0,0,0,0,0,0,0,0,0,0,0,0,0,0.000000,0.000000
1200,00011,111,4,139,139,1,3,0,991,741,809,149,33,5,250,116585,470,339,117,65,0,0,12,10,375,540,54,0,0,1364046,12,0,0,0,0,0,0,0,0.000000,0,0,0,0,0,0,0,0,0,0,0,0,0,0,241.333414,20.000000
1200,00013,111,4,139,139,1,3,0,991,741,809,149,33,5,250,116585,470,339,117,65,0,0,12,10,375,540,54,0,0,1364046,12,171,128,171,0,0,43,14126,1.306445,127,44,0,0,0,0,12,3,103,53,0,0,0,113769,10299.659799,10680.000000
1200,00014,111,4,139,139,1,3,0,991,741,809,149,33,5,250,116585,470,339,117,65,0,0,12,10,375,540,54,0,0,1364046,12,0,0,0,0,0,0,0,0.000000,0,0,0,0,0,0,0,0,0,0,0,0,0,0,0.000000,0.000000
1200,00017,111,4,139,139,1,3,0,991,741,809,149,33,5,250,116585,470,339,117,65,0,0,12,10,375,540,54,0,0,1364046,12,386,257,238,115,33,129,59087,2.685241,123,115,84,64,0,0,0,7,97,232,50,0,0,929361,6217.423448,9530.000000
1200,00008,111,4,139,139,1,3,0,991,741,809,149,33,5,250,116585,470,339,117,65,0,0,12,10,375,540,54,0,0,1364046,12,0,0,0,0,0,0,0,0.000000,0,0,0,0,0,0,0,0,0,0,0,0,0,0,832.351546,0.000000
1200,00003,111,4,139,139,1,3,0,991,741,809,149,33,5,250,116585,470,339,117,65,0,0,12,10,375,540,54,0,0,1364046,12,0,0,0,0,0,0,0,0.000000,0,0,0,0,0,0,0,0,0,0,0,0,0,0,0.000000,0.000000
1200,00012,111,4,139,139,1,3,0,991,741,809,149,33,5,250,116585,470,339,117,65,0,0,12,10,375,540,54,0,0,1364046,12,0,0,0,0,0,0,0,0.000000,0,0,0,0,0,0,0,0,0,0,0,0,0,0,186.666729,0.000000
1300,00005,111,4,139,139,1,70,0,824,598,715,95,14,98,226,147194,449,266,72,37,0,0,0,20,385,372,47,0,0,1664737,13,322,228,227,81,14,94,94335,46.465714,134,93,60,35,0,0,0,2,129,144,47,0,0,387345,7767.521301,10160.000000
1300,00019,111,4,139,139,1,70,0,824,598,715,95,14,98,226,147194,449,266,72,37,0,0,0,20,385,372,47,0,0,1664737,13,27,17,19,8,0,10,1533,0.992857,4,15,6,2,0,0,0,0,8,19,0,0,0,0,409.678866,60.000000
1300,00007,111,4,139,139,1,70,0,824,598,715,95,14,98,226,147194,449,266,72,37,0,0,0,20,385,372,47,0,0,1664737,13,0,0,0,0,0,0,0,0.000000,0,0,0,0,0,0,0,0,0,0,0,0,0,0,0.000000,0.000000
1300,00020,111,4,139,139,1,70,0,824,598,715,95,14,98,226,147194,449,266,72,37,0,0,0,20,385,372,47,0,0,1664737,13,0,0,0,0,0,0,0,0.000000,0,0,0,0,0,0,0,0,0,0,0,0,0,0,181.333394,0.000000
1300,00010,111,4,139,139,1,70,0,824,598,715,95,14,98,226,147194,449,266,72,37,0,0,0,20,385,372,47,0,0,1664737,13,0,0,0,0,0,0,0,0.000000,0,0,0,0,0,0,0,0,0,0,0,0,0,0,0.000000,0.000000
1300,00011,111,4,139,139,1,70,0,824,598,715,95,14,98,226,147194,449,266,72,37,0,0,0,20,385,372,47,0,0,1664737,13,0,0,0,0,0,0,0,0.000000,0,0,0,0,0,0,0,0,0,0,0,0,0,0,229.818258,40.000000
1300,00013,111,4,139,139,1,70,0,824,598,715,95,14,98,226,147194,449,266,72,37,0,0,0,20,385,372,47,0,0,1664737,13,209,158,206,3,0,51,20784,22.835714,149,57,3,0,0,0,0,6,115,88,0,0,0,235937,9941.025059,9430.000000
1300,00014,111,4,139,139,1,70,0,824,598,715,95,14,98,226,147194,449,266,72,37,0,0,0,20,385,372,47,0,0,1664737,13,0,0,0,0,0,0,0,0.000000,0,0,0,0,0,0,0,0,0,0,0,0,0,0,0.000000,0.000000
1300,00017,111,4,139,139,1,70,0,824,598,715,95,14,98,226,147194,449,266,72,37,0,0,0,20,385,372,47,0,0,1664737,13,266,195,263,3,0,71,30542,30.282143,162,101,3,0,0,0,0,12,133,121,0,0,0,1041455,6146.389761,9530.000000
1300,00008,111,4,139,139,1,70,0,824,598,715,95,14,98,226,147194,449,266,72,37,0,0,0,20,385,372,47,0,0,1664737,13,0,0,0,0,0,0,0,0.000000,0,0,0,0,0,0,0,0,0,0,0,0,0,0,832.351546,0.000000
1300,00003,111,4,139,139,1,70,0,824,598,715,95,14,98,226,147194,449,266,72,37,0,0,0,20,385,372,47,0,0,1664737,13,0,0,0,0,0,0,0,0.000000,0,0,0,0,0,0,0,0,0,0,0,0,0,0,0.000000,0.000000
1300,00012,111,4,139,139,1,70,0,824,598,715,95,14,98,226,147194,449,266,72,37,0,0,0,20,385,372,47,0,0,1664737,13,0,0,0,0,0,0,0,0.000000,0,0,0,0,0,0,0,0,0,0,0,0,0,0,186.666729,0.000000
1300,00006,111,4,139,139,1,70,0,824,598,715,95,14,98,226,147194,449,266,72,37,0,0,0,20,385,372,47,0,0,1664737,13,0,0,0,0,0,0,0,0.000000,0,0,0,0,0,0,0,0,0,0,0,0,0,0,0.000000,0.000000
1600,00002,111,4,139,139,1,0,0,34,23,34,0,0,0,11,4018,32,2,0,0,0,0,2,17,11,4,0,0,0,109581,8,0,0,0,0,0,0,0,0.000000,0,0,0,0,0,0,0,0,0,0,0,0,0,0,290.079403,0.000000
1600,00007,111,4,139,139,1,0,0,34,23,34,0,0,0,11,4018,32,2,0,0,0,0,2,17,11,4,0,0,0,109581,8,0,0,0,0,0,0,0,0.000000,0,0,0,0,0,0,0,0,0,0,0,0,0,0,0.000000,0.000000
1600,00004,111,4,139,139,1,0,0,34,23,34,0,0,0,11,4018,32,2,0,0,0,0,2,17,11,4,0,0,0,109581,8,0,0,0,0,0,0,0,0.000000,0,0,0,0,0,0,0,0,0,0,0,0,0,0,0.000000,0.000000
1600,00008,111,4,139,139,1,0,0,34,23,34,0,0,0,11,4018,32,2,0,0,0,0,2,17,11,4,0,0,0,109581,8,0,0,0,0,0,0,0,0.000000,0,0,0,0,0,0,0,0,0,0,0,0,0,0,832.351546,0.000000
1600,00016,111,4,139,139,1,0,0,34,23,34,0,0,0,11,4018,32,2,0,0,0,0,2,17,11,4,0,0,0,109581,8,4,4,4,0,0,0,147,0.010854,2,2,0,0,0,0,0,0,0,4,0,0,0,0,289.240928,0.000000
1600,00020,111,4,139,139,1,0,0,34,23,34,0,0,0,11,4018,32,2,0,0,0,0,2,17,11,4,0,0,0,109581,8,0,0,0,0,0,0,0,0.000000,0,0,0,0,0,0,0,0,0,0,0,0,0,0,181.333394,0.000000
1600,00009,111,4,139,139,1,0,0,34,23,34,0,0,0,11,4018,32,2,0,0,0,0,2,17,11,4,0,0,0,109581,8,30,19,30,0,0,11,3871,0.542714,30,0,0,0,0,0,2,17,11,0,0,0,0,109581,6687.529981,9430.000000
1600,00012,111,4,139,139,1,0,0,34,23,34,0,0,0,11,4018,32,2,0,0,0,0,2,17,11,4,0,0,0,109581,8,0,0,0,0,0,0,0,0.000000,0,0,0,0,0,0,0,0,0,0,0,0,0,0,326.520796,0.000000
1700,00007,111,4,139,139,1,31,0,204,166,202,2,0,44,38,40578,163,39,2,0,0,0,0,14,138,52,0,0,0,210927,9,0,0,0,0,0,0,0,0.000000,0,0,0,0,0,0,0,0,0,0,0,0,0,0,0.000000,0.000000
1700,00004,111,4,139,139,1,31,0,204,166,202,2,0,44,38,40578,163,39,2,0,0,0,0,14,138,52,0,0,0,210927,9,0,0,0,0,0,0,0,0.000000,0,0,0,0,0,0,0,0,0,0,0,0,0,0,0.000000,0.000000
1700,00008,111,4,139,139,1,31,0,204,166,202,2,0,44,38,40578,163,39,2,0,0,0,0,14,138,52,0,0,0,210927,9,0,0,0,0,0,0,0,0.000000,0,0,0,0,0,0,0,0,0,0,0,0,0,0,402.893718,0.000000
1700,00016,111,4,139,139,1,31,0,204,166,202,2,0,44,38,40578,163,39,2,0,0,0,0,14,138,52,0,0,0,210927,9,7,3,7,0,0,4,120,0.273036,7,0,0,0,0,0,0,4,3,0,0,0,0,0,275.176766,0.000000
1700,00020,111,4,139,139,1,31,0,204,166,202,2,0,44,38,40578,163,39,2,0,0,0,0,14,138,52,0,0,0,210927,9,0,0,0,0,0,0,0,0.000000,0,0,0,0,0,0,0,0,0,0,0,0,0,0,181.333394,0.000000
1700,00009,111,4,139,139,1,31,0,204,166,202,2,0,44,38,40578,163,39,2,0,0,0,0,14,138,52,0,0,0,210927,9,189,159,187,2,0,30,40175,44.033214,148,39,2,0,0,0,0,2,135,52,0,0,0,210927,6442.457559,11730.000000
1700,00012,111,4,139,139,1,31,0,204,166,202,2,0,44,38,40578,163,39,2,0,0,0,0,14,138,52,0,0,0,210927,9,0,0,0,0,0,0,0,0.000000,0,0,0,0,0,0,0,0,0,0,0,0,0,0,326.520796,0.000000
1700,00011,111,4,139,139,1,31,0,204,166,202,2,0,44,38,40578,163,39,2,0,0,0,0,14,138,52,0,0,0,210927,9,8,4,8,0,0,4,283,0.049621,8,0,0,0,0,0,0,8,0,0,0,0,0,0,285.523919,70.000000
1700,00002,111,4,139,139,1,31,0,204,166,202,2,0,44,38,40578,163,39,2,0,0,0,0,14,138,52,0,0,0,210927,9,0,0,0,0,0,0,0,0.000000,0,0,0,0,0,0,0,0,0,0,0,0,0,0,290.079403,0.000000
1800,00007,111,4,139,139,1,32,0,1107,821,599,378,130,45,286,232784,174,425,255,224,29,0,9,22,73,651,343,9,0,2686681,12,0,0,0,0,0,0,0,0.000000,0,0,0,0,0,0,0,0,0,0,0,0,0,0,0.000000,0.000000
1800,00004,111,4,139,139,1,32,0,1107,821,599,378,130,45,286,232784,174,425,255,224,29,0,9,22,73,651,343,9,0,2686681,12,0,0,0,0,0,0,0,0.000000,0,0,0,0,0,0,0,0,0,0,0,0,0,0,0.000000,0.000000
1800,00008,111,4,139,139,1,32,0,1107,821,599,378,130,45,286,232784,174,425,255,224,29,0,9,22,73,651,343,9,0,2686681,12,6,6,6,0,0,0,140,0.347500,6,0,0,0,0,0,0,0,6,0,0,0,0,0,331.591157,0.000000
1800,00016,111,4,139,139,1,32,0,1107,821,599,378,130,45,286,232784,174,425,255,224,29,0,9,22,73,651,343,9,0,2686681,12,4,4,4,0,0,0,51,0.173750,4,0,0,0,0,0,0,0,2,2,0,0,0,0,277.707128,0.000000
1800,00020,111,4,139,139,1,32,0,1107,821,599,378,130,45,286,232784,174,425,255,224,29,0,9,22,73,651,343,9,0,2686681,12,0,0,0,0,0,0,0,0.000000,0,0,0,0,0,0,0,0,0,0,0,0,0,0,181.333394,0.000000
1800,00009,111,4,139,139,1,32,0,1107,821,599,378,130,45,286,232784,174,425,255,224,29,0,9,22,73,651,343,9,0,2686681,12,424,344,345,79,0,80,69278,43.114821,64,281,79,0,0,0,0,0,26,378,20,0,0,285081,5984.214133,10890.000000
1800,00002,111,4,139,139,1,32,0,1107,821,599,378,130,45,286,232784,174,425,255,224,29,0,9,22,73,651,343,9,0,2686681,12,0,0,0,0,0,0,0,0.000000,0,0,0,0,0,0,0,0,0,0,0,0,0,0,290.079403,0.000000
1800,00005,111,4,139,139,1,32,0,1107,821,599,378,130,45,286,232784,174,425,255,224,29,0,9,22,73,651,343,9,0,2686681,12,415,293,105,195,115,122,124699,2.304675,27,78,100,181,29,0,0,0,7,150,249,9,0,1015363,7041.640533,11420.000000
1800,00017,111,4,139,139,1,32,0,1107,821,599,378,130,45,286,232784,174,425,255,224,29,0,9,22,73,651,343,9,0,2686681,12,49,25,49,0,0,24,1166,0.176434,49,0,0,0,0,0,9,22,18,0,0,0,0,583938,6172.840265,8380.000000
1800,00006,111,4,139,139,1,32,0,1107,821,599,378,130,45,286,232784,174,425,255,224,29,0,9,22,73,651,343,9,0,2686681,12,0,0,0,0,0,0,0,0.000000,0,0,0,0,0,0,0,0,0,0,0,0,0,0,0.000000,0.000000
1800,00018,111,4,139,139,1,32,0,1107,821,599,378,130,45,286,232784,174,425,255,224,29,0,9,22,73,651,343,9,0,2686681,12,4,4,4,0,0,0,51,0.009649,4,0,0,0,0,0,0,0,4,0,0,0,0,0,357.115957,0.000000
1800,00013,111,4,139,139,1,32,0,1107,821,599,378,130,45,286,232784,174,425,255,224,29,0,9,22,73,651,343,9,0,2686681,12,205,145,86,104,15,60,37399,0.873902,20,66,76,43,0,0,0,0,10,121,74,0,0,802299,8301.936074,10370.000000
1900,00007,111,4,139,139,1,70,0,1275,946,1119,156,0,98,329,122401,634,485,156,0,0,0,4,48,559,653,11,0,0,3117052,8,0,0,0,0,0,0,0,0.000000,0,0,0,0,0,0,0,0,0,0,0,0,0,0,0.000000,0.000000
1900,00004,111,4,139,139,1,70,0,1275,946,1119,156,0,98,329,122401,634,485,156,0,0,0,4,48,559,653,11,0,0,3117052,8,0,0,0,0,0,0,0,0.000000,0,0,0,0,0,0,0,0,0,0,0,0,0,0,0.000000,0.000000
1900,00008,111,4,139,139,1,70,0,1275,946,1119,156,0,98,329,122401,634,485,156,0,0,0,4,48,559,653,11,0,0,3117052,8,0,0,0,0,0,0,0,0.000000,0,0,0,0,0,0,0,0,0,0,0,0,0,0,326.412105,0.000000
1900,00009,111,4,139,139,1,70,0,1275,946,1119,156,0,98,329,122401,634,485,156,0,0,0,4,48,559,653,11,0,0,3117052,8,430,339,410,20,0,91,37237,34.923750,248,162,20,0,0,0,0,0,227,201,2,0,0,381652,5539.635918,12570.000000
1900,00005,111,4,139,139,1,70,0,1275,946,1119,156,0,98,329,122401,634,485,156,0,0,0,4,48,559,653,11,0,0,3117052,8,193,109,139,54,0,84,20241,13.453214,73,66,54,0,0,0,4,27,82,77,3,0,0,1130336,7060.656152,9850.000000
1900,00017,111,4,139,139,1,70,0,1275,946,1119,156,0,98,329,122401,634,485,156,0,0,0,4,48,559,653,11,0,0,3117052,8,186,154,186,0,0,32,10473,13.751071,183,3,0,0,0,0,0,7,160,19,0,0,0,707099,5987.956214,9530.000000
1900,00018,111,4,139,139,1,70,0,1275,946,1119,156,0,98,329,122401,634,485,156,0,0,0,4,48,559,653,11,0,0,3117052,8,15,6,15,0,0,9,272,0.719821,15,0,0,0,0,0,0,14,1,0,0,0,0,0,344.975231,10.000000
1900,00013,111,4,139,139,1,70,0,1275,946,1119,156,0,98,329,122401,634,485,156,0,0,0,4,48,559,653,11,0,0,3117052,8,451,338,369,82,0,113,54178,38.076071,115,254,82,0,0,0,0,0,89,356,6,0,0,897965,7876.077803,11520.000000
2200,00004,111,4,139,139,1,2,0,546,419,320,226,0,4,127,221976,125,195,208,18,0,0,12,4,103,284,143,0,0,1741044,7,0,0,0,0,0,0,0,0.000000,0,0,0,0,0,0,0,0,0,0,0,0,0,0,0.000000,0.000000
2200,00007,111,4,139,139,1,2,0,546,419,320,226,0,4,127,221976,125,195,208,18,0,0,12,4,103,284,143,0,0,1741044,7,0,0,0,0,0,0,0,0.000000,0,0,0,0,0,0,0,0,0,0,0,0,0,0,0.000000,0.000000
2200,00008,111,4,139,139,1,2,0,546,419,320,226,0,4,127,221976,125,195,208,18,0,0,12,4,103,284,143,0,0,1741044,7,0,0,0,0,0,0,0,0.000000,0,0,0,0,0,0,0,0,0,0,0,0,0,0,243.190965,0.000000
2200,00013,111,4,139,139,1,2,0,546,419,320,226,0,4,127,221976,125,195,208,18,0,0,12,4,103,284,143,0,0,1741044,7,186,125,179,7,0,61,27788,1.204557,122,57,7,0,0,0,12,4,101,69,0,0,0,863787,7906.453831,11940.000000
2200,00017,111,4,139,139,1,2,0,546,419,320,226,0,4,127,221976,125,195,208,18,0,0,12,4,103,284,143,0,0,1741044,7,360,294,141,219,0,66,194188,3.599008,3,138,201,18,0,0,0,0,2,215,143,0,0,877257,5416.040419,17080.000000
2200,00020,111,4,139,139,1,2,0,546,419,320,226,0,4,127,221976,125,195,208,18,0,0,12,4,103,284,143,0,0,1741044,7,0,0,0,0,0,0,0,0.000000,0,0,0,0,0,0,0,0,0,0,0,0,0,0,181.333394,0.000000
2200,00011,111,4,139,139,1,2,0,546,419,320,226,0,4,127,221976,125,195,208,18,0,0,12,4,103,284,143,0,0,1741044,7,0,0,0,0,0,0,0,0.000000,0,0,0,0,0,0,0,0,0,0,0,0,0,0,370.022300,40.000000
2300,00004,111,4,139,139,1,76,0,406,370,359,47,0,106,36,143028,204,155,38,9,0,0,0,5,157,226,18,0,0,881259,8,0,0,0,0,0,0,0,0.000000,0,0,0,0,0,0,0,0,0,0,0,0,0,0,0.000000,0.000000
2300,00007,111,4,139,139,1,76,0,406,370,359,47,0,106,36,143028,204,155,38,9,0,0,0,5,157,226,18,0,0,881259,8,0,0,0,0,0,0,0,0.000000,0,0,0,0,0,0,0,0,0,0,0,0,0,0,0.000000,0.000000
2300,00008,111,4,139,139,1,76,0,406,370,359,47,0,106,36,143028,204,155,38,9,0,0,0,5,157,226,18,0,0,881259,8,0,0,0,0,0,0,0,0.000000,0,0,0,0,0,0,0,0,0,0,0,0,0,0,250.903194,0.000000
2300,00017,111,4,139,139,1,76,0,406,370,359,47,0,106,36,143028,204,155,38,9,0,0,0,5,157,226,18,0,0,881259,8,390,360,343,47,0,30,142131,105.987500,188,155,38,9,0,0,0,0,146,226,18,0,0,881259,5293.773271,23470.000000
2300,00020,111,4,139,139,1,76,0,406,370,359,47,0,106,36,143028,204,155,38,9,0,0,0,5,157,226,18,0,0,881259,8,0,0,0,0,0,0,0,0.000000,0,0,0,0,0,0,0,0,0,0,0,0,0,0,181.333394,0.000000
2300,00011,111,4,139,139,1,76,0,406,370,359,47,0,106,36,143028,204,155,38,9,0,0,0,5,157,226,18,0,0,881259,8,14,8,14,0,0,6,812,1.588571,14,0,0,0,0,0,0,5,9,0,0,0,0,0,361.810990,50.000000
2300,00019,111,4,139,139,1,76,0,406,370,359,47,0,106,36,143028,204,155,38,9,0,0,0,5,157,226,18,0,0,881259,8,2,2,2,0,0,0,85,0.010788,2,0,0,0,0,0,0,0,2,0,0,0,0,0,431.123140,0.000000
2300,00006,111,4,139,139,1,76,0,406,370,359,47,0,106,36,143028,204,155,38,9,0,0,0,5,157,226,18,0,0,881259,8,0,0,0,0,0,0,0,0.000000,0,0,0,0,0,0,0,0,0,0,0,0,0,0,0.000000,0.000000
2400,00004,111,4,139,139,1,1,0,261,218,258,3,0,2,43,65263,184,74,3,0,0,0,7,5,124,125,0,0,0,915774,11,0,0,0,0,0,0,0,0.000000,0,0,0,0,0,0,0,0,0,0,0,0,0,0,0.000000,0.000000
2400,00007,111,4,139,139,1,1,0,261,218,258,3,0,2,43,65263,184,74,3,0,0,0,7,5,124,125,0,0,0,915774,11,0,0,0,0,0,0,0,0.000000,0,0,0,0,0,0,0,0,0,0,0,0,0,0,0.000000,0.000000
2400,00008,111,4,139,139,1,1,0,261,218,258,3,0,2,43,65263,184,74,3,0,0,0,7,5,124,125,0,0,0,915774,11,2,2,2,0,0,0,85,0.248214,2,0,0,0,0,0,0,0,2,0,0,0,0,0,237.285450,10.000000
2400,00020,111,4,139,139,1,1,0,261,218,258,3,0,2,43,65263,184,74,3,0,0,0,7,5,124,125,0,0,0,915774,11,0,0,0,0,0,0,0,0.000000,0,0,0,0,0,0,0,0,0,0,0,0,0,0,181.333394,0.000000
2400,00003,111,4,139,139,1,1,0,261,218,258,3,0,2,43,65263,184,74,3,0,0,0,7,5,124,125,0,0,0,915774,11,0,0,0,0,0,0,0,0.000000,0,0,0,0,0,0,0,0,0,0,0,0,0,0,0.000000,0.000000
2400,00009,111,4,139,139,1,1,0,261,218,258,3,0,2,43,65263,184,74,3,0,0,0,7,5,124,125,0,0,0,915774,11,251,214,248,3,0,37,64838,2.804979,174,74,3,0,0,0,1,3,122,125,0,0,0,915774,4651.984949,14880.000000
2400,00010,111,4,139,139,1,1,0,261,218,258,3,0,2,43,65263,184,74,3,0,0,0,7,5,124,125,0,0,0,915774,11,0,0,0,0,0,0,0,0.000000,0,0,0,0,0,0,0,0,0,0,0,0,0,0,0.000000,0.000000
2400,00012,111,4,139,139,1,1,0,261,218,258,3,0,2,43,65263,184,74,3,0,0,0,7,5,124,125,0,0,0,915774,11,0,0,0,0,0,0,0,0.000000,0,0,0,0,0,0,0,0,0,0,0,0,0,0,326.520796,0.000000
2400,00014,111,4,139,139,1,1,0,261,218,258,3,0,2,43,65263,184,74,3,0,0,0,7,5,124,125,0,0,0,915774,11,0,0,0,0,0,0,0,0.000000,0,0,0,0,0,0,0,0,0,0,0,0,0,0,0.000000,0.000000
2400,00002,111,4,139,139,1,1,0,261,218,258,3,0,2,43,65263,184,74,3,0,0,0,7,5,124,125,0,0,0,915774,11,0,0,0,0,0,0,0,0.000000,0,0,0,0,0,0,0,0,0,0,0,0,0,0,290.079403,0.000000
2400,00011,111,4,139,139,1,1,0,261,218,258,3,0,2,43,65263,184,74,3,0,0,0,7,5,124,125,0,0,0,915774,11,8,2,8,0,0,6,340,0.041356,8,0,0,0,0,0,6,2,0,0,0,0,0,0,353.908467,50.000000
2500,00004,111,4,139,139,1,67,0,323,264,252,71,0,94,59,144947,95,157,71,0,0,0,0,0,64,259,0,0,0,934187,8,0,0,0,0,0,0,0,0.000000,0,0,0,0,0,0,0,0,0,0,0,0,0,0,0.000000,0.000000
2500,00007,111,4,139,139,1,67,0,323,264,252,71,0,94,59,144947,95,157,71,0,0,0,0,0,64,259,0,0,0,934187,8,0,0,0,0,0,0,0,0.000000,0,0,0,0,0,0,0,0,0,0,0,0,0,0,0.000000,0.000000
2500,00008,111,4,139,139,1,67,0,323,264,252,71,0,94,59,144947,95,157,71,0,0,0,0,0,64,259,0,0,0,934187,8,0,0,0,0,0,0,0,0.000000,0,0,0,0,0,0,0,0,0,0,0,0,0,0,237.285450,0.000000
2500,00003,111,4,139,139,1,67,0,323,264,252,71,0,94,59,144947,95,157,71,0,0,0,0,0,64,259,0,0,0,934187,8,0,0,0,0,0,0,0,0.000000,0,0,0,0,0,0,0,0,0,0,0,0,0,0,0.000000,0.000000
2500,00009,111,4,139,139,1,67,0,323,264,252,71,0,94,59,144947,95,157,71,0,0,0,0,0,64,259,0,0,0,934187,8,323,264,252,71,0,59,144947,94.768214,95,157,71,0,0,0,0,0,64,259,0,0,0,934187,4601.331187,12360.000000
2500,00012,111,4,139,139,1,67,0,323,264,252,71,0,94,59,144947,95,157,71,0,0,0,0,0,64,259,0,0,0,934187,8,0,0,0,0,0,0,0,0.000000,0,0,0,0,0,0,0,0,0,0,0,0,0,0,326.520796,0.000000
2500,00014,111,4,139,139,1,67,0,323,264,252,71,0,94,59,144947,95,157,71,0,0,0,0,0,64,259,0,0,0,934187,8,0,0,0,0,0,0,0,0.000000,0,0,0,0,0,0,0,0,0,0,0,0,0,0,0.000000,0.000000
2500,00006,111,4,139,139,1,67,0,323,264,252,71,0,94,59,144947,95,157,71,0,0,0,0,0,64,259,0,0,0,934187,8,0,0,0,0,0,0,0,0.000000,0,0,0,0,0,0,0,0,0,0,0,0,0,0,0.000000,0.000000
2600,00007,111,4,139,139,1,56,0,594,455,354,192,48,79,139,230852,176,178,156,63,21,0,9,0,170,162,238,15,0,1961963,6,0,0,0,0,0,0,0,0.000000,0,0,0,0,0,0,0,0,0,0,0,0,0,0,0.000000,0.000000
2600,00008,111,4,139,139,1,56,0,594,455,354,192,48,79,139,230852,176,178,156,63,21,0,9,0,170,162,238,15,0,1961963,6,0,0,0,0,0,0,0,0.000000,0,0,0,0,0,0,0,0,0,0,0,0,0,0,237.285450,0.000000
2600,00009,111,4,139,139,1,56,0,594,455,354,192,48,79,139,230852,176,178,156,63,21,0,9,0,170,162,238,15,0,1961963,6,383,299,143,192,48,84,204575,78.386071,8,135,156,63,21,0,0,0,4,126,238,15,0,901194,4613.100451,14460.000000
2600,00014,111,4,139,139,1,56,0,594,455,354,192,48,79,139,230852,176,178,156,63,21,0,9,0,170,162,238,15,0,1961963,6,0,0,0,0,0,0,0,0.000000,0,0,0,0,0,0,0,0,0,0,0,0,0,0,0.000000,0.000000
2600,00017,111,4,139,139,1,56,0,594,455,354,192,48,79,139,230852,176,178,156,63,21,0,9,0,170,162,238,15,0,1961963,6,211,156,211,0,0,55,26277,1.136684,168,43,0,0,0,0,9,0,166,36,0,0,0,1060769,5011.767096,12890.000000
2600,00020,111,4,139,139,1,56,0,594,455,354,192,48,79,139,230852,176,178,156,63,21,0,9,0,170,162,238,15,0,1961963,6,0,0,0,0,0,0,0,0.000000,0,0,0,0,0,0,0,0,0,0,0,0,0,0,181.333394,0.000000
2700,00007,111,4,139,139,1,83,0,414,328,178,214,22,116,86,282504,64,114,164,68,4,0,0,15,8,152,239,0,0,2105308,4,0,0,0,0,0,0,0,0.000000,0,0,0,0,0,0,0,0,0,0,0,0,0,0,0.000000,0.000000
2700,00008,111,4,139,139,1,83,0,414,328,178,214,22,116,86,282504,64,114,164,68,4,0,0,15,8,152,239,0,0,2105308,4,0,0,0,0,0,0,0,0.000000,0,0,0,0,0,0,0,0,0,0,0,0,0,0,237.285450,0.000000
2700,00009,111,4,139,139,1,83,0,414,328,178,214,22,116,86,282504,64,114,164,68,4,0,0,15,8,152,239,0,0,2105308,4,396,318,160,214,22,78,281568,114.153750,46,114,164,68,4,0,0,0,5,152,239,0,0,912321,4642.321675,12990.000000
2700,00017,111,4,139,139,1,83,0,414,328,178,214,22,116,86,282504,64,114,164,68,4,0,0,15,8,152,239,0,0,2105308,4,18,10,18,0,0,8,936,2.680714,18,0,0,0,0,0,0,15,3,0,0,0,0,1192987,5010.269059,9740.000000
4100,00005,111,4,139,139,1,0,0,50,37,49,1,0,0,13,7897,48,1,1,0,0,0,0,16,31,1,2,0,0,842679,3,39,31,39,0,0,8,6852,0.259669,39,0,0,0,0,0,0,8,31,0,0,0,0,841921,6547.233642,11730.000000
4100,00008,111,4,139,139,1,0,0,50,37,49,1,0,0,13,7897,48,1,1,0,0,0,0,16,31,1,2,0,0,842679,3,3,3,2,1,0,0,189,0.003026,1,1,1,0,0,0,0,0,0,1,2,0,0,0,257.003216,10.000000
4100,00019,111,4,139,139,1,0,0,50,37,49,1,0,0,13,7897,48,1,1,0,0,0,0,16,31,1,2,0,0,842679,3,8,3,8,0,0,5,856,0.058108,8,0,0,0,0,0,0,8,0,0,0,0,0,758,380.103106,50.000000
