timestamp,ueImsiComplete,plmId,nrCellId,dlAvailablePrbs,ulAvailablePrbs,qci,dlPrbUsage,ulPrbUsage,TB.TotNbrDl.1,TB.TotNbrDlInitial,TB.TotNbrDlInitial.Qpsk,TB.TotNbrDlInitial.16Qam,TB.TotNbrDlInitial.64Qam,RRU.PrbUsedDl,TB.ErrTotalNbrDl.1,QosFlow.PdcpPduVolumeDL_Filter,CARR.PDSCHMCSDist.Bin1,CARR.PDSCHMCSDist.Bin2,CARR.PDSCHMCSDist.Bin3,CARR.PDSCHMCSDist.Bin4,CARR.PDSCHMCSDist.Bin5,CARR.PDSCHMCSDist.Bin6,L1M.RS-SINR.Bin34,L1M.RS-SINR.Bin46,L1M.RS-SINR.Bin58,L1M.RS-SINR.Bin70,L1M.RS-SINR.Bin82,L1M.RS-SINR.Bin94,L1M.RS-SINR.Bin127,DRB.BufferSize.Qos,DRB.MeanActiveUeDl,TB.TotNbrDl.1.UEID,TB.TotNbrDlInitial.UEID,TB.TotNbrDlInitial.Qpsk.UEID,TB.TotNbrDlInitial.16Qam.UEID,TB.TotNbrDlInitial.64Qam.UEID,TB.ErrTotalNbrDl.1.UEID,QosFlow.PdcpPduVolumeDL_Filter.UEID,RRU.PrbUsedDl.UEID,CARR.PDSCHMCSDist.Bin1.UEID,CARR.PDSCHMCSDist.Bin2.UEID,CARR.PDSCHMCSDist.Bin3.UEID,CARR.PDSCHMCSDist.Bin4.UEID,CARR.PDSCHMCSDist.Bin5.UEID,CARR.PDSCHMCSDist.Bin6.UEID,L1M.RS-SINR.Bin34.UEID,L1M.RS-SINR.Bin46.UEID,L1M.RS-SINR.Bin58.UEID,L1M.RS-SINR.Bin70.UEID,L1M.RS-SINR.Bin82.UEID,L1M.RS-SINR.Bin94.UEID,L1M.RS-SINR.Bin127.UEID,DRB.BufferSize.Qos.UEID,DRB.UEThpDl.UEID,DRB.UEThpDlPdcpBased.UEID
100,00017,111,3,139,139,1,0,0,0,0,0,0,0,0,0,0,0,0,0,0,0,0,0,0,0,0,0,0,0,0,2,0,0,0,0,0,0,0,0.000000,0,0,0,0,0,0,0,0,0,0,0,0,0,0,0.000000,0.000000
100,00020,111,3,139,139,1,0,0,0,0,0,0,0,0,0,0,0,0,0,0,0,0,0,0,0,0,0,0,0,0,2,0,0,0,0,0,0,0,0.000000,0,0,0,0,0,0,0,0,0,0,0,0,0,0,0.000000,0.000000
200,00017,111,3,139,139,1,58,0,621,464,451,163,7,82,157,155869,306,145,137,33,0,0,0,1,286,215,119,0,0,148532,6,354,267,184,163,7,87,126677,64.188214,54,130,137,33,0,0,0,0,41,194,119,0,0,44733,4984.029191,11210.000000
200,00020,111,3,139,139,1,58,0,621,464,451,163,7,82,157,155869,306,145,137,33,0,0,0,1,286,215,119,0,0,148532,6,3,3,3,0,0,0,41,0.124107,3,0,0,0,0,0,0,0,3,0,0,0,0,0,181.333394,0.000000
200,00018,111,3,139,139,1,58,0,621,464,451,163,7,82,157,155869,306,145,137,33,0,0,0,1,286,215,119,0,0,148532,6,5,3,5,0,0,2,63,0.086550,5,0,0,0,0,0,0,1,4,0,0,0,0,0,192.000064,0.000000
200,00006,111,3,139,139,1,58,0,621,464,451,163,7,82,157,155869,306,145,137,33,0,0,0,1,286,215,119,0,0,148532,6,0,0,0,0,0,0,0,0.000000,0,0,0,0,0,0,0,0,0,0,0,0,0,0,0.000000,0.000000
200,00021,111,3,139,139,1,58,0,621,464,451,163,7,82,157,155869,306,145,137,33,0,0,0,1,286,215,119,0,0,148532,6,259,191,259,0,0,68,29088,18.076677,244,15,0,0,0,0,0,0,238,21,0,0,0,103799,4335.118694,9530.000000
200,00019,111,3,139,139,1,58,0,621,464,451,163,7,82,157,155869,306,145,137,33,0,0,0,1,286,215,119,0,0,148532,6,0,0,0,0,0,0,0,0.000000,0,0,0,0,0,0,0,0,0,0,0,0,0,0,176.000059,0.000000
300,00017,111,3,139,139,1,63,0,995,747,343,234,418,88,248,380573,246,97,120,189,333,10,0,14,218,139,285,261,78,350652,7,435,332,64,186,185,103,184283,50.412321,15,49,99,141,131,0,0,0,0,94,206,135,0,23371,5985.952279,16030.000000
300,00018,111,3,139,139,1,63,0,995,747,343,234,418,88,248,380573,246,97,120,189,333,10,0,14,218,139,285,261,78,350652,7,8,4,8,0,0,4,99,0.297857,8,0,0,0,0,0,0,4,4,0,0,0,0,54,208.000069,0.000000
300,00006,111,3,139,139,1,63,0,995,747,343,234,418,88,248,380573,246,97,120,189,333,10,0,14,218,139,285,261,78,350652,7,0,0,0,0,0,0,0,0.000000,0,0,0,0,0,0,0,0,0,0,0,0,0,0,0.000000,0.000000
300,00021,111,3,139,139,1,63,0,995,747,343,234,418,88,248,380573,246,97,120,189,333,10,0,14,218,139,285,261,78,350652,7,268,209,268,0,0,59,25306,28.867321,221,47,0,0,0,0,0,10,214,44,0,0,0,215845,4777.745032,11630.000000
300,00019,111,3,139,139,1,63,0,995,747,343,234,418,88,248,380573,246,97,120,189,333,10,0,14,218,139,285,261,78,350652,7,0,0,0,0,0,0,0,0.000000,0,0,0,0,0,0,0,0,0,0,0,0,0,0,176.000059,0.000000
300,00005,111,3,139,139,1,63,0,995,747,343,234,418,88,248,380573,246,97,120,189,333,10,0,14,218,139,285,261,78,350652,7,284,202,3,48,233,82,170885,10.134901,2,1,21,48,202,10,0,0,0,1,79,126,78,111382,8324.988895,18230.000000
300,00020,111,3,139,139,1,63,0,995,747,343,234,418,88,248,380573,246,97,120,189,333,10,0,14,218,139,285,261,78,350652,7,0,0,0,0,0,0,0,0.000000,0,0,0,0,0,0,0,0,0,0,0,0,0,0,181.333394,0.000000
600,00005,111,3,139,139,1,12,0,769,503,187,17,565,17,266,508433,123,64,13,54,442,73,0,0,63,146,75,253,232,351519,4,355,252,4,0,351,103,308497,8.061025,3,1,0,22,269,60,0,0,0,0,7,139,209,167398,8502.218152,18750.000000
600,00017,111,3,139,139,1,12,0,769,503,187,17,565,17,266,508433,123,64,13,54,442,73,0,0,63,146,75,253,232,351519,4,401,242,180,12,209,159,198444,9.222044,117,63,12,23,173,13,0,0,63,140,61,114,23,184121,6854.077108,10580.000000
600,00020,111,3,139,139,1,12,0,769,503,187,17,565,17,266,508433,123,64,13,54,442,73,0,0,63,146,75,253,232,351519,4,0,0,0,0,0,0,0,0.000000,0,0,0,0,0,0,0,0,0,0,0,0,0,0,181.333394,0.000000
600,00018,111,3,139,139,1,12,0,769,503,187,17,565,17,266,508433,123,64,13,54,442,73,0,0,63,146,75,253,232,351519,4,13,9,3,5,5,4,1492,0.111557,3,0,1,9,0,0,0,0,0,6,7,0,0,0,404.095334,70.000000
700,00005,111,3,139,139,1,82,0,840,609,65,66,709,115,231,661691,28,37,41,72,517,145,0,4,16,23,119,424,254,185848,7,399,303,0,22,377,96,325529,55.401429,0,0,11,29,343,16,0,0,0,0,43,275,81,76873,8762.588032,18130.000000
700,00017,111,3,139,139,1,82,0,840,609,65,66,709,115,231,661691,28,37,41,72,517,145,0,4,16,23,119,424,254,185848,7,425,295,49,44,332,130,335389,59.397679,12,37,30,43,174,129,0,0,4,23,76,149,173,108975,7297.674330,11310.000000
700,00020,111,3,139,139,1,82,0,840,609,65,66,709,115,231,661691,28,37,41,72,517,145,0,4,16,23,119,424,254,185848,7,0,0,0,0,0,0,0,0.000000,0,0,0,0,0,0,0,0,0,0,0,0,0,0,181.333394,0.000000
700,00018,111,3,139,139,1,82,0,840,609,65,66,709,115,231,661691,28,37,41,72,517,145,0,4,16,23,119,424,254,185848,7,16,11,16,0,0,5,773,1.414821,16,0,0,0,0,0,0,4,12,0,0,0,0,0,396.587639,20.000000
700,00014,111,3,139,139,1,82,0,840,609,65,66,709,115,231,661691,28,37,41,72,517,145,0,4,16,23,119,424,254,185848,7,0,0,0,0,0,0,0,0.000000,0,0,0,0,0,0,0,0,0,0,0,0,0,0,0.000000,0.000000
700,00019,111,3,139,139,1,82,0,840,609,65,66,709,115,231,661691,28,37,41,72,517,145,0,4,16,23,119,424,254,185848,7,0,0,0,0,0,0,0,0.000000,0,0,0,0,0,0,0,0,0,0,0,0,0,0,176.000059,0.000000
700,00015,111,3,139,139,1,82,0,840,609,65,66,709,115,231,661691,28,37,41,72,517,145,0,4,16,23,119,424,254,185848,7,0,0,0,0,0,0,0,0.000000,0,0,0,0,0,0,0,0,0,0,0,0,0,0,0.000000,0.000000
1400,00005,111,3,139,139,1,3,0,1206,902,642,143,421,5,304,320986,353,289,140,11,289,124,0,38,281,419,68,168,232,2100651,9,208,141,183,25,0,67,13851,1.015362,134,49,25,0,0,0,0,27,113,68,0,0,0,572151,7595.119239,10270.000000
1400,00013,111,3,139,139,1,3,0,1206,902,642,143,421,5,304,320986,353,289,140,11,289,124,0,38,281,419,68,168,232,2100651,9,374,316,264,110,0,58,49365,2.133500,56,208,110,0,0,0,0,0,31,302,41,0,0,355505,9276.310360,13510.000000
1400,00015,111,3,139,139,1,3,0,1206,902,642,143,421,5,304,320986,353,289,140,11,289,124,0,38,281,419,68,168,232,2100651,9,0,0,0,0,0,0,0,0.000000,0,0,0,0,0,0,0,0,0,0,0,0,0,0,0.000000,0.000000
1400,00014,111,3,139,139,1,3,0,1206,902,642,143,421,5,304,320986,353,289,140,11,289,124,0,38,281,419,68,168,232,2100651,9,0,0,0,0,0,0,0,0.000000,0,0,0,0,0,0,0,0,0,0,0,0,0,0,0.000000,0.000000
1400,00021,111,3,139,139,1,3,0,1206,902,642,143,421,5,304,320986,353,289,140,11,289,124,0,38,281,419,68,168,232,2100651,9,172,124,172,0,0,48,9001,0.758420,140,32,0,0,0,0,0,11,114,47,0,0,0,113623,6704.182466,11000.000000
1400,00017,111,3,139,139,1,3,0,1206,902,642,143,421,5,304,320986,353,289,140,11,289,124,0,38,281,419,68,168,232,2100651,9,427,301,3,3,421,126,247492,2.555238,3,0,0,11,289,124,0,0,0,0,27,168,232,1054612,6275.049948,14980.000000
1400,00019,111,3,139,139,1,3,0,1206,902,642,143,421,5,304,320986,353,289,140,11,289,124,0,38,281,419,68,168,232,2100651,9,13,8,8,5,0,5,813,0.038984,8,0,5,0,0,0,0,0,11,2,0,0,0,0,406.887517,30.000000
1400,00020,111,3,139,139,1,3,0,1206,902,642,143,421,5,304,320986,353,289,140,11,289,124,0,38,281,419,68,168,232,2100651,9,0,0,0,0,0,0,0,0.000000,0,0,0,0,0,0,0,0,0,0,0,0,0,0,181.333394,0.000000
1400,00001,111,3,139,139,1,3,0,1206,902,642,143,421,5,304,320986,353,289,140,11,289,124,0,38,281,419,68,168,232,2100651,9,12,12,12,0,0,0,464,0.046072,12,0,0,0,0,0,0,0,12,0,0,0,0,4760,2209.441564,620.000000
1500,00005,111,3,139,139,1,72,0,1930,1551,927,135,868,101,379,428086,505,422,135,0,361,507,0,30,390,620,16,425,449,2428889,12,210,153,210,0,0,57,9687,10.102321,132,78,0,0,0,0,0,16,88,106,0,0,0,702591,7548.327673,11730.000000
1500,00013,111,3,139,139,1,72,0,1930,1551,927,135,868,101,379,428086,505,422,135,0,361,507,0,30,390,620,16,425,449,2428889,12,456,360,404,52,0,96,30489,25.566071,218,186,52,0,0,0,0,0,174,282,0,0,0,464872,8570.910177,12260.000000
1500,00015,111,3,139,139,1,72,0,1930,1551,927,135,868,101,379,428086,505,422,135,0,361,507,0,30,390,620,16,425,449,2428889,12,0,0,0,0,0,0,0,0.000000,0,0,0,0,0,0,0,0,0,0,0,0,0,0,0.000000,0.000000
1500,00014,111,3,139,139,1,72,0,1930,1551,927,135,868,101,379,428086,505,422,135,0,361,507,0,30,390,620,16,425,449,2428889,12,0,0,0,0,0,0,0,0.000000,0,0,0,0,0,0,0,0,0,0,0,0,0,0,0.000000,0.000000
1500,00021,111,3,139,139,1,72,0,1930,1551,927,135,868,101,379,428086,505,422,135,0,361,507,0,30,390,620,16,425,449,2428889,12,408,394,8,0,400,14,157409,22.016607,1,7,0,0,245,155,0,0,2,0,0,406,0,96291,6314.854916,22530.000000
1500,00017,111,3,139,139,1,72,0,1930,1551,927,135,868,101,379,428086,505,422,135,0,361,507,0,30,390,620,16,425,449,2428889,12,468,356,0,0,468,112,203149,26.087321,0,0,0,0,116,352,0,0,0,0,0,19,449,1042905,6286.380306,12780.000000
1500,00019,111,3,139,139,1,72,0,1930,1551,927,135,868,101,379,428086,505,422,135,0,361,507,0,30,390,620,16,425,449,2428889,12,24,16,24,0,0,8,674,1.042500,24,0,0,0,0,0,0,4,20,0,0,0,0,0,366.372668,20.000000
1500,00020,111,3,139,139,1,72,0,1930,1551,927,135,868,101,379,428086,505,422,135,0,361,507,0,30,390,620,16,425,449,2428889,12,0,0,0,0,0,0,0,0.000000,0,0,0,0,0,0,0,0,0,0,0,0,0,0,181.333394,0.000000
1500,00001,111,3,139,139,1,72,0,1930,1551,927,135,868,101,379,428086,505,422,135,0,361,507,0,30,390,620,16,425,449,2428889,12,340,254,257,83,0,86,26154,17.027500,110,147,83,0,0,0,0,1,91,232,16,0,0,122230,1904.342890,1360.000000
1500,00007,111,3,139,139,1,72,0,1930,1551,927,135,868,101,379,428086,505,422,135,0,361,507,0,30,390,620,16,425,449,2428889,12,0,0,0,0,0,0,0,0.000000,0,0,0,0,0,0,0,0,0,0,0,0,0,0,0.000000,0.000000
1500,00018,111,3,139,139,1,72,0,1930,1551,927,135,868,101,379,428086,505,422,135,0,361,507,0,30,390,620,16,425,449,2428889,12,24,18,24,0,0,6,524,0.062850,20,4,0,0,0,0,0,9,15,0,0,0,0,0,336.877065,40.000000
1500,00008,111,3,139,139,1,72,0,1930,1551,927,135,868,101,379,428086,505,422,135,0,361,507,0,30,390,620,16,425,449,2428889,12,0,0,0,0,0,0,0,0.000000,0,0,0,0,0,0,0,0,0,0,0,0,0,0,832.351546,0.000000
2400,00001,111,3,139,139,1,1,0,1213,962,332,555,326,2,251,345223,216,116,402,230,85,164,12,36,148,232,563,55,167,3921552,10,165,140,165,0,0,25,9602,0.494206,121,44,0,0,0,0,12,0,93,60,0,0,0,152461,5362.265759,520.000000
2400,00013,111,3,139,139,1,1,0,1213,962,332,555,326,2,251,345223,216,116,402,230,85,164,12,36,148,232,563,55,167,3921552,10,382,318,72,310,0,64,96980,1.567397,4,68,268,42,0,0,0,0,3,165,214,0,0,1056962,7767.788731,15820.000000
2400,00005,111,3,139,139,1,1,0,1213,962,332,555,326,2,251,345223,216,116,402,230,85,164,12,36,148,232,563,55,167,3921552,10,88,58,88,0,0,30,2709,0.249171,88,0,0,0,0,0,0,36,52,0,0,0,0,1750159,6888.179195,9850.000000
2400,00015,111,3,139,139,1,1,0,1213,962,332,555,326,2,251,345223,216,116,402,230,85,164,12,36,148,232,563,55,167,3921552,10,0,0,0,0,0,0,0,0.000000,0,0,0,0,0,0,0,0,0,0,0,0,0,0,0.000000,0.000000
2400,00016,111,3,139,139,1,1,0,1213,962,332,555,326,2,251,345223,216,116,402,230,85,164,12,36,148,232,563,55,167,3921552,10,0,0,0,0,0,0,0,0.000000,0,0,0,0,0,0,0,0,0,0,0,0,0,0,230.683530,0.000000
2400,00018,111,3,139,139,1,1,0,1213,962,332,555,326,2,251,345223,216,116,402,230,85,164,12,36,148,232,563,55,167,3921552,10,0,0,0,0,0,0,0,0.000000,0,0,0,0,0,0,0,0,0,0,0,0,0,153,358.762263,20.000000
2400,00021,111,3,139,139,1,1,0,1213,962,332,555,326,2,251,345223,216,116,402,230,85,164,12,36,148,232,563,55,167,3921552,10,368,278,6,245,117,90,122933,1.418515,2,4,134,188,40,0,0,0,0,7,349,12,0,41260,4901.893794,17290.000000
2400,00006,111,3,139,139,1,1,0,1213,962,332,555,326,2,251,345223,216,116,402,230,85,164,12,36,148,232,563,55,167,3921552,10,0,0,0,0,0,0,0,0.000000,0,0,0,0,0,0,0,0,0,0,0,0,0,0,0.000000,0.000000
2400,00017,111,3,139,139,1,1,0,1213,962,332,555,326,2,251,345223,216,116,402,230,85,164,12,36,148,232,563,55,167,3921552,10,210,168,1,0,209,42,112999,0.602766,1,0,0,0,45,164,0,0,0,0,0,43,167,920557,5261.113469,20540.000000
2400,00019,111,3,139,139,1,1,0,1213,962,332,555,326,2,251,345223,216,116,402,230,85,164,12,36,148,232,563,55,167,3921552,10,0,0,0,0,0,0,0,0.000000,0,0,0,0,0,0,0,0,0,0,0,0,0,0,431.123140,0.000000
2500,00001,111,3,139,139,1,74,0,2067,1563,367,420,1280,104,504,471803,189,178,194,417,1067,22,4,32,129,251,606,942,103,4240303,13,208,170,208,0,0,38,9618,9.854107,108,100,0,0,0,0,0,0,90,118,0,0,0,290066,5139.322716,520.000000
2500,00013,111,3,139,139,1,74,0,2067,1563,367,420,1280,104,504,471803,189,178,194,417,1067,22,4,32,129,251,606,942,103,4240303,13,444,358,0,216,228,86,94441,22.637143,0,0,77,234,133,0,0,0,0,0,319,125,0,1123632,7542.438420,15400.000000
2500,00005,111,3,139,139,1,74,0,2067,1563,367,420,1280,104,504,471803,189,178,194,417,1067,22,4,32,129,251,606,942,103,4240303,13,420,328,108,159,153,92,71554,22.041429,31,77,105,115,92,0,0,0,25,133,188,74,0,1822466,6733.130053,14560.000000
2500,00015,111,3,139,139,1,74,0,2067,1563,367,420,1280,104,504,471803,189,178,194,417,1067,22,4,32,129,251,606,942,103,4240303,13,0,0,0,0,0,0,0,0.000000,0,0,0,0,0,0,0,0,0,0,0,0,0,0,0.000000,0.000000
2500,00016,111,3,139,139,1,74,0,2067,1563,367,420,1280,104,504,471803,189,178,194,417,1067,22,4,32,129,251,606,942,103,4240303,13,0,0,0,0,0,0,0,0.000000,0,0,0,0,0,0,0,0,0,0,0,0,0,0,230.683530,0.000000
2500,00018,111,3,139,139,1,74,0,2067,1563,367,420,1280,104,504,471803,189,178,194,417,1067,22,4,32,129,251,606,942,103,4240303,13,24,8,24,0,0,16,324,1.092143,24,0,0,0,0,0,4,20,0,0,0,0,0,0,338.552574,40.000000
2500,00021,111,3,139,139,1,74,0,2067,1563,367,420,1280,104,504,471803,189,178,194,417,1067,22,4,32,129,251,606,942,103,4240303,13,477,339,1,19,457,138,151539,25.168929,0,1,3,32,419,22,0,0,0,0,46,366,65,71684,4677.503471,17920.000000
2500,00017,111,3,139,139,1,74,0,2067,1563,367,420,1280,104,504,471803,189,178,194,417,1067,22,4,32,129,251,606,942,103,4240303,13,468,344,0,26,442,124,143786,25.069643,0,0,9,36,423,0,0,0,0,0,53,377,38,932356,5121.554443,17290.000000
2500,00019,111,3,139,139,1,74,0,2067,1563,367,420,1280,104,504,471803,189,178,194,417,1067,22,4,32,129,251,606,942,103,4240303,13,0,0,0,0,0,0,0,0.000000,0,0,0,0,0,0,0,0,0,0,0,0,0,0,431.123140,0.000000
2500,00011,111,3,139,139,1,74,0,2067,1563,367,420,1280,104,504,471803,189,178,194,417,1067,22,4,32,129,251,606,942,103,4240303,13,26,16,26,0,0,10,541,0.043673,26,0,0,0,0,0,0,12,14,0,0,0,0,99,335.965922,40.000000
2500,00020,111,3,139,139,1,74,0,2067,1563,367,420,1280,104,504,471803,189,178,194,417,1067,22,4,32,129,251,606,942,103,4240303,13,0,0,0,0,0,0,0,0.000000,0,0,0,0,0,0,0,0,0,0,0,0,0,0,181.333394,0.000000
2500,00002,111,3,139,139,1,74,0,2067,1563,367,420,1280,104,504,471803,189,178,194,417,1067,22,4,32,129,251,606,942,103,4240303,13,0,0,0,0,0,0,0,0.000000,0,0,0,0,0,0,0,0,0,0,0,0,0,0,290.079403,0.000000
2500,00010,111,3,139,139,1,74,0,2067,1563,367,420,1280,104,504,471803,189,178,194,417,1067,22,4,32,129,251,606,942,103,4240303,13,0,0,0,0,0,0,0,0.000000,0,0,0,0,0,0,0,0,0,0,0,0,0,0,0.000000,0.000000
3000,00001,111,3,139,139,1,0,0,1646,1356,516,351,779,0,290,443257,261,255,256,162,179,533,0,21,213,361,354,28,669,3796870,21,160,128,160,0,0,32,4468,0.271313,160,0,0,0,0,0,0,1,159,0,0,0,0,352363,4601.088767,9530.000000
3000,00002,111,3,139,139,1,0,0,1646,1356,516,351,779,0,290,443257,261,255,256,162,179,533,0,21,213,361,354,28,669,3796870,21,0,0,0,0,0,0,0,0.000000,0,0,0,0,0,0,0,0,0,0,0,0,0,0,290.079403,0.000000
3000,00003,111,3,139,139,1,0,0,1646,1356,516,351,779,0,290,443257,261,255,256,162,179,533,0,21,213,361,354,28,669,3796870,21,0,0,0,0,0,0,0,0.000000,0,0,0,0,0,0,0,0,0,0,0,0,0,0,0.000000,0.000000
3000,00004,111,3,139,139,1,0,0,1646,1356,516,351,779,0,290,443257,261,255,256,162,179,533,0,21,213,361,354,28,669,3796870,21,0,0,0,0,0,0,0,0.000000,0,0,0,0,0,0,0,0,0,0,0,0,0,0,0.000000,0.000000
3000,00005,111,3,139,139,1,0,0,1646,1356,516,351,779,0,290,443257,261,255,256,162,179,533,0,21,213,361,354,28,669,3796870,21,417,317,3,0,414,100,199162,0.890867,3,0,0,0,140,274,0,0,0,0,0,10,407,2298477,6562.357916,12360.000000
3000,00006,111,3,139,139,1,0,0,1646,1356,516,351,779,0,290,443257,261,255,256,162,179,533,0,21,213,361,354,28,669,3796870,21,0,0,0,0,0,0,0,0.000000,0,0,0,0,0,0,0,0,0,0,0,0,0,0,0.000000,0.000000
3000,00015,111,3,139,139,1,0,0,1646,1356,516,351,779,0,290,443257,261,255,256,162,179,533,0,21,213,361,354,28,669,3796870,21,0,0,0,0,0,0,0,0.000000,0,0,0,0,0,0,0,0,0,0,0,0,0,0,0.000000,0.000000
3000,00007,111,3,139,139,1,0,0,1646,1356,516,351,779,0,290,443257,261,255,256,162,179,533,0,21,213,361,354,28,669,3796870,21,0,0,0,0,0,0,0,0.000000,0,0,0,0,0,0,0,0,0,0,0,0,0,0,0.000000,0.000000
3000,00018,111,3,139,139,1,0,0,1646,1356,516,351,779,0,290,443257,261,255,256,162,179,533,0,21,213,361,354,28,669,3796870,21,4,4,4,0,0,0,84,0.004963,4,0,0,0,0,0,0,0,4,0,0,0,0,0,343.267015,10.000000
3000,00008,111,3,139,139,1,0,0,1646,1356,516,351,779,0,290,443257,261,255,256,162,179,533,0,21,213,361,354,28,669,3796870,21,0,0,0,0,0,0,0,0.000000,0,0,0,0,0,0,0,0,0,0,0,0,0,0,237.285450,0.000000
3000,00019,111,3,139,139,1,0,0,1646,1356,516,351,779,0,290,443257,261,255,256,162,179,533,0,21,213,361,354,28,669,3796870,21,0,0,0,0,0,0,0,0.000000,0,0,0,0,0,0,0,0,0,0,0,0,0,0,431.123140,0.000000
3000,00009,111,3,139,139,1,0,0,1646,1356,516,351,779,0,290,443257,261,255,256,162,179,533,0,21,213,361,354,28,669,3796870,21,17,6,17,0,0,11,264,0.028951,17,0,0,0,0,0,0,17,0,0,0,0,0,0,4546.264359,8270.000000
3000,00020,111,3,139,139,1,0,0,1646,1356,516,351,779,0,290,443257,261,255,256,162,179,533,0,21,213,361,354,28,669,3796870,21,0,0,0,0,0,0,0,0.000000,0,0,0,0,0,0,0,0,0,0,0,0,0,0,181.333394,10.000000
3000,00010,111,3,139,139,1,0,0,1646,1356,516,351,779,0,290,443257,261,255,256,162,179,533,0,21,213,361,354,28,669,3796870,21,0,0,0,0,0,0,0,0.000000,0,0,0,0,0,0,0,0,0,0,0,0,0,0,0.000000,0.000000
3000,00021,111,3,139,139,1,0,0,1646,1356,516,351,779,0,290,443257,261,255,256,162,179,533,0,21,213,361,354,28,669,3796870,21,384,318,21,257,106,66,80092,0.775062,3,18,164,160,39,0,0,0,0,27,339,18,0,60869,4332.150250,15400.000000
3000,00011,111,3,139,139,1,0,0,1646,1356,516,351,779,0,290,443257,261,255,256,162,179,533,0,21,213,361,354,28,669,3796870,21,0,0,0,0,0,0,0,0.000000,0,0,0,0,0,0,0,0,0,0,0,0,0,0,373.720622,60.000000
3000,00012,111,3,139,139,1,0,0,1646,1356,516,351,779,0,290,443257,261,255,256,162,179,533,0,21,213,361,354,28,669,3796870,21,0,0,0,0,0,0,0,0.000000,0,0,0,0,0,0,0,0,0,0,0,0,0,0,326.520796,0.000000
3000,00013,111,3,139,139,1,0,0,1646,1356,516,351,779,0,290,443257,261,255,256,162,179,533,0,21,213,361,354,28,669,3796870,21,398,327,304,94,0,71,41079,0.833792,67,237,92,2,0,0,0,0,49,334,15,0,0,1083611,7727.537471,11840.000000
3000,00014,111,3,139,139,1,0,0,1646,1356,516,351,779,0,290,443257,261,255,256,162,179,533,0,21,213,361,354,28,669,3796870,21,0,0,0,0,0,0,0,0.000000,0,0,0,0,0,0,0,0,0,0,0,0,0,0,0.000000,0.000000
3000,00016,111,3,139,139,1,0,0,1646,1356,516,351,779,0,290,443257,261,255,256,162,179,533,0,21,213,361,354,28,669,3796870,21,4,2,4,0,0,2,60,0.006617,4,0,0,0,0,0,0,3,1,0,0,0,0,0,293.828854,0.000000
3000,00017,111,3,139,139,1,0,0,1646,1356,516,351,779,0,290,443257,261,255,256,162,179,533,0,21,213,361,354,28,669,3796870,21,262,254,3,0,259,8,118048,0.466526,3,0,0,0,0,259,0,0,0,0,0,0,262,1550,4988.321823,19280.000000
3100,00001,111,3,139,139,1,75,0,1846,1385,285,570,991,105,461,515675,54,231,369,301,629,262,2,29,14,382,527,326,566,3688759,21,18,9,18,0,0,9,243,0.819107,18,0,0,0,0,0,0,13,5,0,0,0,0,98241,4592.048386,7540.000000
3100,00002,111,3,139,139,1,75,0,1846,1385,285,570,991,105,461,515675,54,231,369,301,629,262,2,29,14,382,527,326,566,3688759,21,4,1,4,0,0,3,60,0.198571,4,0,0,0,0,0,2,2,0,0,0,0,0,0,290.079403,0.000000
3100,00003,111,3,139,139,1,75,0,1846,1385,285,570,991,105,461,515675,54,231,369,301,629,262,2,29,14,382,527,326,566,3688759,21,0,0,0,0,0,0,0,0.000000,0,0,0,0,0,0,0,0,0,0,0,0,0,0,0.000000,0.000000
3100,00004,111,3,139,139,1,75,0,1846,1385,285,570,991,105,461,515675,54,231,369,301,629,262,2,29,14,382,527,326,566,3688759,21,0,0,0,0,0,0,0,0.000000,0,0,0,0,0,0,0,0,0,0,0,0,0,0,0.000000,0.000000
3100,00005,111,3,139,139,1,75,0,1846,1385,285,570,991,105,461,515675,54,231,369,301,629,262,2,29,14,382,527,326,566,3688759,21,454,349,0,0,454,105,192030,27.477321,0,0,0,0,321,133,0,0,0,0,0,132,322,2291710,6515.371821,29550.000000
3100,00006,111,3,139,139,1,75,0,1846,1385,285,570,991,105,461,515675,54,231,369,301,629,262,2,29,14,382,527,326,566,3688759,21,0,0,0,0,0,0,0,0.000000,0,0,0,0,0,0,0,0,0,0,0,0,0,0,0.000000,0.000000
3100,00015,111,3,139,139,1,75,0,1846,1385,285,570,991,105,461,515675,54,231,369,301,629,262,2,29,14,382,527,326,566,3688759,21,0,0,0,0,0,0,0,0.000000,0,0,0,0,0,0,0,0,0,0,0,0,0,0,0.000000,0.000000
3100,00007,111,3,139,139,1,75,0,1846,1385,285,570,991,105,461,515675,54,231,369,301,629,262,2,29,14,382,527,326,566,3688759,21,0,0,0,0,0,0,0,0.000000,0,0,0,0,0,0,0,0,0,0,0,0,0,0,0.000000,0.000000
3100,00018,111,3,139,139,1,75,0,1846,1385,285,570,991,105,461,515675,54,231,369,301,629,262,2,29,14,382,527,326,566,3688759,21,8,8,7,1,0,0,245,0.372321,7,0,1,0,0,0,0,0,1,4,3,0,0,0,341.747150,10.000000
3100,00008,111,3,139,139,1,75,0,1846,1385,285,570,991,105,461,515675,54,231,369,301,629,262,2,29,14,382,527,326,566,3688759,21,0,0,0,0,0,0,0,0.000000,0,0,0,0,0,0,0,0,0,0,0,0,0,0,237.285450,0.000000
3100,00019,111,3,139,139,1,75,0,1846,1385,285,570,991,105,461,515675,54,231,369,301,629,262,2,29,14,382,527,326,566,3688759,21,8,8,8,0,0,0,283,0.421964,8,0,0,0,0,0,0,0,8,0,0,0,0,0,434.107921,20.000000
3100,00009,111,3,139,139,1,75,0,1846,1385,285,570,991,105,461,515675,54,231,369,301,629,262,2,29,14,382,527,326,566,3688759,21,0,0,0,0,0,0,0,0.000000,0,0,0,0,0,0,0,0,0,0,0,0,0,0,4546.264359,6700.000000
3100,00020,111,3,139,139,1,75,0,1846,1385,285,570,991,105,461,515675,54,231,369,301,629,262,2,29,14,382,527,326,566,3688759,21,0,0,0,0,0,0,0,0.000000,0,0,0,0,0,0,0,0,0,0,0,0,0,0,181.333394,0.000000
3100,00010,111,3,139,139,1,75,0,1846,1385,285,570,991,105,461,515675,54,231,369,301,629,262,2,29,14,382,527,326,566,3688759,21,0,0,0,0,0,0,0,0.000000,0,0,0,0,0,0,0,0,0,0,0,0,0,0,0.000000,0.000000
3100,00021,111,3,139,139,1,75,0,1846,1385,285,570,991,105,461,515675,54,231,369,301,629,262,2,29,14,382,527,326,566,3688759,21,458,346,146,299,13,112,70701,27.452500,3,143,217,95,0,0,0,0,0,219,239,0,0,141370,4120.277817,12990.000000
3100,00011,111,3,139,139,1,75,0,1846,1385,285,570,991,105,461,515675,54,231,369,301,629,262,2,29,14,382,527,326,566,3688759,21,0,0,0,0,0,0,0,0.000000,0,0,0,0,0,0,0,0,0,0,0,0,0,0,373.720622,30.000000
3100,00012,111,3,139,139,1,75,0,1846,1385,285,570,991,105,461,515675,54,231,369,301,629,262,2,29,14,382,527,326,566,3688759,21,0,0,0,0,0,0,0,0.000000,0,0,0,0,0,0,0,0,0,0,0,0,0,0,326.520796,0.000000
3100,00013,111,3,139,139,1,75,0,1846,1385,285,570,991,105,461,515675,54,231,369,301,629,262,2,29,14,382,527,326,566,3688759,21,461,346,88,270,103,115,86865,27.899286,0,88,151,201,21,0,0,0,0,159,285,17,0,1153952,7524.576224,15400.000000
3100,00014,111,3,139,139,1,75,0,1846,1385,285,570,991,105,461,515675,54,231,369,301,629,262,2,29,14,382,527,326,566,3688759,21,0,0,0,0,0,0,0,0.000000,0,0,0,0,0,0,0,0,0,0,0,0,0,0,0.000000,0.000000
3100,00016,111,3,139,139,1,75,0,1846,1385,285,570,991,105,461,515675,54,231,369,301,629,262,2,29,14,382,527,326,566,3688759,21,14,5,14,0,0,9,201,0.670179,14,0,0,0,0,0,0,14,0,0,0,0,0,0,285.484530,10.000000
3100,00017,111,3,139,139,1,75,0,1846,1385,285,570,991,105,461,515675,54,231,369,301,629,262,2,29,14,382,527,326,566,3688759,21,421,313,0,0,421,108,165047,24.101607,0,0,0,5,287,129,0,0,0,0,0,177,244,3486,4899.584161,18130.000000
3600,00005,111,3,139,139,1,0,0,1244,947,429,117,698,1,297,476023,207,222,67,142,393,213,7,34,146,262,161,231,403,2077937,11,418,295,5,0,413,123,278727,1.069856,4,1,0,0,200,213,0,0,0,5,0,10,403,173459,6839.495101,12990.000000
3600,00006,111,3,139,139,1,0,0,1244,947,429,117,698,1,297,476023,207,222,67,142,393,213,7,34,146,262,161,231,403,2077937,11,0,0,0,0,0,0,0,0.000000,0,0,0,0,0,0,0,0,0,0,0,0,0,0,0.000000,0.000000
3600,00018,111,3,139,139,1,0,0,1244,947,429,117,698,1,297,476023,207,222,67,142,393,213,7,34,146,262,161,231,403,2077937,11,0,0,0,0,0,0,0,0.000000,0,0,0,0,0,0,0,0,0,0,0,0,0,0,351.471042,0.000000
3600,00012,111,3,139,139,1,0,0,1244,947,429,117,698,1,297,476023,207,222,67,142,393,213,7,34,146,262,161,231,403,2077937,11,0,0,0,0,0,0,0,0.000000,0,0,0,0,0,0,0,0,0,0,0,0,0,0,326.520796,0.000000
3600,00008,111,3,139,139,1,0,0,1244,947,429,117,698,1,297,476023,207,222,67,142,393,213,7,34,146,262,161,231,403,2077937,11,0,0,0,0,0,0,0,0.000000,0,0,0,0,0,0,0,0,0,0,0,0,0,0,237.285450,0.000000
3600,00019,111,3,139,139,1,0,0,1244,947,429,117,698,1,297,476023,207,222,67,142,393,213,7,34,146,262,161,231,403,2077937,11,20,16,18,2,0,4,988,0.029642,11,7,2,0,0,0,0,2,3,10,5,0,0,0,408.607150,60.000000
3600,00017,111,3,139,139,1,0,0,1244,947,429,117,698,1,297,476023,207,222,67,142,393,213,7,34,146,262,161,231,403,2077937,11,376,310,5,86,285,66,160389,0.930610,3,2,36,142,193,0,0,0,0,4,151,221,0,300864,4384.629011,19380.000000
3600,00021,111,3,139,139,1,0,0,1244,947,429,117,698,1,297,476023,207,222,67,142,393,213,7,34,146,262,161,231,403,2077937,11,289,226,260,29,0,63,29095,0.576978,63,197,29,0,0,0,7,2,54,221,5,0,0,275800,3974.291636,10580.000000
3600,00014,111,3,139,139,1,0,0,1244,947,429,117,698,1,297,476023,207,222,67,142,393,213,7,34,146,262,161,231,403,2077937,11,0,0,0,0,0,0,0,0.000000,0,0,0,0,0,0,0,0,0,0,0,0,0,0,0.000000,0.000000
3600,00020,111,3,139,139,1,0,0,1244,947,429,117,698,1,297,476023,207,222,67,142,393,213,7,34,146,262,161,231,403,2077937,11,23,9,23,0,0,14,507,0.044118,23,0,0,0,0,0,0,23,0,0,0,0,0,27,216.929856,10.000000
3600,00013,111,3,139,139,1,0,0,1244,947,429,117,698,1,297,476023,207,222,67,142,393,213,7,34,146,262,161,231,403,2077937,11,118,91,118,0,0,27,6317,0.209560,103,15,0,0,0,0,0,7,89,22,0,0,0,1327787,7643.960812,10580.000000
3700,00005,111,3,139,139,1,79,0,1810,1414,666,227,917,111,396,488215,215,451,227,11,724,182,0,7,118,718,56,414,497,2264099,11,449,341,0,0,449,108,193327,28.743214,0,0,0,0,393,56,0,0,0,0,0,197,252,168976,6821.457322,12570.000000
3700,00006,111,3,139,139,1,79,0,1810,1414,666,227,917,111,396,488215,215,451,227,11,724,182,0,7,118,718,56,414,497,2264099,11,0,0,0,0,0,0,0,0.000000,0,0,0,0,0,0,0,0,0,0,0,0,0,0,0.000000,0.000000
3700,00018,111,3,139,139,1,79,0,1810,1414,666,227,917,111,396,488215,215,451,227,11,724,182,0,7,118,718,56,414,497,2264099,11,0,0,0,0,0,0,0,0.000000,0,0,0,0,0,0,0,0,0,0,0,0,0,0,351.471042,0.000000
3700,00012,111,3,139,139,1,79,0,1810,1414,666,227,917,111,396,488215,215,451,227,11,724,182,0,7,118,718,56,414,497,2264099,11,0,0,0,0,0,0,0,0.000000,0,0,0,0,0,0,0,0,0,0,0,0,0,0,326.520796,0.000000
3700,00008,111,3,139,139,1,79,0,1810,1414,666,227,917,111,396,488215,215,451,227,11,724,182,0,7,118,718,56,414,497,2264099,11,0,0,0,0,0,0,0,0.000000,0,0,0,0,0,0,0,0,0,0,0,0,0,0,237.285450,0.000000
3700,00019,111,3,139,139,1,79,0,1810,1414,666,227,917,111,396,488215,215,451,227,11,724,182,0,7,118,718,56,414,497,2264099,11,10,6,3,1,6,4,966,0.347500,0,3,1,6,0,0,0,0,0,8,2,0,0,0,412.756687,40.000000
3700,00017,111,3,139,139,1,79,0,1810,1414,666,227,917,111,396,488215,215,451,227,11,724,182,0,7,118,718,56,414,497,2264099,11,462,346,0,0,462,116,202231,29.487857,0,0,0,5,331,126,0,0,0,0,0,217,245,282039,4350.362653,21580.000000
3700,00021,111,3,139,139,1,79,0,1810,1414,666,227,917,111,396,488215,215,451,227,11,724,182,0,7,118,718,56,414,497,2264099,11,450,348,328,122,0,102,46071,28.792857,151,177,122,0,0,0,0,0,89,334,27,0,0,384118,3790.885659,13200.000000
3700,00014,111,3,139,139,1,79,0,1810,1414,666,227,917,111,396,488215,215,451,227,11,724,182,0,7,118,718,56,414,497,2264099,11,0,0,0,0,0,0,0,0.000000,0,0,0,0,0,0,0,0,0,0,0,0,0,0,0.000000,0.000000
3700,00020,111,3,139,139,1,79,0,1810,1414,666,227,917,111,396,488215,215,451,227,11,724,182,0,7,118,718,56,414,497,2264099,11,18,14,18,0,0,4,306,0.992857,18,0,0,0,0,0,0,7,11,0,0,0,0,0,195.252523,10.000000
3700,00013,111,3,139,139,1,79,0,1810,1414,666,227,917,111,396,488215,215,451,227,11,724,182,0,7,118,718,56,414,497,2264099,11,421,359,317,104,0,62,45314,26.459643,46,271,104,0,0,0,0,0,18,376,27,0,0,1428966,7475.589835,12570.000000
4800,00005,111,3,139,139,1,0,0,1352,976,197,350,805,0,376,455574,145,52,148,393,575,39,0,13,105,180,439,407,208,818115,9,431,306,19,101,311,125,163779,0.712471,12,7,30,158,224,0,0,0,2,39,170,220,0,114870,6495.786311,13300.000000
4800,00007,111,3,139,139,1,0,0,1352,976,197,350,805,0,376,455574,145,52,148,393,575,39,0,13,105,180,439,407,208,818115,9,0,0,0,0,0,0,0,0.000000,0,0,0,0,0,0,0,0,0,0,0,0,0,0,107.534721,0.000000
4800,00008,111,3,139,139,1,0,0,1352,976,197,350,805,0,376,455574,145,52,148,393,575,39,0,13,105,180,439,407,208,818115,9,12,6,12,0,0,6,108,0.008273,12,0,0,0,0,0,0,9,3,0,0,0,0,72,247.338743,0.000000
4800,00016,111,3,139,139,1,0,0,1352,976,197,350,805,0,376,455574,145,52,148,393,575,39,0,13,105,180,439,407,208,818115,9,0,0,0,0,0,0,0,0.000000,0,0,0,0,0,0,0,0,0,0,0,0,0,0,284.422466,10.000000
4800,00017,111,3,139,139,1,0,0,1352,976,197,350,805,0,376,455574,145,52,148,393,575,39,0,13,105,180,439,407,208,818115,9,365,280,2,3,360,85,170996,0.548571,2,0,2,5,317,39,0,0,0,0,2,156,207,6341,3886.952048,17500.000000
4800,00019,111,3,139,139,1,0,0,1352,976,197,350,805,0,376,455574,145,52,148,393,575,39,0,13,105,180,439,407,208,818115,9,11,9,3,0,8,2,1293,0.010341,3,0,0,4,4,0,0,0,0,0,5,6,0,0,439.075375,60.000000
4800,00020,111,3,139,139,1,0,0,1352,976,197,350,805,0,376,455574,145,52,148,393,575,39,0,13,105,180,439,407,208,818115,9,10,8,5,1,4,2,821,0.007755,5,0,0,1,4,0,0,0,0,0,3,6,1,0,181.533311,10.000000
4800,00021,111,3,139,139,1,0,0,1352,976,197,350,805,0,376,455574,145,52,148,393,575,39,0,13,105,180,439,407,208,818115,9,421,291,54,245,122,130,114357,0.706783,9,45,116,225,26,0,0,0,2,141,259,19,0,210662,3403.475497,11100.000000
4800,00013,111,3,139,139,1,0,0,1352,976,197,350,805,0,376,455574,145,52,148,393,575,39,0,13,105,180,439,407,208,818115,9,102,76,102,0,0,26,4220,0.131326,102,0,0,0,0,0,0,4,98,0,0,0,0,486170,6987.511618,8480.000000
4900,00005,111,3,139,139,1,75,0,1017,737,240,86,691,105,280,559700,110,130,45,97,547,88,5,41,59,155,111,274,372,949114,9,433,313,4,51,378,120,343453,59.546607,4,0,13,93,301,22,0,0,0,2,97,239,95,14573,6497.651016,14460.000000
4900,00007,111,3,139,139,1,75,0,1017,737,240,86,691,105,280,559700,110,130,45,97,547,88,5,41,59,155,111,274,372,949114,9,0,0,0,0,0,0,0,0.000000,0,0,0,0,0,0,0,0,0,0,0,0,0,0,107.534721,0.000000
4900,00008,111,3,139,139,1,75,0,1017,737,240,86,691,105,280,559700,110,130,45,97,547,88,5,41,59,155,111,274,372,949114,9,12,4,12,0,0,8,261,0.819107,12,0,0,0,0,0,3,9,0,0,0,0,0,0,231.612782,0.000000
4900,00016,111,3,139,139,1,75,0,1017,737,240,86,691,105,280,559700,110,130,45,97,547,88,5,41,59,155,111,274,372,949114,9,0,0,0,0,0,0,0,0.000000,0,0,0,0,0,0,0,0,0,0,0,0,0,0,284.422466,0.000000
4900,00017,111,3,139,139,1,75,0,1017,737,240,86,691,105,280,559700,110,130,45,97,547,88,5,41,59,155,111,274,372,949114,9,308,232,0,0,308,76,184638,26.509286,0,0,0,0,242,66,0,0,0,0,0,31,277,1981,3912.874523,18340.000000
4900,00019,111,3,139,139,1,75,0,1017,737,240,86,691,105,280,559700,110,130,45,97,547,88,5,41,59,155,111,274,372,949114,9,13,11,9,4,0,2,937,0.794286,6,3,4,0,0,0,0,0,2,7,4,0,0,0,436.487701,50.000000
4900,00020,111,3,139,139,1,75,0,1017,737,240,86,691,105,280,559700,110,130,45,97,547,88,5,41,59,155,111,274,372,949114,9,9,5,1,3,5,4,950,0.248214,1,0,0,4,4,0,0,0,0,2,3,4,0,0,187.294038,10.000000
4900,00021,111,3,139,139,1,75,0,1017,737,240,86,691,105,280,559700,110,130,45,97,547,88,5,41,59,155,111,274,372,949114,9,208,148,180,28,0,60,28260,18.889107,53,127,28,0,0,0,2,22,33,144,7,0,0,324029,3362.047708,7440.000000
4900,00013,111,3,139,139,1,75,0,1017,737,240,86,691,105,280,559700,110,130,45,97,547,88,5,41,59,155,111,274,372,949114,9,34,24,34,0,0,10,1201,2.879286,34,0,0,0,0,0,0,10,24,0,0,0,0,608531,6974.995598,7650.000000
