timestamp,ueImsiComplete,plmId,nrCellId,dlAvailablePrbs,ulAvailablePrbs,qci,dlPrbUsage,ulPrbUsage,TB.TotNbrDl.1,TB.TotNbrDlInitial,TB.TotNbrDlInitial.Qpsk,TB.TotNbrDlInitial.16Qam,TB.TotNbrDlInitial.64Qam,RRU.PrbUsedDl,TB.ErrTotalNbrDl.1,QosFlow.PdcpPduVolumeDL_Filter,CARR.PDSCHMCSDist.Bin1,CARR.PDSCHMCSDist.Bin2,CARR.PDSCHMCSDist.Bin3,CARR.PDSCHMCSDist.Bin4,CARR.PDSCHMCSDist.Bin5,CARR.PDSCHMCSDist.Bin6,L1M.RS-SINR.Bin34,L1M.RS-SINR.Bin46,L1M.RS-SINR.Bin58,L1M.RS-SINR.Bin70,L1M.RS-SINR.Bin82,L1M.RS-SINR.Bin94,L1M.RS-SINR.Bin127,DRB.BufferSize.Qos,DRB.MeanActiveUeDl,TB.TotNbrDl.1.UEID,TB.TotNbrDlInitial.UEID,TB.TotNbrDlInitial.Qpsk.UEID,TB.TotNbrDlInitial.16Qam.UEID,TB.TotNbrDlInitial.64Qam.UEID,TB.ErrTotalNbrDl.1.UEID,QosFlow.PdcpPduVolumeDL_Filter.UEID,RRU.PrbUsedDl.UEID,CARR.PDSCHMCSDist.Bin1.UEID,CARR.PDSCHMCSDist.Bin2.UEID,CARR.PDSCHMCSDist.Bin3.UEID,CARR.PDSCHMCSDist.Bin4.UEID,CARR.PDSCHMCSDist.Bin5.UEID,CARR.PDSCHMCSDist.Bin6.UEID,L1M.RS-SINR.Bin34.UEID,L1M.RS-SINR.Bin46.UEID,L1M.RS-SINR.Bin58.UEID,L1M.RS-SINR.Bin70.UEID,L1M.RS-SINR.Bin82.UEID,L1M.RS-SINR.Bin94.UEID,L1M.RS-SINR.Bin127.UEID,DRB.BufferSize.Qos.UEID,DRB.UEThpDl.UEID,DRB.UEThpDlPdcpBased.UEID
100,00001,111,2,139,139,1,0,0,0,0,0,0,0,0,0,0,0,0,0,0,0,0,0,0,0,0,0,0,0,0,6,0,0,0,0,0,0,0,0.000000,0,0,0,0,0,0,0,0,0,0,0,0,0,0,0.000000,0.000000
100,00004,111,2,139,139,1,0,0,0,0,0,0,0,0,0,0,0,0,0,0,0,0,0,0,0,0,0,0,0,0,6,0,0,0,0,0,0,0,0.000000,0,0,0,0,0,0,0,0,0,0,0,0,0,0,0.000000,0.000000
100,00006,111,2,139,139,1,0,0,0,0,0,0,0,0,0,0,0,0,0,0,0,0,0,0,0,0,0,0,0,0,6,0,0,0,0,0,0,0,0.000000,0,0,0,0,0,0,0,0,0,0,0,0,0,0,0.000000,0.000000
100,00007,111,2,139,139,1,0,0,0,0,0,0,0,0,0,0,0,0,0,0,0,0,0,0,0,0,0,0,0,0,6,0,0,0,0,0,0,0,0.000000,0,0,0,0,0,0,0,0,0,0,0,0,0,0,0.000000,0.000000
100,00010,111,2,139,139,1,0,0,0,0,0,0,0,0,0,0,0,0,0,0,0,0,0,0,0,0,0,0,0,0,6,0,0,0,0,0,0,0,0.000000,0,0,0,0,0,0,0,0,0,0,0,0,0,0,0.000000,0.000000
100,00013,111,2,139,139,1,0,0,0,0,0,0,0,0,0,0,0,0,0,0,0,0,0,0,0,0,0,0,0,0,6,0,0,0,0,0,0,0,0.000000,0,0,0,0,0,0,0,0,0,0,0,0,0,0,0.000000,0.000000
600,00001,111,2,139,139,1,8,0,775,669,420,6,349,12,106,348450,371,49,6,0,0,349,11,8,341,61,2,0,352,927527,12,4,1,4,0,0,3,132,0.066108,4,0,0,0,0,0,0,4,0,0,0,0,0,0,3563.877883,10480.000000
600,00004,111,2,139,139,1,8,0,775,669,420,6,349,12,106,348450,371,49,6,0,0,349,11,8,341,61,2,0,352,927527,12,0,0,0,0,0,0,0,0.000000,0,0,0,0,0,0,0,0,0,0,0,0,0,0,0.000000,0.000000
600,00016,111,2,139,139,1,8,0,775,669,420,6,349,12,106,348450,371,49,6,0,0,349,11,8,341,61,2,0,352,927527,12,0,0,0,0,0,0,0,0.000000,0,0,0,0,0,0,0,0,0,0,0,0,0,0,204.333596,0.000000
600,00002,111,2,139,139,1,8,0,775,669,420,6,349,12,106,348450,371,49,6,0,0,349,11,8,341,61,2,0,352,927527,12,49,24,43,6,0,25,2752,0.454491,32,11,6,0,0,0,11,1,19,16,2,0,0,0,258.136365,110.000000
600,00006,111,2,139,139,1,8,0,775,669,420,6,349,12,106,348450,371,49,6,0,0,349,11,8,341,61,2,0,352,927527,12,0,0,0,0,0,0,0,0.000000,0,0,0,0,0,0,0,0,0,0,0,0,0,0,0.000000,0.000000
600,00019,111,2,139,139,1,8,0,775,669,420,6,349,12,106,348450,371,49,6,0,0,349,11,8,341,61,2,0,352,927527,12,0,0,0,0,0,0,0,0.000000,0,0,0,0,0,0,0,0,0,0,0,0,0,0,176.000059,0.000000
600,00007,111,2,139,139,1,8,0,775,669,420,6,349,12,106,348450,371,49,6,0,0,349,11,8,341,61,2,0,352,927527,12,0,0,0,0,0,0,0,0.000000,0,0,0,0,0,0,0,0,0,0,0,0,0,0,0.000000,0.000000
600,00010,111,2,139,139,1,8,0,775,669,420,6,349,12,106,348450,371,49,6,0,0,349,11,8,341,61,2,0,352,927527,12,0,0,0,0,0,0,0,0.000000,0,0,0,0,0,0,0,0,0,0,0,0,0,0,0.000000,0.000000
600,00008,111,2,139,139,1,8,0,775,669,420,6,349,12,106,348450,371,49,6,0,0,349,11,8,341,61,2,0,352,927527,12,0,0,0,0,0,0,0,0.000000,0,0,0,0,0,0,0,0,0,0,0,0,0,0,832.351546,0.000000
600,00015,111,2,139,139,1,8,0,775,669,420,6,349,12,106,348450,371,49,6,0,0,349,11,8,341,61,2,0,352,927527,12,0,0,0,0,0,0,0,0.000000,0,0,0,0,0,0,0,0,0,0,0,0,0,0,0.000000,0.000000
600,00013,111,2,139,139,1,8,0,775,669,420,6,349,12,106,348450,371,49,6,0,0,349,11,8,341,61,2,0,352,927527,12,352,352,3,0,349,0,312910,6.077790,3,0,0,0,0,349,0,0,0,0,0,0,352,299915,9112.175625,35210.000000
600,00021,111,2,139,139,1,8,0,775,669,420,6,349,12,106,348450,371,49,6,0,0,349,11,8,341,61,2,0,352,927527,12,370,292,370,0,0,78,32656,6.585994,332,38,0,0,0,0,0,3,322,45,0,0,0,627612,5830.526795,10160.000000
700,00001,111,2,139,139,1,46,0,442,398,134,0,308,65,44,450537,134,0,0,0,0,308,0,29,104,1,0,0,308,1145027,10,63,39,63,0,0,24,2845,6.081250,63,0,0,0,0,0,0,21,42,0,0,0,0,392959,3335.706151,7650.000000
700,00004,111,2,139,139,1,46,0,442,398,134,0,308,65,44,450537,134,0,0,0,0,308,0,29,104,1,0,0,308,1145027,10,0,0,0,0,0,0,0,0.000000,0,0,0,0,0,0,0,0,0,0,0,0,0,0,0.000000,0.000000
700,00016,111,2,139,139,1,46,0,442,398,134,0,308,65,44,450537,134,0,0,0,0,308,0,29,104,1,0,0,308,1145027,10,0,0,0,0,0,0,0,0.000000,0,0,0,0,0,0,0,0,0,0,0,0,0,0,204.333596,0.000000
700,00002,111,2,139,139,1,46,0,442,398,134,0,308,65,44,450537,134,0,0,0,0,308,0,29,104,1,0,0,308,1145027,10,24,16,24,0,0,8,1534,2.928929,24,0,0,0,0,0,0,3,20,1,0,0,0,0,265.300490,70.000000
700,00006,111,2,139,139,1,46,0,442,398,134,0,308,65,44,450537,134,0,0,0,0,308,0,29,104,1,0,0,308,1145027,10,0,0,0,0,0,0,0,0.000000,0,0,0,0,0,0,0,0,0,0,0,0,0,0,0.000000,0.000000
700,00007,111,2,139,139,1,46,0,442,398,134,0,308,65,44,450537,134,0,0,0,0,308,0,29,104,1,0,0,308,1145027,10,0,0,0,0,0,0,0,0.000000,0,0,0,0,0,0,0,0,0,0,0,0,0,0,0.000000,0.000000
700,00010,111,2,139,139,1,46,0,442,398,134,0,308,65,44,450537,134,0,0,0,0,308,0,29,104,1,0,0,308,1145027,10,0,0,0,0,0,0,0,0.000000,0,0,0,0,0,0,0,0,0,0,0,0,0,0,0.000000,0.000000
700,00008,111,2,139,139,1,46,0,442,398,134,0,308,65,44,450537,134,0,0,0,0,308,0,29,104,1,0,0,308,1145027,10,0,0,0,0,0,0,0,0.000000,0,0,0,0,0,0,0,0,0,0,0,0,0,0,832.351546,0.000000
700,00013,111,2,139,139,1,46,0,442,398,134,0,308,65,44,450537,134,0,0,0,0,308,0,29,104,1,0,0,308,1145027,10,308,308,0,0,308,0,443523,51.405179,0,0,0,0,0,308,0,0,0,0,0,0,308,32,10946.454094,45480.000000
700,00021,111,2,139,139,1,46,0,442,398,134,0,308,65,44,450537,134,0,0,0,0,308,0,29,104,1,0,0,308,1145027,10,47,35,47,0,0,12,2635,6.031607,47,0,0,0,0,0,0,5,42,0,0,0,0,752036,6590.758857,11630.000000
800,00001,111,2,139,139,1,18,0,559,485,338,12,209,26,74,210449,260,78,12,0,0,209,0,31,200,115,4,0,209,679573,15,19,9,19,0,0,10,629,1.886429,19,0,0,0,0,0,0,18,1,0,0,0,0,140070,3254.537047,4400.000000
800,00004,111,2,139,139,1,18,0,559,485,338,12,209,26,74,210449,260,78,12,0,0,209,0,31,200,115,4,0,209,679573,15,0,0,0,0,0,0,0,0.000000,0,0,0,0,0,0,0,0,0,0,0,0,0,0,0.000000,0.000000
800,00002,111,2,139,139,1,18,0,559,485,338,12,209,26,74,210449,260,78,12,0,0,209,0,31,200,115,4,0,209,679573,15,26,16,26,0,0,10,2053,1.936071,10,16,0,0,0,0,0,3,11,10,2,0,0,0,258.580540,120.000000
800,00006,111,2,139,139,1,18,0,559,485,338,12,209,26,74,210449,260,78,12,0,0,209,0,31,200,115,4,0,209,679573,15,0,0,0,0,0,0,0,0.000000,0,0,0,0,0,0,0,0,0,0,0,0,0,0,0.000000,0.000000
800,00007,111,2,139,139,1,18,0,559,485,338,12,209,26,74,210449,260,78,12,0,0,209,0,31,200,115,4,0,209,679573,15,0,0,0,0,0,0,0,0.000000,0,0,0,0,0,0,0,0,0,0,0,0,0,0,0.000000,0.000000
800,00010,111,2,139,139,1,18,0,559,485,338,12,209,26,74,210449,260,78,12,0,0,209,0,31,200,115,4,0,209,679573,15,0,0,0,0,0,0,0,0.000000,0,0,0,0,0,0,0,0,0,0,0,0,0,0,0.000000,0.000000
800,00008,111,2,139,139,1,18,0,559,485,338,12,209,26,74,210449,260,78,12,0,0,209,0,31,200,115,4,0,209,679573,15,0,0,0,0,0,0,0,0.000000,0,0,0,0,0,0,0,0,0,0,0,0,0,0,832.351546,0.000000
800,00013,111,2,139,139,1,18,0,559,485,338,12,209,26,74,210449,260,78,12,0,0,209,0,31,200,115,4,0,209,679573,15,209,209,0,0,209,0,160350,18.616071,0,0,0,0,0,209,0,0,0,0,0,0,209,0,10964.380175,21160.000000
800,00014,111,2,139,139,1,18,0,559,485,338,12,209,26,74,210449,260,78,12,0,0,209,0,31,200,115,4,0,209,679573,15,0,0,0,0,0,0,0,0.000000,0,0,0,0,0,0,0,0,0,0,0,0,0,0,0.000000,0.000000
800,00011,111,2,139,139,1,18,0,559,485,338,12,209,26,74,210449,260,78,12,0,0,209,0,31,200,115,4,0,209,679573,15,0,0,0,0,0,0,0,0.000000,0,0,0,0,0,0,0,0,0,0,0,0,0,0,181.333394,0.000000
800,00015,111,2,139,139,1,18,0,559,485,338,12,209,26,74,210449,260,78,12,0,0,209,0,31,200,115,4,0,209,679573,15,0,0,0,0,0,0,0,0.000000,0,0,0,0,0,0,0,0,0,0,0,0,0,0,0.000000,0.000000
800,00017,111,2,139,139,1,18,0,559,485,338,12,209,26,74,210449,260,78,12,0,0,209,0,31,200,115,4,0,209,679573,15,273,227,261,12,0,46,46434,6.190246,201,60,12,0,0,0,0,6,165,100,2,0,0,539503,7056.244242,10680.000000
800,00018,111,2,139,139,1,18,0,559,485,338,12,209,26,74,210449,260,78,12,0,0,209,0,31,200,115,4,0,209,679573,15,32,24,32,0,0,8,983,0.260381,30,2,0,0,0,0,0,4,23,5,0,0,0,0,363.703467,40.000000
800,00019,111,2,139,139,1,18,0,559,485,338,12,209,26,74,210449,260,78,12,0,0,209,0,31,200,115,4,0,209,679573,15,0,0,0,0,0,0,0,0.000000,0,0,0,0,0,0,0,0,0,0,0,0,0,0,176.000059,0.000000
800,00020,111,2,139,139,1,18,0,559,485,338,12,209,26,74,210449,260,78,12,0,0,209,0,31,200,115,4,0,209,679573,15,0,0,0,0,0,0,0,0.000000,0,0,0,0,0,0,0,0,0,0,0,0,0,0,181.333394,0.000000
900,00001,111,2,139,139,1,55,0,655,552,407,41,207,77,103,222499,310,97,41,0,0,207,0,15,264,168,1,0,207,714030,15,91,61,91,0,0,30,4242,6.478393,85,6,0,0,0,0,0,13,77,1,0,0,0,98617,2946.566719,5240.000000
900,00004,111,2,139,139,1,55,0,655,552,407,41,207,77,103,222499,310,97,41,0,0,207,0,15,264,168,1,0,207,714030,15,0,0,0,0,0,0,0,0.000000,0,0,0,0,0,0,0,0,0,0,0,0,0,0,0.000000,0.000000
900,00002,111,2,139,139,1,55,0,655,552,407,41,207,77,103,222499,310,97,41,0,0,207,0,15,264,168,1,0,207,714030,15,24,18,19,5,0,6,1515,1.067321,9,10,5,0,0,0,0,2,5,17,0,0,0,0,270.853212,70.000000
900,00006,111,2,139,139,1,55,0,655,552,407,41,207,77,103,222499,310,97,41,0,0,207,0,15,264,168,1,0,207,714030,15,0,0,0,0,0,0,0,0.000000,0,0,0,0,0,0,0,0,0,0,0,0,0,0,0.000000,0.000000
900,00007,111,2,139,139,1,55,0,655,552,407,41,207,77,103,222499,310,97,41,0,0,207,0,15,264,168,1,0,207,714030,15,0,0,0,0,0,0,0,0.000000,0,0,0,0,0,0,0,0,0,0,0,0,0,0,0.000000,0.000000
900,00010,111,2,139,139,1,55,0,655,552,407,41,207,77,103,222499,310,97,41,0,0,207,0,15,264,168,1,0,207,714030,15,0,0,0,0,0,0,0,0.000000,0,0,0,0,0,0,0,0,0,0,0,0,0,0,0.000000,0.000000
900,00008,111,2,139,139,1,55,0,655,552,407,41,207,77,103,222499,310,97,41,0,0,207,0,15,264,168,1,0,207,714030,15,0,0,0,0,0,0,0,0.000000,0,0,0,0,0,0,0,0,0,0,0,0,0,0,832.351546,0.000000
900,00013,111,2,139,139,1,55,0,655,552,407,41,207,77,103,222499,310,97,41,0,0,207,0,15,264,168,1,0,207,714030,15,207,207,0,0,207,0,152839,17.747321,0,0,0,0,0,207,0,0,0,0,0,0,207,0,11010.020986,22110.000000
900,00014,111,2,139,139,1,55,0,655,552,407,41,207,77,103,222499,310,97,41,0,0,207,0,15,264,168,1,0,207,714030,15,0,0,0,0,0,0,0,0.000000,0,0,0,0,0,0,0,0,0,0,0,0,0,0,0.000000,0.000000
900,00011,111,2,139,139,1,55,0,655,552,407,41,207,77,103,222499,310,97,41,0,0,207,0,15,264,168,1,0,207,714030,15,0,0,0,0,0,0,0,0.000000,0,0,0,0,0,0,0,0,0,0,0,0,0,0,181.333394,0.000000
900,00015,111,2,139,139,1,55,0,655,552,407,41,207,77,103,222499,310,97,41,0,0,207,0,15,264,168,1,0,207,714030,15,0,0,0,0,0,0,0,0.000000,0,0,0,0,0,0,0,0,0,0,0,0,0,0,0.000000,0.000000
900,00017,111,2,139,139,1,55,0,655,552,407,41,207,77,103,222499,310,97,41,0,0,207,0,15,264,168,1,0,207,714030,15,325,260,292,33,0,65,63255,53.415714,212,80,33,0,0,0,0,0,181,144,0,0,0,615413,6894.423359,15090.000000
900,00018,111,2,139,139,1,55,0,655,552,407,41,207,77,103,222499,310,97,41,0,0,207,0,15,264,168,1,0,207,714030,15,8,6,5,3,0,2,648,0.645357,4,1,3,0,0,0,0,0,1,6,1,0,0,0,362.332135,30.000000
900,00019,111,2,139,139,1,55,0,655,552,407,41,207,77,103,222499,310,97,41,0,0,207,0,15,264,168,1,0,207,714030,15,0,0,0,0,0,0,0,0.000000,0,0,0,0,0,0,0,0,0,0,0,0,0,0,176.000059,0.000000
900,00020,111,2,139,139,1,55,0,655,552,407,41,207,77,103,222499,310,97,41,0,0,207,0,15,264,168,1,0,207,714030,15,0,0,0,0,0,0,0,0.000000,0,0,0,0,0,0,0,0,0,0,0,0,0,0,181.333394,0.000000
1000,00001,111,2,139,139,1,53,0,722,603,489,38,195,74,119,207259,375,114,35,3,0,195,0,38,308,168,13,0,195,1001949,14,110,86,81,29,0,24,18652,11.914286,18,63,29,0,0,0,0,9,6,87,8,0,0,188419,2757.397563,200.000000
1000,00004,111,2,139,139,1,53,0,722,603,489,38,195,74,119,207259,375,114,35,3,0,195,0,38,308,168,13,0,195,1001949,14,0,0,0,0,0,0,0,0.000000,0,0,0,0,0,0,0,0,0,0,0,0,0,0,0.000000,0.000000
1000,00002,111,2,139,139,1,53,0,722,603,489,38,195,74,119,207259,375,114,35,3,0,195,0,38,308,168,13,0,195,1001949,14,42,29,42,0,0,13,2033,3.425357,39,3,0,0,0,0,0,9,26,7,0,0,0,0,291.775490,50.000000
1000,00006,111,2,139,139,1,53,0,722,603,489,38,195,74,119,207259,375,114,35,3,0,195,0,38,308,168,13,0,195,1001949,14,0,0,0,0,0,0,0,0.000000,0,0,0,0,0,0,0,0,0,0,0,0,0,0,0.000000,0.000000
1000,00007,111,2,139,139,1,53,0,722,603,489,38,195,74,119,207259,375,114,35,3,0,195,0,38,308,168,13,0,195,1001949,14,0,0,0,0,0,0,0,0.000000,0,0,0,0,0,0,0,0,0,0,0,0,0,0,0.000000,0.000000
1000,00010,111,2,139,139,1,53,0,722,603,489,38,195,74,119,207259,375,114,35,3,0,195,0,38,308,168,13,0,195,1001949,14,0,0,0,0,0,0,0,0.000000,0,0,0,0,0,0,0,0,0,0,0,0,0,0,0.000000,0.000000
1000,00013,111,2,139,139,1,53,0,722,603,489,38,195,74,119,207259,375,114,35,3,0,195,0,38,308,168,13,0,195,1001949,14,195,195,0,0,195,0,142591,16.555893,0,0,0,0,0,195,0,0,0,0,0,0,195,0,11013.924016,20430.000000
1000,00014,111,2,139,139,1,53,0,722,603,489,38,195,74,119,207259,375,114,35,3,0,195,0,38,308,168,13,0,195,1001949,14,0,0,0,0,0,0,0,0.000000,0,0,0,0,0,0,0,0,0,0,0,0,0,0,0.000000,0.000000
1000,00011,111,2,139,139,1,53,0,722,603,489,38,195,74,119,207259,375,114,35,3,0,195,0,38,308,168,13,0,195,1001949,14,0,0,0,0,0,0,0,0.000000,0,0,0,0,0,0,0,0,0,0,0,0,0,0,181.333394,0.000000
1000,00017,111,2,139,139,1,53,0,722,603,489,38,195,74,119,207259,375,114,35,3,0,195,0,38,308,168,13,0,195,1001949,14,322,256,320,2,0,66,41397,44.653750,276,44,2,0,0,0,0,4,260,58,0,0,0,740688,6798.037367,10890.000000
1000,00018,111,2,139,139,1,53,0,722,603,489,38,195,74,119,207259,375,114,35,3,0,195,0,38,308,168,13,0,195,1001949,14,12,10,8,4,0,2,923,0.645357,6,2,1,3,0,0,0,0,0,8,4,0,0,0,355.773108,30.000000
1000,00019,111,2,139,139,1,53,0,722,603,489,38,195,74,119,207259,375,114,35,3,0,195,0,38,308,168,13,0,195,1001949,14,10,8,7,3,0,2,540,0.446786,5,2,3,0,0,0,0,0,1,8,1,0,0,0,377.831912,20.000000
1000,00005,111,2,139,139,1,53,0,722,603,489,38,195,74,119,207259,375,114,35,3,0,195,0,38,308,168,13,0,195,1001949,14,31,19,31,0,0,12,1123,0.332358,31,0,0,0,0,0,0,16,15,0,0,0,0,72842,8613.810787,11000.000000
1000,00021,111,2,139,139,1,53,0,722,603,489,38,195,74,119,207259,375,114,35,3,0,195,0,38,308,168,13,0,195,1001949,14,0,0,0,0,0,0,0,0.000000,0,0,0,0,0,0,0,0,0,0,0,0,0,0,7160.614182,10680.000000
1100,00001,111,2,139,139,1,76,0,1691,1372,772,213,706,107,319,390352,425,347,185,61,408,265,0,0,342,554,109,397,289,2493235,13,388,305,354,34,0,83,29797,26.459643,250,104,34,0,0,0,0,0,207,177,4,0,0,317167,2249.829317,1150.000000
1100,00004,111,2,139,139,1,76,0,1691,1372,772,213,706,107,319,390352,425,347,185,61,408,265,0,0,342,554,109,397,289,2493235,13,0,0,0,0,0,0,0,0.000000,0,0,0,0,0,0,0,0,0,0,0,0,0,0,0.000000,0.000000
1100,00002,111,2,139,139,1,76,0,1691,1372,772,213,706,107,319,390352,425,347,185,61,408,265,0,0,342,554,109,397,289,2493235,13,1,1,1,0,0,0,64,0.049643,0,1,0,0,0,0,0,0,0,1,0,0,0,0,292.401539,0.000000
1100,00006,111,2,139,139,1,76,0,1691,1372,772,213,706,107,319,390352,425,347,185,61,408,265,0,0,342,554,109,397,289,2493235,13,0,0,0,0,0,0,0,0.000000,0,0,0,0,0,0,0,0,0,0,0,0,0,0,0.000000,0.000000
1100,00007,111,2,139,139,1,76,0,1691,1372,772,213,706,107,319,390352,425,347,185,61,408,265,0,0,342,554,109,397,289,2493235,13,0,0,0,0,0,0,0,0.000000,0,0,0,0,0,0,0,0,0,0,0,0,0,0,0.000000,0.000000
1100,00010,111,2,139,139,1,76,0,1691,1372,772,213,706,107,319,390352,425,347,185,61,408,265,0,0,342,554,109,397,289,2493235,13,0,0,0,0,0,0,0,0.000000,0,0,0,0,0,0,0,0,0,0,0,0,0,0,0.000000,0.000000
1100,00013,111,2,139,139,1,76,0,1691,1372,772,213,706,107,319,390352,425,347,185,61,408,265,0,0,342,554,109,397,289,2493235,13,265,257,0,0,265,8,129279,15.066607,0,0,0,0,0,265,0,0,0,0,0,0,265,2285,10663.851571,20120.000000
1100,00014,111,2,139,139,1,76,0,1691,1372,772,213,706,107,319,390352,425,347,185,61,408,265,0,0,342,554,109,397,289,2493235,13,0,0,0,0,0,0,0,0.000000,0,0,0,0,0,0,0,0,0,0,0,0,0,0,0.000000,0.000000
1100,00011,111,2,139,139,1,76,0,1691,1372,772,213,706,107,319,390352,425,347,185,61,408,265,0,0,342,554,109,397,289,2493235,13,0,0,0,0,0,0,0,0.000000,0,0,0,0,0,0,0,0,0,0,0,0,0,0,181.333394,0.000000
1100,00017,111,2,139,139,1,76,0,1691,1372,772,213,706,107,319,390352,425,347,185,61,408,265,0,0,342,554,109,397,289,2493235,13,453,352,290,162,1,101,54496,30.431071,116,174,138,25,0,0,0,0,90,292,71,0,0,841788,6446.979554,17600.000000
1100,00018,111,2,139,139,1,76,0,1691,1372,772,213,706,107,319,390352,425,347,185,61,408,265,0,0,342,554,109,397,289,2493235,13,11,9,7,4,0,2,592,0.421964,3,4,4,0,0,0,0,0,0,3,8,0,0,0,360.570554,30.000000
1100,00005,111,2,139,139,1,76,0,1691,1372,772,213,706,107,319,390352,425,347,185,61,408,265,0,0,342,554,109,397,289,2493235,13,126,99,117,9,0,27,9386,7.620179,53,64,9,0,0,0,0,0,45,81,0,0,0,206221,8663.981452,12260.000000
1100,00021,111,2,139,139,1,76,0,1691,1372,772,213,706,107,319,390352,425,347,185,61,408,265,0,0,342,554,109,397,289,2493235,13,447,349,3,4,440,98,166738,29.611964,3,0,0,36,408,0,0,0,0,0,26,397,24,1125774,6926.382228,21900.000000
2000,00004,111,2,139,139,1,2,0,1634,1298,794,473,367,4,336,338131,136,658,342,154,0,344,1,8,70,999,210,0,346,3475995,11,0,0,0,0,0,0,0,0.000000,0,0,0,0,0,0,0,0,0,0,0,0,0,0,0.000000,0.000000
2000,00002,111,2,139,139,1,2,0,1634,1298,794,473,367,4,336,338131,136,658,342,154,0,344,1,8,70,999,210,0,346,3475995,11,0,0,0,0,0,0,0,0.000000,0,0,0,0,0,0,0,0,0,0,0,0,0,0,290.079403,0.000000
2000,00005,111,2,139,139,1,2,0,1634,1298,794,473,367,4,336,338131,136,658,342,154,0,344,1,8,70,999,210,0,346,3475995,11,419,311,297,122,0,108,48665,1.303877,45,252,97,25,0,0,0,1,34,346,38,0,0,1272555,6771.140650,10790.000000
2000,00014,111,2,139,139,1,2,0,1634,1298,794,473,367,4,336,338131,136,658,342,154,0,344,1,8,70,999,210,0,346,3475995,11,0,0,0,0,0,0,0,0.000000,0,0,0,0,0,0,0,0,0,0,0,0,0,0,0.000000,0.000000
2000,00007,111,2,139,139,1,2,0,1634,1298,794,473,367,4,336,338131,136,658,342,154,0,344,1,8,70,999,210,0,346,3475995,11,0,0,0,0,0,0,0,0.000000,0,0,0,0,0,0,0,0,0,0,0,0,0,0,0.000000,0.000000
2000,00016,111,2,139,139,1,2,0,1634,1298,794,473,367,4,336,338131,136,658,342,154,0,344,1,8,70,999,210,0,346,3475995,11,32,20,29,3,0,12,725,0.063271,28,1,3,0,0,0,1,7,19,5,0,0,0,0,221.682855,20.000000
2000,00008,111,2,139,139,1,2,0,1634,1298,794,473,367,4,336,338131,136,658,342,154,0,344,1,8,70,999,210,0,346,3475995,11,0,0,0,0,0,0,0,0.000000,0,0,0,0,0,0,0,0,0,0,0,0,0,0,290.567515,10.000000
2000,00009,111,2,139,139,1,2,0,1634,1298,794,473,367,4,336,338131,136,658,342,154,0,344,1,8,70,999,210,0,346,3475995,11,402,325,316,86,0,77,40156,1.229441,33,283,86,0,0,0,0,0,5,397,0,0,0,505881,5115.933297,11310.000000
2000,00013,111,2,139,139,1,2,0,1634,1298,794,473,367,4,336,338131,136,658,342,154,0,344,1,8,70,999,210,0,346,3475995,11,346,346,2,0,344,0,176029,1.028463,2,0,0,0,0,344,0,0,0,0,0,0,346,883880,7820.292824,22840.000000
2000,00017,111,2,139,139,1,2,0,1634,1298,794,473,367,4,336,338131,136,658,342,154,0,344,1,8,70,999,210,0,346,3475995,11,435,296,150,262,23,139,72556,1.391960,28,122,156,129,0,0,0,0,12,251,172,0,0,813679,5662.097229,12360.000000
2000,00006,111,2,139,139,1,2,0,1634,1298,794,473,367,4,336,338131,136,658,342,154,0,344,1,8,70,999,210,0,346,3475995,11,0,0,0,0,0,0,0,0.000000,0,0,0,0,0,0,0,0,0,0,0,0,0,0,0.000000,0.000000
2100,00004,111,2,139,139,1,79,0,1446,1118,563,387,496,111,328,442391,307,256,262,198,51,372,0,23,293,557,201,0,372,3627851,12,0,0,0,0,0,0,0,0.000000,0,0,0,0,0,0,0,0,0,0,0,0,0,0,0.000000,0.000000
2100,00002,111,2,139,139,1,79,0,1446,1118,563,387,496,111,328,442391,307,256,262,198,51,372,0,23,293,557,201,0,372,3627851,12,0,0,0,0,0,0,0,0.000000,0,0,0,0,0,0,0,0,0,0,0,0,0,0,290.079403,0.000000
2100,00005,111,2,139,139,1,79,0,1446,1118,563,387,496,111,328,442391,307,256,262,198,51,372,0,23,293,557,201,0,372,3627851,12,491,328,139,251,101,163,116007,42.593571,42,97,175,126,51,0,0,0,44,296,151,0,0,1338231,6620.289463,13510.000000
2100,00014,111,2,139,139,1,79,0,1446,1118,563,387,496,111,328,442391,307,256,262,198,51,372,0,23,293,557,201,0,372,3627851,12,0,0,0,0,0,0,0,0.000000,0,0,0,0,0,0,0,0,0,0,0,0,0,0,0.000000,0.000000
2100,00007,111,2,139,139,1,79,0,1446,1118,563,387,496,111,328,442391,307,256,262,198,51,372,0,23,293,557,201,0,372,3627851,12,0,0,0,0,0,0,0,0.000000,0,0,0,0,0,0,0,0,0,0,0,0,0,0,0.000000,0.000000
2100,00016,111,2,139,139,1,79,0,1446,1118,563,387,496,111,328,442391,307,256,262,198,51,372,0,23,293,557,201,0,372,3627851,12,4,4,4,0,0,0,132,0.198571,3,1,0,0,0,0,0,0,2,2,0,0,0,0,230.683530,0.000000
2100,00008,111,2,139,139,1,79,0,1446,1118,563,387,496,111,328,442391,307,256,262,198,51,372,0,23,293,557,201,0,372,3627851,12,0,0,0,0,0,0,0,0.000000,0,0,0,0,0,0,0,0,0,0,0,0,0,0,270.587131,0.000000
2100,00009,111,2,139,139,1,79,0,1446,1118,563,387,496,111,328,442391,307,256,262,198,51,372,0,23,293,557,201,0,372,3627851,12,230,186,230,0,0,44,11888,14.520536,178,52,0,0,0,0,0,4,136,90,0,0,0,620906,4903.434264,10370.000000
2100,00013,111,2,139,139,1,79,0,1446,1118,563,387,496,111,328,442391,307,256,262,198,51,372,0,23,293,557,201,0,372,3627851,12,372,372,0,0,372,0,260759,30.282143,0,0,0,0,0,372,0,0,0,0,0,0,372,762144,7950.727679,31230.000000
2100,00017,111,2,139,139,1,79,0,1446,1118,563,387,496,111,328,442391,307,256,262,198,51,372,0,23,293,557,201,0,372,3627851,12,349,228,190,136,23,121,53605,25.193750,84,106,87,72,0,0,0,19,111,169,50,0,0,906570,5460.559624,11520.000000
2100,00006,111,2,139,139,1,79,0,1446,1118,563,387,496,111,328,442391,307,256,262,198,51,372,0,23,293,557,201,0,372,3627851,12,0,0,0,0,0,0,0,0.000000,0,0,0,0,0,0,0,0,0,0,0,0,0,0,0.000000,0.000000
2100,00020,111,2,139,139,1,79,0,1446,1118,563,387,496,111,328,442391,307,256,262,198,51,372,0,23,293,557,201,0,372,3627851,12,0,0,0,0,0,0,0,0.000000,0,0,0,0,0,0,0,0,0,0,0,0,0,0,181.333394,0.000000
2600,00001,111,2,139,139,1,2,0,829,702,152,203,474,3,127,585105,57,95,167,60,115,335,11,8,9,166,196,79,360,3570602,10,28,13,28,0,0,15,810,0.086850,28,0,0,0,0,0,11,8,9,0,0,0,0,658752,5091.663857,200.000000
2600,00002,111,2,139,139,1,2,0,829,702,152,203,474,3,127,585105,57,95,167,60,115,335,11,8,9,166,196,79,360,3570602,10,0,0,0,0,0,0,0,0.000000,0,0,0,0,0,0,0,0,0,0,0,0,0,0,290.079403,0.000000
2600,00010,111,2,139,139,1,2,0,829,702,152,203,474,3,127,585105,57,95,167,60,115,335,11,8,9,166,196,79,360,3570602,10,0,0,0,0,0,0,0,0.000000,0,0,0,0,0,0,0,0,0,0,0,0,0,0,0.000000,0.000000
2600,00013,111,2,139,139,1,2,0,829,702,152,203,474,3,127,585105,57,95,167,60,115,335,11,8,9,166,196,79,360,3570602,10,334,324,3,0,331,10,375114,1.689279,3,0,0,0,0,331,0,0,0,0,0,0,334,909244,7808.649396,30070.000000
2600,00018,111,2,139,139,1,2,0,829,702,152,203,474,3,127,585105,57,95,167,60,115,335,11,8,9,166,196,79,360,3570602,10,4,4,4,0,0,0,132,0.015270,4,0,0,0,0,0,0,0,0,2,1,1,0,0,337.530797,10.000000
2600,00019,111,2,139,139,1,2,0,829,702,152,203,474,3,127,585105,57,95,167,60,115,335,11,8,9,166,196,79,360,3570602,10,0,0,0,0,0,0,0,0.000000,0,0,0,0,0,0,0,0,0,0,0,0,0,0,431.123140,0.000000
2600,00021,111,2,139,139,1,2,0,829,702,152,203,474,3,127,585105,57,95,167,60,115,335,11,8,9,166,196,79,360,3570602,10,408,314,88,177,143,94,200197,2.099669,14,74,141,60,115,4,0,0,0,109,195,78,26,60690,4667.898946,15400.000000
2600,00006,111,2,139,139,1,2,0,829,702,152,203,474,3,127,585105,57,95,167,60,115,335,11,8,9,166,196,79,360,3570602,10,0,0,0,0,0,0,0,0.000000,0,0,0,0,0,0,0,0,0,0,0,0,0,0,0.000000,0.000000
2600,00004,111,2,139,139,1,2,0,829,702,152,203,474,3,127,585105,57,95,167,60,115,335,11,8,9,166,196,79,360,3570602,10,0,0,0,0,0,0,0,0.000000,0,0,0,0,0,0,0,0,0,0,0,0,0,0,0.000000,0.000000
2600,00005,111,2,139,139,1,2,0,829,702,152,203,474,3,127,585105,57,95,167,60,115,335,11,8,9,166,196,79,360,3570602,10,55,47,29,26,0,8,8852,0.179426,8,21,26,0,0,0,0,0,0,55,0,0,0,1941916,6800.925008,11310.000000
2700,00001,111,2,139,139,1,81,0,1251,1029,474,359,418,113,222,474230,207,267,286,104,7,380,0,12,162,438,259,0,380,3316195,11,45,37,45,0,0,8,1475,3.127500,45,0,0,0,0,0,0,12,33,0,0,0,0,400860,5046.004997,10060.000000
2700,00002,111,2,139,139,1,81,0,1251,1029,474,359,418,113,222,474230,207,267,286,104,7,380,0,12,162,438,259,0,380,3316195,11,0,0,0,0,0,0,0,0.000000,0,0,0,0,0,0,0,0,0,0,0,0,0,0,290.079403,0.000000
2700,00010,111,2,139,139,1,81,0,1251,1029,474,359,418,113,222,474230,207,267,286,104,7,380,0,12,162,438,259,0,380,3316195,11,0,0,0,0,0,0,0,0.000000,0,0,0,0,0,0,0,0,0,0,0,0,0,0,0.000000,0.000000
2700,00013,111,2,139,139,1,81,0,1251,1029,474,359,418,113,222,474230,207,267,286,104,7,380,0,12,162,438,259,0,380,3316195,11,380,380,0,0,380,0,310153,35.991071,0,0,0,0,0,380,0,0,0,0,0,0,380,743816,7950.804783,44950.000000
2700,00018,111,2,139,139,1,81,0,1251,1029,474,359,418,113,222,474230,207,267,286,104,7,380,0,12,162,438,259,0,380,3316195,11,10,10,7,3,0,0,411,0.496429,6,1,2,1,0,0,0,0,0,6,4,0,0,0,334.951269,20.000000
2700,00019,111,2,139,139,1,81,0,1251,1029,474,359,418,113,222,474230,207,267,286,104,7,380,0,12,162,438,259,0,380,3316195,11,0,0,0,0,0,0,0,0.000000,0,0,0,0,0,0,0,0,0,0,0,0,0,0,431.123140,0.000000
2700,00021,111,2,139,139,1,81,0,1251,1029,474,359,418,113,222,474230,207,267,286,104,7,380,0,12,162,438,259,0,380,3316195,11,468,340,139,291,38,128,121367,46.813214,22,117,219,103,7,0,0,0,0,218,250,0,0,116444,4510.013185,11730.000000
2700,00006,111,2,139,139,1,81,0,1251,1029,474,359,418,113,222,474230,207,267,286,104,7,380,0,12,162,438,259,0,380,3316195,11,0,0,0,0,0,0,0,0.000000,0,0,0,0,0,0,0,0,0,0,0,0,0,0,0.000000,0.000000
2700,00004,111,2,139,139,1,81,0,1251,1029,474,359,418,113,222,474230,207,267,286,104,7,380,0,12,162,438,259,0,380,3316195,11,0,0,0,0,0,0,0,0.000000,0,0,0,0,0,0,0,0,0,0,0,0,0,0,0.000000,0.000000
2700,00005,111,2,139,139,1,81,0,1251,1029,474,359,418,113,222,474230,207,267,286,104,7,380,0,12,162,438,259,0,380,3316195,11,348,262,283,65,0,86,40824,29.115536,134,149,65,0,0,0,0,0,129,214,5,0,0,2055075,6711.326598,11940.000000
2700,00015,111,2,139,139,1,81,0,1251,1029,474,359,418,113,222,474230,207,267,286,104,7,380,0,12,162,438,259,0,380,3316195,11,0,0,0,0,0,0,0,0.000000,0,0,0,0,0,0,0,0,0,0,0,0,0,0,0.000000,0.000000
3400,00001,111,2,139,139,1,0,0,1270,1058,526,353,391,1,212,399790,392,134,227,153,10,354,0,11,339,237,326,0,357,2021033,11,173,141,170,3,0,32,8648,0.375889,160,10,3,0,0,0,0,11,143,19,0,0,0,275122,4574.931341,8060.000000
3400,00002,111,2,139,139,1,0,0,1270,1058,526,353,391,1,212,399790,392,134,227,153,10,354,0,11,339,237,326,0,357,2021033,11,0,0,0,0,0,0,0,0.000000,0,0,0,0,0,0,0,0,0,0,0,0,0,0,313.369872,0.000000
3400,00003,111,2,139,139,1,0,0,1270,1058,526,353,391,1,212,399790,392,134,227,153,10,354,0,11,339,237,326,0,357,2021033,11,0,0,0,0,0,0,0,0.000000,0,0,0,0,0,0,0,0,0,0,0,0,0,0,252.395125,0.000000
3400,00004,111,2,139,139,1,0,0,1270,1058,526,353,391,1,212,399790,392,134,227,153,10,354,0,11,339,237,326,0,357,2021033,11,8,6,8,0,0,2,274,0.009488,3,5,0,0,0,0,0,0,0,6,2,0,0,0,237.949206,0.000000
3400,00010,111,2,139,139,1,0,0,1270,1058,526,353,391,1,212,399790,392,134,227,153,10,354,0,11,339,237,326,0,357,2021033,11,0,0,0,0,0,0,0,0.000000,0,0,0,0,0,0,0,0,0,0,0,0,0,0,269.185474,0.000000
3400,00006,111,2,139,139,1,0,0,1270,1058,526,353,391,1,212,399790,392,134,227,153,10,354,0,11,339,237,326,0,357,2021033,11,0,0,0,0,0,0,0,0.000000,0,0,0,0,0,0,0,0,0,0,0,0,0,0,0.000000,0.000000
3400,00007,111,2,139,139,1,0,0,1270,1058,526,353,391,1,212,399790,392,134,227,153,10,354,0,11,339,237,326,0,357,2021033,11,0,0,0,0,0,0,0,0.000000,0,0,0,0,0,0,0,0,0,0,0,0,0,0,107.534721,0.000000
3400,00008,111,2,139,139,1,0,0,1270,1058,526,353,391,1,212,399790,392,134,227,153,10,354,0,11,339,237,326,0,357,2021033,11,0,0,0,0,0,0,0,0.000000,0,0,0,0,0,0,0,0,0,0,0,0,0,0,237.285450,0.000000
3400,00013,111,2,139,139,1,0,0,1270,1058,526,353,391,1,212,399790,392,134,227,153,10,354,0,11,339,237,326,0,357,2021033,11,357,357,3,0,354,0,251928,0.868558,3,0,0,0,0,354,0,0,0,0,0,0,357,1294848,7636.093321,29650.000000
3400,00017,111,2,139,139,1,0,0,1270,1058,526,353,391,1,212,399790,392,134,227,153,10,354,0,11,339,237,326,0,357,2021033,11,417,324,34,346,37,93,113658,1.051029,5,29,220,153,10,0,0,0,0,93,324,0,0,208793,4551.297307,13510.000000
3400,00009,111,2,139,139,1,0,0,1270,1058,526,353,391,1,212,399790,392,134,227,153,10,354,0,11,339,237,326,0,357,2021033,11,315,230,311,4,0,85,25282,0.765645,221,90,4,0,0,0,0,0,196,119,0,0,0,242270,4144.435237,7750.000000
3500,00001,111,2,139,139,1,81,0,1761,1486,769,513,479,113,275,404543,369,400,354,230,15,393,0,0,255,620,483,10,393,2182307,10,454,364,175,238,41,90,75420,29.885000,66,109,148,131,0,0,0,0,59,183,212,0,0,357832,4361.269034,14460.000000
3500,00002,111,2,139,139,1,81,0,1761,1486,769,513,479,113,275,404543,369,400,354,230,15,393,0,0,255,620,483,10,393,2182307,10,7,5,3,4,0,2,308,0.248214,3,0,4,0,0,0,0,0,0,6,1,0,0,0,311.404300,0.000000
3500,00004,111,2,139,139,1,81,0,1761,1486,769,513,479,113,275,404543,369,400,354,230,15,393,0,0,255,620,483,10,393,2182307,10,0,0,0,0,0,0,0,0.000000,0,0,0,0,0,0,0,0,0,0,0,0,0,0,237.949206,0.000000
3500,00010,111,2,139,139,1,81,0,1761,1486,769,513,479,113,275,404543,369,400,354,230,15,393,0,0,255,620,483,10,393,2182307,10,0,0,0,0,0,0,0,0.000000,0,0,0,0,0,0,0,0,0,0,0,0,0,0,269.185474,0.000000
3500,00006,111,2,139,139,1,81,0,1761,1486,769,513,479,113,275,404543,369,400,354,230,15,393,0,0,255,620,483,10,393,2182307,10,0,0,0,0,0,0,0,0.000000,0,0,0,0,0,0,0,0,0,0,0,0,0,0,0.000000,0.000000
3500,00007,111,2,139,139,1,81,0,1761,1486,769,513,479,113,275,404543,369,400,354,230,15,393,0,0,255,620,483,10,393,2182307,10,0,0,0,0,0,0,0,0.000000,0,0,0,0,0,0,0,0,0,0,0,0,0,0,107.534721,0.000000
3500,00008,111,2,139,139,1,81,0,1761,1486,769,513,479,113,275,404543,369,400,354,230,15,393,0,0,255,620,483,10,393,2182307,10,0,0,0,0,0,0,0,0.000000,0,0,0,0,0,0,0,0,0,0,0,0,0,0,237.285450,0.000000
3500,00013,111,2,139,139,1,81,0,1761,1486,769,513,479,113,275,404543,369,400,354,230,15,393,0,0,255,620,483,10,393,2182307,10,393,393,0,0,393,0,215578,25.069643,0,0,0,0,0,393,0,0,0,0,0,0,393,1196745,7653.580931,27560.000000
3500,00017,111,2,139,139,1,81,0,1761,1486,769,513,479,113,275,404543,369,400,354,230,15,393,0,0,255,620,483,10,393,2182307,10,458,359,404,54,0,99,40752,30.133214,205,199,54,0,0,0,0,0,148,279,31,0,0,307674,4410.011157,16030.000000
3500,00009,111,2,139,139,1,81,0,1761,1486,769,513,479,113,275,404543,369,400,354,230,15,393,0,0,255,620,483,10,393,2182307,10,449,365,187,217,45,84,72485,29.562321,95,92,148,99,15,0,0,0,48,152,239,10,0,320056,4001.507077,14140.000000
3800,00001,111,2,139,139,1,0,0,1990,1660,747,792,451,0,330,338778,480,267,528,350,12,353,3,15,419,454,742,0,357,3593218,21,317,259,317,0,0,58,12326,0.430371,279,38,0,0,0,0,0,0,289,28,0,0,0,737024,4104.654472,11100.000000
3800,00005,111,2,139,139,1,0,0,1990,1660,747,792,451,0,330,338778,480,267,528,350,12,353,3,15,419,454,742,0,357,3593218,21,422,305,19,310,93,117,78328,0.601474,3,16,146,245,12,0,0,0,5,12,405,0,0,475908,6723.351204,13930.000000
3800,00002,111,2,139,139,1,0,0,1990,1660,747,792,451,0,330,338778,480,267,528,350,12,353,3,15,419,454,742,0,357,3593218,21,0,0,0,0,0,0,0,0.000000,0,0,0,0,0,0,0,0,0,0,0,0,0,0,311.404300,0.000000
3800,00008,111,2,139,139,1,0,0,1990,1660,747,792,451,0,330,338778,480,267,528,350,12,353,3,15,419,454,742,0,357,3593218,21,0,0,0,0,0,0,0,0.000000,0,0,0,0,0,0,0,0,0,0,0,0,0,0,237.285450,0.000000
3800,00003,111,2,139,139,1,0,0,1990,1660,747,792,451,0,330,338778,480,267,528,350,12,353,3,15,419,454,742,0,357,3593218,21,0,0,0,0,0,0,0,0.000000,0,0,0,0,0,0,0,0,0,0,0,0,0,0,252.395125,0.000000
3800,00012,111,2,139,139,1,0,0,1990,1660,747,792,451,0,330,338778,480,267,528,350,12,353,3,15,419,454,742,0,357,3593218,21,0,0,0,0,0,0,0,0.000000,0,0,0,0,0,0,0,0,0,0,0,0,0,0,326.520796,0.000000
3800,00004,111,2,139,139,1,0,0,1990,1660,747,792,451,0,330,338778,480,267,528,350,12,353,3,15,419,454,742,0,357,3593218,21,3,3,1,0,2,0,437,0.002612,1,0,0,0,0,2,0,0,0,0,0,0,3,0,304.367091,0.000000
3800,00013,111,2,139,139,1,0,0,1990,1660,747,792,451,0,330,338778,480,267,528,350,12,353,3,15,419,454,742,0,357,3593218,21,354,354,3,0,351,0,156021,0.481963,3,0,0,0,0,351,0,0,0,0,0,0,354,1400827,7459.075408,22950.000000
3800,00006,111,2,139,139,1,0,0,1990,1660,747,792,451,0,330,338778,480,267,528,350,12,353,3,15,419,454,742,0,357,3593218,21,0,0,0,0,0,0,0,0.000000,0,0,0,0,0,0,0,0,0,0,0,0,0,0,0.000000,0.000000
3800,00014,111,2,139,139,1,0,0,1990,1660,747,792,451,0,330,338778,480,267,528,350,12,353,3,15,419,454,742,0,357,3593218,21,0,0,0,0,0,0,0,0.000000,0,0,0,0,0,0,0,0,0,0,0,0,0,0,0.000000,0.000000
3800,00007,111,2,139,139,1,0,0,1990,1660,747,792,451,0,330,338778,480,267,528,350,12,353,3,15,419,454,742,0,357,3593218,21,0,0,0,0,0,0,0,0.000000,0,0,0,0,0,0,0,0,0,0,0,0,0,0,107.534721,0.000000
3800,00017,111,2,139,139,1,0,0,1990,1660,747,792,451,0,330,338778,480,267,528,350,12,353,3,15,419,454,742,0,357,3593218,21,307,234,65,237,5,73,36377,0.381391,14,51,181,61,0,0,0,8,1,164,134,0,0,379274,4261.088613,13410.000000
3800,00009,111,2,139,139,1,0,0,1990,1660,747,792,451,0,330,338778,480,267,528,350,12,353,3,15,419,454,742,0,357,3593218,21,381,327,137,244,0,54,47637,0.532249,20,117,200,44,0,0,0,0,1,177,203,0,0,72105,3863.911838,10370.000000
3800,00018,111,2,139,139,1,0,0,1990,1660,747,792,451,0,330,338778,480,267,528,350,12,353,3,15,419,454,742,0,357,3593218,21,0,0,0,0,0,0,0,0.000000,0,0,0,0,0,0,0,0,0,0,0,0,0,0,351.471042,0.000000
3800,00010,111,2,139,139,1,0,0,1990,1660,747,792,451,0,330,338778,480,267,528,350,12,353,3,15,419,454,742,0,357,3593218,21,0,0,0,0,0,0,0,0.000000,0,0,0,0,0,0,0,0,0,0,0,0,0,0,269.185474,0.000000
3800,00019,111,2,139,139,1,0,0,1990,1660,747,792,451,0,330,338778,480,267,528,350,12,353,3,15,419,454,742,0,357,3593218,21,11,11,10,1,0,0,327,0.012408,9,1,1,0,0,0,0,0,5,6,0,0,0,0,406.076237,30.000000
3800,00011,111,2,139,139,1,0,0,1990,1660,747,792,451,0,330,338778,480,267,528,350,12,353,3,15,419,454,742,0,357,3593218,21,0,0,0,0,0,0,0,0.000000,0,0,0,0,0,0,0,0,0,0,0,0,0,0,359.718684,50.000000
3800,00020,111,2,139,139,1,0,0,1990,1660,747,792,451,0,330,338778,480,267,528,350,12,353,3,15,419,454,742,0,357,3593218,21,29,21,29,0,0,8,441,0.030041,28,1,0,0,0,0,3,3,19,4,0,0,0,13,172.367386,10.000000
3800,00015,111,2,139,139,1,0,0,1990,1660,747,792,451,0,330,338778,480,267,528,350,12,353,3,15,419,454,742,0,357,3593218,21,0,0,0,0,0,0,0,0.000000,0,0,0,0,0,0,0,0,0,0,0,0,0,0,0.000000,0.000000
3800,00021,111,2,139,139,1,0,0,1990,1660,747,792,451,0,330,338778,480,267,528,350,12,353,3,15,419,454,742,0,357,3593218,21,166,146,166,0,0,20,6884,0.207022,123,43,0,0,0,0,0,4,99,63,0,0,0,528067,3708.320306,10270.000000
3800,00016,111,2,139,139,1,0,0,1990,1660,747,792,451,0,330,338778,480,267,528,350,12,353,3,15,419,454,742,0,357,3593218,21,0,0,0,0,0,0,0,0.000000,0,0,0,0,0,0,0,0,0,0,0,0,0,0,285.484530,0.000000
3900,00001,111,2,139,139,1,74,0,2126,1725,1403,268,455,104,401,300232,834,569,257,25,25,416,0,25,748,792,122,0,439,3541531,21,76,62,76,0,0,14,2276,3.574286,75,1,0,0,0,0,0,15,55,6,0,0,0,893945,4067.085323,10680.000000
3900,00005,111,2,139,139,1,74,0,2126,1725,1403,268,455,104,401,300232,834,569,257,25,25,416,0,25,748,792,122,0,439,3541531,21,467,354,327,124,16,113,40893,24.225714,135,192,113,25,2,0,0,0,149,219,99,0,0,589618,6598.794067,12990.000000
3900,00002,111,2,139,139,1,74,0,2126,1725,1403,268,455,104,401,300232,834,569,257,25,25,416,0,25,748,792,122,0,439,3541531,21,0,0,0,0,0,0,0,0.000000,0,0,0,0,0,0,0,0,0,0,0,0,0,0,311.404300,0.000000
3900,00008,111,2,139,139,1,74,0,2126,1725,1403,268,455,104,401,300232,834,569,257,25,25,416,0,25,748,792,122,0,439,3541531,21,3,3,3,0,0,0,36,0.124107,3,0,0,0,0,0,0,0,0,1,2,0,0,0,238.187676,0.000000
3900,00003,111,2,139,139,1,74,0,2126,1725,1403,268,455,104,401,300232,834,569,257,25,25,416,0,25,748,792,122,0,439,3541531,21,0,0,0,0,0,0,0,0.000000,0,0,0,0,0,0,0,0,0,0,0,0,0,0,252.395125,0.000000
3900,00012,111,2,139,139,1,74,0,2126,1725,1403,268,455,104,401,300232,834,569,257,25,25,416,0,25,748,792,122,0,439,3541531,21,0,0,0,0,0,0,0,0.000000,0,0,0,0,0,0,0,0,0,0,0,0,0,0,326.520796,0.000000
3900,00004,111,2,139,139,1,74,0,2126,1725,1403,268,455,104,401,300232,834,569,257,25,25,416,0,25,748,792,122,0,439,3541531,21,0,0,0,0,0,0,0,0.000000,0,0,0,0,0,0,0,0,0,0,0,0,0,0,304.367091,0.000000
3900,00013,111,2,139,139,1,74,0,2126,1725,1403,268,455,104,401,300232,834,569,257,25,25,416,0,25,748,792,122,0,439,3541531,21,439,358,0,0,439,81,186826,22.711607,0,0,0,0,23,416,0,0,0,0,0,0,439,1378878,7401.954880,22420.000000
3900,00006,111,2,139,139,1,74,0,2126,1725,1403,268,455,104,401,300232,834,569,257,25,25,416,0,25,748,792,122,0,439,3541531,21,0,0,0,0,0,0,0,0.000000,0,0,0,0,0,0,0,0,0,0,0,0,0,0,0.000000,0.000000
3900,00014,111,2,139,139,1,74,0,2126,1725,1403,268,455,104,401,300232,834,569,257,25,25,416,0,25,748,792,122,0,439,3541531,21,0,0,0,0,0,0,0,0.000000,0,0,0,0,0,0,0,0,0,0,0,0,0,0,0.000000,0.000000
3900,00007,111,2,139,139,1,74,0,2126,1725,1403,268,455,104,401,300232,834,569,257,25,25,416,0,25,748,792,122,0,439,3541531,21,0,0,0,0,0,0,0,0.000000,0,0,0,0,0,0,0,0,0,0,0,0,0,0,107.534721,0.000000
3900,00017,111,2,139,139,1,74,0,2126,1725,1403,268,455,104,401,300232,834,569,257,25,25,416,0,25,748,792,122,0,439,3541531,21,433,366,410,23,0,67,21337,22.364107,332,78,23,0,0,0,0,0,323,110,0,0,0,500320,4128.128909,11840.000000
3900,00009,111,2,139,139,1,74,0,2126,1725,1403,268,455,104,401,300232,834,569,257,25,25,416,0,25,748,792,122,0,439,3541531,21,435,365,314,121,0,70,37270,22.736429,90,224,121,0,0,0,0,0,43,371,21,0,0,178716,3718.464285,10480.000000
3900,00018,111,2,139,139,1,74,0,2126,1725,1403,268,455,104,401,300232,834,569,257,25,25,416,0,25,748,792,122,0,439,3541531,21,0,0,0,0,0,0,0,0.000000,0,0,0,0,0,0,0,0,0,0,0,0,0,0,351.471042,0.000000
3900,00010,111,2,139,139,1,74,0,2126,1725,1403,268,455,104,401,300232,834,569,257,25,25,416,0,25,748,792,122,0,439,3541531,21,0,0,0,0,0,0,0,0.000000,0,0,0,0,0,0,0,0,0,0,0,0,0,0,269.185474,0.000000
3900,00019,111,2,139,139,1,74,0,2126,1725,1403,268,455,104,401,300232,834,569,257,25,25,416,0,25,748,792,122,0,439,3541531,21,23,17,23,0,0,6,638,0.868750,23,0,0,0,0,0,0,10,13,0,0,0,0,54,400.763786,50.000000
3900,00011,111,2,139,139,1,74,0,2126,1725,1403,268,455,104,401,300232,834,569,257,25,25,416,0,25,748,792,122,0,439,3541531,21,0,0,0,0,0,0,0,0.000000,0,0,0,0,0,0,0,0,0,0,0,0,0,0,359.718684,0.000000
3900,00020,111,2,139,139,1,74,0,2126,1725,1403,268,455,104,401,300232,834,569,257,25,25,416,0,25,748,792,122,0,439,3541531,21,11,7,11,0,0,4,308,0.446786,11,0,0,0,0,0,0,0,8,3,0,0,0,0,173.122698,10.000000
3900,00015,111,2,139,139,1,74,0,2126,1725,1403,268,455,104,401,300232,834,569,257,25,25,416,0,25,748,792,122,0,439,3541531,21,0,0,0,0,0,0,0,0.000000,0,0,0,0,0,0,0,0,0,0,0,0,0,0,0.000000,0.000000
3900,00021,111,2,139,139,1,74,0,2126,1725,1403,268,455,104,401,300232,834,569,257,25,25,416,0,25,748,792,122,0,439,3541531,21,239,193,239,0,0,46,10648,11.765357,165,74,0,0,0,0,0,0,157,82,0,0,0,0,3605.611293,11210.000000
3900,00016,111,2,139,139,1,74,0,2126,1725,1403,268,455,104,401,300232,834,569,257,25,25,416,0,25,748,792,122,0,439,3541531,21,0,0,0,0,0,0,0,0.000000,0,0,0,0,0,0,0,0,0,0,0,0,0,0,285.484530,0.000000
4000,00001,111,2,139,139,1,65,0,1867,1598,1243,227,397,91,269,275109,627,616,214,13,0,397,0,23,524,845,78,0,397,3985835,18,436,372,299,137,0,64,37869,22.910179,84,215,124,13,0,0,0,0,42,347,47,0,0,991629,3885.276600,13510.000000
4000,00005,111,2,139,139,1,65,0,1867,1598,1243,227,397,91,269,275109,627,616,214,13,0,397,0,23,524,845,78,0,397,3985835,18,438,340,401,37,0,98,28289,22.612321,217,184,37,0,0,0,0,1,207,219,11,0,0,707508,6476.082414,13200.000000
4000,00002,111,2,139,139,1,65,0,1867,1598,1243,227,397,91,269,275109,627,616,214,13,0,397,0,23,524,845,78,0,397,3985835,18,0,0,0,0,0,0,0,0.000000,0,0,0,0,0,0,0,0,0,0,0,0,0,0,311.404300,0.000000
4000,00008,111,2,139,139,1,65,0,1867,1598,1243,227,397,91,269,275109,627,616,214,13,0,397,0,23,524,845,78,0,397,3985835,18,8,6,3,5,0,2,386,0.248214,3,0,5,0,0,0,0,0,0,4,4,0,0,0,240.443241,10.000000
4000,00003,111,2,139,139,1,65,0,1867,1598,1243,227,397,91,269,275109,627,616,214,13,0,397,0,23,524,845,78,0,397,3985835,18,0,0,0,0,0,0,0,0.000000,0,0,0,0,0,0,0,0,0,0,0,0,0,0,252.395125,0.000000
4000,00004,111,2,139,139,1,65,0,1867,1598,1243,227,397,91,269,275109,627,616,214,13,0,397,0,23,524,845,78,0,397,3985835,18,0,0,0,0,0,0,0,0.000000,0,0,0,0,0,0,0,0,0,0,0,0,0,0,304.367091,0.000000
4000,00013,111,2,139,139,1,65,0,1867,1598,1243,227,397,91,269,275109,627,616,214,13,0,397,0,23,524,845,78,0,397,3985835,18,397,393,0,0,397,4,175615,20.502500,0,0,0,0,0,397,0,0,0,0,0,0,397,1327833,7402.947747,25040.000000
4000,00006,111,2,139,139,1,65,0,1867,1598,1243,227,397,91,269,275109,627,616,214,13,0,397,0,23,524,845,78,0,397,3985835,18,0,0,0,0,0,0,0,0.000000,0,0,0,0,0,0,0,0,0,0,0,0,0,0,0.000000,0.000000
4000,00014,111,2,139,139,1,65,0,1867,1598,1243,227,397,91,269,275109,627,616,214,13,0,397,0,23,524,845,78,0,397,3985835,18,0,0,0,0,0,0,0,0.000000,0,0,0,0,0,0,0,0,0,0,0,0,0,0,0.000000,0.000000
4000,00007,111,2,139,139,1,65,0,1867,1598,1243,227,397,91,269,275109,627,616,214,13,0,397,0,23,524,845,78,0,397,3985835,18,0,0,0,0,0,0,0,0.000000,0,0,0,0,0,0,0,0,0,0,0,0,0,0,107.534721,0.000000
4000,00017,111,2,139,139,1,65,0,1867,1598,1243,227,397,91,269,275109,627,616,214,13,0,397,0,23,524,845,78,0,397,3985835,18,223,178,204,19,0,45,12105,10.300893,108,96,19,0,0,0,0,9,95,119,0,0,0,604253,4063.161836,11100.000000
4000,00009,111,2,139,139,1,65,0,1867,1598,1243,227,397,91,269,275109,627,616,214,13,0,397,0,23,524,845,78,0,397,3985835,18,317,277,288,29,0,40,19939,16.406964,170,118,29,0,0,0,0,2,143,156,16,0,0,282589,3616.663245,8690.000000
4000,00018,111,2,139,139,1,65,0,1867,1598,1243,227,397,91,269,275109,627,616,214,13,0,397,0,23,524,845,78,0,397,3985835,18,0,0,0,0,0,0,0,0.000000,0,0,0,0,0,0,0,0,0,0,0,0,0,0,351.471042,0.000000
4000,00010,111,2,139,139,1,65,0,1867,1598,1243,227,397,91,269,275109,627,616,214,13,0,397,0,23,524,845,78,0,397,3985835,18,0,0,0,0,0,0,0,0.000000,0,0,0,0,0,0,0,0,0,0,0,0,0,0,269.185474,0.000000
4000,00019,111,2,139,139,1,65,0,1867,1598,1243,227,397,91,269,275109,627,616,214,13,0,397,0,23,524,845,78,0,397,3985835,18,34,26,34,0,0,8,759,1.216250,31,3,0,0,0,0,0,0,34,0,0,0,0,0,382.009895,20.000000
4000,00020,111,2,139,139,1,65,0,1867,1598,1243,227,397,91,269,275109,627,616,214,13,0,397,0,23,524,845,78,0,397,3985835,18,0,0,0,0,0,0,0,0.000000,0,0,0,0,0,0,0,0,0,0,0,0,0,0,173.122698,0.000000
4000,00015,111,2,139,139,1,65,0,1867,1598,1243,227,397,91,269,275109,627,616,214,13,0,397,0,23,524,845,78,0,397,3985835,18,0,0,0,0,0,0,0,0.000000,0,0,0,0,0,0,0,0,0,0,0,0,0,0,0.000000,0.000000
4000,00021,111,2,139,139,1,65,0,1867,1598,1243,227,397,91,269,275109,627,616,214,13,0,397,0,23,524,845,78,0,397,3985835,18,14,6,14,0,0,8,147,0.013029,14,0,0,0,0,0,0,11,3,0,0,0,0,72023,3600.573595,11310.000000
4100,00001,111,2,139,139,1,66,0,1708,1493,870,374,464,92,215,314912,482,388,307,137,0,394,0,14,404,615,281,0,394,3636923,15,438,370,337,101,0,68,33908,24.672500,233,104,101,0,0,0,0,0,194,184,60,0,0,1103239,3709.928664,11730.000000
4100,00002,111,2,139,139,1,66,0,1708,1493,870,374,464,92,215,314912,482,388,307,137,0,394,0,14,404,615,281,0,394,3636923,15,0,0,0,0,0,0,0,0.000000,0,0,0,0,0,0,0,0,0,0,0,0,0,0,311.404300,0.000000
4100,00003,111,2,139,139,1,66,0,1708,1493,870,374,464,92,215,314912,482,388,307,137,0,394,0,14,404,615,281,0,394,3636923,15,0,0,0,0,0,0,0,0.000000,0,0,0,0,0,0,0,0,0,0,0,0,0,0,252.395125,0.000000
4100,00004,111,2,139,139,1,66,0,1708,1493,870,374,464,92,215,314912,482,388,307,137,0,394,0,14,404,615,281,0,394,3636923,15,0,0,0,0,0,0,0,0.000000,0,0,0,0,0,0,0,0,0,0,0,0,0,0,304.367091,0.000000
4100,00013,111,2,139,139,1,66,0,1708,1493,870,374,464,92,215,314912,482,388,307,137,0,394,0,14,404,615,281,0,394,3636923,15,394,394,0,0,394,0,183969,21.420893,0,0,0,0,0,394,0,0,0,0,0,0,394,1272421,7408.220143,25780.000000
4100,00006,111,2,139,139,1,66,0,1708,1493,870,374,464,92,215,314912,482,388,307,137,0,394,0,14,404,615,281,0,394,3636923,15,0,0,0,0,0,0,0,0.000000,0,0,0,0,0,0,0,0,0,0,0,0,0,0,0.000000,0.000000
4100,00014,111,2,139,139,1,66,0,1708,1493,870,374,464,92,215,314912,482,388,307,137,0,394,0,14,404,615,281,0,394,3636923,15,0,0,0,0,0,0,0,0.000000,0,0,0,0,0,0,0,0,0,0,0,0,0,0,0.000000,0.000000
4100,00007,111,2,139,139,1,66,0,1708,1493,870,374,464,92,215,314912,482,388,307,137,0,394,0,14,404,615,281,0,394,3636923,15,0,0,0,0,0,0,0,0.000000,0,0,0,0,0,0,0,0,0,0,0,0,0,0,107.534721,0.000000
4100,00017,111,2,139,139,1,66,0,1708,1493,870,374,464,92,215,314912,482,388,307,137,0,394,0,14,404,615,281,0,394,3636923,15,438,364,189,179,70,74,61501,24.473929,96,93,112,137,0,0,0,0,93,144,201,0,0,690294,3966.706857,15190.000000
4100,00009,111,2,139,139,1,66,0,1708,1493,870,374,464,92,215,314912,482,388,307,137,0,394,0,14,404,615,281,0,394,3636923,15,430,357,336,94,0,73,35392,23.729286,145,191,94,0,0,0,0,14,109,287,20,0,0,369332,3499.526286,11100.000000
4100,00018,111,2,139,139,1,66,0,1708,1493,870,374,464,92,215,314912,482,388,307,137,0,394,0,14,404,615,281,0,394,3636923,15,0,0,0,0,0,0,0,0.000000,0,0,0,0,0,0,0,0,0,0,0,0,0,0,351.471042,0.000000
4100,00010,111,2,139,139,1,66,0,1708,1493,870,374,464,92,215,314912,482,388,307,137,0,394,0,14,404,615,281,0,394,3636923,15,0,0,0,0,0,0,0,0.000000,0,0,0,0,0,0,0,0,0,0,0,0,0,0,269.185474,0.000000
4100,00020,111,2,139,139,1,66,0,1708,1493,870,374,464,92,215,314912,482,388,307,137,0,394,0,14,404,615,281,0,394,3636923,15,0,0,0,0,0,0,0,0.000000,0,0,0,0,0,0,0,0,0,0,0,0,0,0,173.122698,0.000000
4100,00015,111,2,139,139,1,66,0,1708,1493,870,374,464,92,215,314912,482,388,307,137,0,394,0,14,404,615,281,0,394,3636923,15,0,0,0,0,0,0,0,0.000000,0,0,0,0,0,0,0,0,0,0,0,0,0,0,0.000000,0.000000
4100,00021,111,2,139,139,1,66,0,1708,1493,870,374,464,92,215,314912,482,388,307,137,0,394,0,14,404,615,281,0,394,3636923,15,8,8,8,0,0,0,142,0.009685,8,0,0,0,0,0,0,0,8,0,0,0,0,201637,3500.970116,12570.000000
