0.108 1 1 2 4
0.108 3 1 7 6
0.108 9 1 5 6
0.108 18 1 8 3
0.108 4 2 2 6
0.108 6 3 2 3
0.108 21 4 7 3
0.108 7 4 2 4
0.108 14 2 7 6
0.108 16 2 5 6
0.108 19 2 8 3
0.108 13 6 2 6
0.108 10 5 2 3
0.108 15 3 7 6
0.1448 19 6 3 4
0.1544 10 7 3 6
0.156 19 5 4 3
0.1704 19 8 3 6
0.1768 9 5 6 4
0.1784 19 12 6 4
0.1848 19 7 4 3
0.2104 9 6 4 6
0.2354 5 1 6 3
0.2424 10 11 6 3
0.276 10 11 3 4
0.2856 20 2 3 4
0.2888 13 9 6 4
0.3 20 9 4 3
0.3032 18 3 3 4
0.3064 14 7 6 3
0.308 3 4 6 7
0.308 5 10 3 4
0.308 4 6 6 4
0.308 6 4 3 7
0.308 9 13 6 5
0.308 11 2 6 7
0.308 17 1 3 4
0.308 20 12 3 7
0.308 16 8 6 5
0.308 12 3 6 7
0.308 19 9 3 4
0.308 15 10 6 7
0.308 21 5 3 4
0.3144 1 3 4 7
0.3256 4 13 4 7
0.3368 1 11 7 4
0.3368 4 12 7 4
0.34 18 11 4 7
0.3432 17 14 4 5
0.3448 4 18 4 7
0.3576 4 14 7 4
0.388 18 13 7 4
0.3894 14 13 3 7
0.3896 4 19 4 7
0.396 19 15 4 5
0.4072 20 8 7 4
0.42 14 15 7 4
0.428 10 8 4 7
0.4312 18 20 4 7
0.4392 10 17 7 4
0.4504 10 23 4 7
0.5064 14 22 4 7
0.508 1 17 4 2
0.508 3 5 7 6
0.508 9 3 5 3
0.508 4 16 7 2
0.508 16 4 5 2
0.508 5 12 4 3
0.508 2 1 4 2
0.508 17 5 5 3
0.508 11 7 7 6
0.508 6 6 7 2
0.508 19 6 5 2
0.508 20 21 4 3
0.508 7 4 4 2
0.508 18 18 7 3
0.508 12 9 7 6
0.508 10 19 7 2
0.508 8 2 4 2
0.508 15 10 7 2
0.508 13 10 4 2
0.508 21 16 4 2
0.5288 9 14 3 6
0.608 14 20 7 3
0.6408 19 12 2 3
0.6968 15 16 2 3
0.708 3 14 6 4
0.708 5 15 3 4
0.708 9 17 6 5
0.708 14 19 3 2
0.708 11 15 6 2
0.708 12 16 6 4
0.708 15 21 3 2
0.708 17 16 3 2
0.708 18 18 3 2
0.708 19 20 3 2
0.708 20 17 3 2
0.7448 21 18 2 5
0.783 16 9 2 5
0.908 3 24 4 7
0.908 5 25 4 2
0.908 12 26 4 7
0.9144 5 26 2 7
0.924 20 25 2 5
0.932 5 23 7 2
0.944 15 21 2 7
0.9528 20 10 5 2
0.9704 8 15 2 5
0.9848 20 28 2 7
0.996 12 22 7 5
0.9992 20 25 7 5
1.0008 21 8 5 2
1.0056 20 13 5 7
1.012 20 26 7 5
1.0152 12 12 5 7
1.036 20 14 5 7
1.06 12 27 7 2
1.068 12 30 2 5
1.0776 19 24 2 7
1.108 1 7 2 5
1.108 3 21 7 4
1.108 15 24 7 5
1.108 5 27 2 4
1.108 2 10 2 5
1.108 19 29 7 4
1.108 7 13 2 4
1.108 4 8 2 5
1.108 20 28 7 4
1.108 10 14 2 4
1.108 6 11 2 5
1.108 11 20 2 4
1.108 18 23 2 5
1.108 13 17 2 4
1.108 21 29 2 5
1.108 14 19 2 4
1.108 17 22 2 4
1.1096 8 11 5 4
1.124 3 27 4 5
1.1384 12 15 5 4
1.1448 12 38 4 5
1.1576 3 23 5 4
1.1656 2 18 5 4
1.1752 12 24 5 4
1.1816 12 41 4 5
1.188 12 25 5 4
1.1944 2 40 4 5
1.292 6 20 5 4
1.308 3 39 4 6
1.308 5 28 4 3
1.308 6 43 4 6
1.308 8 37 4 5
1.308 7 30 4 6
1.308 1 16 5 3
1.308 13 34 4 3
1.308 10 32 4 6
1.308 15 17 5 3
1.308 14 35 4 3
1.308 11 33 4 6
1.308 21 22 5 3
1.308 17 36 4 3
1.308 12 42 4 6
1.308 19 29 4 3
1.308 20 31 4 3
1.3144 10 21 6 5
1.3224 10 28 5 6
1.332 1 23 3 6
1.3752 7 20 6 5
1.3928 1 25 6 3
1.4072 7 29 5 3
1.4312 18 21 5 3
1.436 8 27 5 3
1.508 1 31 3 7
1.508 2 26 5 4
1.508 3 18 6 7
1.508 5 22 3 8
1.508 7 32 3 4
1.508 9 7 5 7
1.508 4 19 5 4
1.508 6 19 6 7
1.508 13 24 3 8
1.508 14 26 3 7
1.508 8 34 3 4
1.508 16 9 5 4
1.508 10 24 6 7
1.508 17 28 3 8
1.508 15 25 3 7
1.508 11 22 6 7
1.508 20 30 3 4
1.508 18 33 3 8
1.508 12 23 6 7
1.508 19 29 3 8
1.508 21 27 3 8
1.5144 9 32 7 4
1.58 14 34 7 8
1.6008 12 38 7 4
1.6088 13 4 8 7
1.6184 2 44 4 7
1.62 11 37 7 4
1.6264 2 40 7 8
1.6584 2 10 8 4
1.684 6 33 7 8
1.7064 11 52 4 8
1.708 5 3 8 4
1.708 6 11 8 6
1.708 14 9 8 7
1.708 17 5 8 4
1.708 18 6 8 7
1.708 12 51 4 6
1.708 19 7 8 7
1.708 21 8 8 7
1.716 6 26 6 4
1.7192 11 12 8 6
1.7352 18 42 7 4
1.7554 13 39 7 4
1.8008 20 49 4 7
1.8072 2 53 4 7
1.8088 20 45 7 6
1.8216 20 29 6 4
1.8454 10 35 7 6
1.8472 6 56 4 6
1.86 20 59 4 7
1.8664 20 47 7 6
1.8744 20 32 6 7
1.8952 16 48 4 7
1.908 1 30 7 8
1.908 4 46 4 2
1.908 2 46 7 2
1.908 3 31 7 6
1.908 5 54 4 2
1.908 15 36 7 8
1.908 14 41 7 2
1.908 7 45 4 2
1.908 18 57 4 8
1.908 19 43 7 8
1.908 16 49 7 2
1.908 8 47 4 2
1.908 21 44 7 8
1.908 20 48 7 2
1.908 9 50 4 2
1.908 13 58 4 2
1.908 17 55 4 2
1.961 6 31 6 2
1.9624 20 38 2 8
1.969 10 30 6 8
2.1 20 18 8 2
2.108 1 13 8 7
2.108 2 32 2 5
2.108 3 33 6 7
2.108 4 31 2 4
2.108 5 33 2 7
2.108 12 27 6 5
2.108 10 19 8 7
2.108 6 42 2 5
2.108 11 28 6 7
2.108 7 35 2 4
2.108 15 14 8 7
2.108 9 39 2 5
2.108 8 37 2 4
2.108 14 34 2 7
2.108 18 15 8 7
2.108 16 36 2 5
2.108 13 40 2 4
2.108 19 16 8 7
2.108 17 41 2 4
2.108 21 17 8 7
2.108 20 43 2 4
2.1928 11 54 7 4
2.22 19 58 7 4
2.22 6 32 5 4
2.2488 5 52 7 4
2.2776 13 63 4 7
2.2856 5 69 4 5
2.308 1 50 7 3
2.308 2 30 5 3
2.308 3 51 7 4
2.308 9 33 5 4
2.308 13 60 7 3
2.308 5 35 5 3
2.308 10 53 7 4
2.308 12 31 5 4
2.308 15 55 7 3
2.308 16 34 5 3
2.308 14 56 7 4
2.308 18 57 7 3
2.308 21 59 7 3
2.3496 6 68 4 3
2.3522 17 64 4 3
2.372 11 66 4 3
2.3768 2 36 3 4
2.3858 19 67 4 3
2.3896 11 45 3 4
2.4024 11 76 4 3
2.414 20 65 4 3
2.4776 6 43 3 4
2.4808 2 75 4 3
2.4872 10 72 4 3
2.508 1 35 3 2
2.508 5 38 3 6
2.508 2 49 3 2
2.508 11 47 3 6
2.508 10 50 3 2
2.508 3 70 4 6
2.508 17 44 3 4
2.508 15 39 3 6
2.508 13 37 3 2
2.508 12 73 4 6
2.508 20 48 3 4
2.508 16 40 3 6
2.508 18 41 3 2
2.508 19 46 3 2
2.508 21 42 3 2
2.5272 6 77 4 2
2.5378 4 60 4 2
2.5864 5 34 6 2
2.612 20 79 4 6
2.6616 14 74 4 6
2.6808 15 37 6 4
2.6872 15 80 4 2
2.7038 7 61 4 2
2.708 1 44 2 7
2.708 8 62 4 6
2.708 2 45 2 6
2.708 9 71 4 7
2.708 4 52 2 7
2.708 17 78 4 6
2.708 6 51 2 6
2.708 5 53 2 7
2.708 15 54 2 6
2.708 10 46 2 7
2.708 18 48 2 6
2.708 13 47 2 7
2.708 21 50 2 6
2.708 19 49 2 7
2.7378 3 36 6 7
2.7384 15 46 6 7
2.7528 21 48 6 7
2.7538 7 55 2 6
2.7704 9 62 7 6
2.7864 18 47 6 7
2.8088 20 40 6 7
2.8088 15 69 7 6
2.8168 15 51 6 7
2.8248 4 63 7 6
2.8832 10 65 7 6
2.8976 13 66 7 6
2.908 1 61 7 3
2.908 2 43 6 3
2.908 3 68 7 3
2.908 4 52 6 3
2.908 5 64 7 3
2.908 6 45 6 3
2.908 15 73 7 3
2.908 7 49 6 3
2.908 18 71 7 3
2.908 8 42 6 3
2.908 19 67 7 3
2.908 9 50 6 3
2.908 20 72 7 3
2.908 10 53 6 3
2.908 21 70 7 3
2.908 11 35 6 3
2.908 12 38 6 3
2.908 13 54 6 3
2.908 14 41 6 3
2.908 16 39 6 3
2.908 17 44 6 3
3.108 1 51 3 7
3.108 2 52 3 5
3.108 3 53 3 7
3.108 4 54 3 5
3.108 5 55 3 7
3.108 6 56 3 5
3.108 10 64 3 7
3.108 7 58 3 5
3.108 12 67 3 7
3.108 8 60 3 5
3.108 14 69 3 7
3.108 9 62 3 5
3.108 15 57 3 7
3.108 11 66 3 5
3.108 18 59 3 7
3.108 13 68 3 5
3.108 19 61 3 7
3.108 16 70 3 5
3.108 20 63 3 7
3.108 17 71 3 5
3.108 21 65 3 7
3.2008 20 83 7 5
3.249 11 42 5 7
3.308 1 74 7 2
3.308 2 36 5 2
3.308 5 76 7 8
3.308 3 75 7 2
3.308 4 37 5 2
3.308 11 85 7 6
3.308 9 41 5 8
3.308 10 77 7 2
3.308 6 38 5 2
3.308 15 80 7 8
3.308 16 44 5 6
3.308 12 78 7 6
3.308 7 39 5 2
3.308 18 81 7 8
3.308 20 46 5 6
3.308 14 79 7 6
3.308 8 40 5 2
3.308 19 82 7 8
3.308 13 43 5 2
3.308 21 84 7 8
3.308 17 45 5 2
3.3304 9 21 8 2
3.4056 20 58 6 8
3.4968 3 58 2 6
3.508 1 56 2 7
3.508 3 60 6 7
3.508 5 20 8 3
3.508 11 55 6 3
3.508 15 22 8 7
3.508 6 61 2 3
3.508 2 57 2 7
3.508 14 59 6 7
3.508 18 23 8 3
3.508 12 57 6 3
3.508 8 63 2 3
3.508 4 59 2 7
3.508 16 56 6 7
3.508 19 24 8 3
3.508 9 66 2 3
3.508 7 62 2 7
3.508 20 26 8 3
3.508 17 65 2 3
3.508 10 60 2 7
3.508 21 25 8 3
3.508 13 64 2 7
3.5144 14 90 7 3
3.5144 20 80 3 7
3.54 20 96 7 3
3.5464 13 95 7 3
3.5896 9 79 3 7
3.596 11 73 3 7
3.7016 6 74 3 7
3.708 1 86 7 2
3.708 5 72 3 2
3.708 2 89 7 2
3.708 8 77 3 2
3.708 3 87 7 2
3.708 12 76 3 2
3.708 4 91 7 2
3.708 13 85 3 2
3.708 6 99 7 2
3.708 14 83 3 2
3.708 7 93 7 2
3.708 17 81 3 2
3.708 9 97 7 2
3.708 18 75 3 2
3.708 10 94 7 2
3.708 19 78 3 2
3.708 11 98 7 2
3.708 20 84 3 2
3.708 15 88 7 2
3.708 21 82 3 2
3.708 16 92 7 2
3.908 12 72 2 6
3.908 21 86 2 4
3.9192 11 83 2 6
3.9336 21 81 4 6
3.9464 21 63 6 2
3.949 16 87 2 6
4.0376 5 68 2 4
4.0392 8 70 2 4
4.0776 19 82 2 4
4.0888 21 88 2 6
4.0968 21 65 6 2
4.108 1 67 2 7
4.108 5 82 4 7
4.108 11 62 6 7
4.108 2 69 2 7
4.108 8 83 4 7
4.108 12 61 6 7
4.108 3 71 2 7
4.108 19 84 4 7
4.108 16 64 6 7
4.108 4 73 2 7
4.108 6 75 2 7
4.108 7 77 2 7
4.108 9 79 2 7
4.108 10 81 2 7
4.108 13 74 2 7
4.108 14 76 2 7
4.108 15 85 2 7
4.108 17 78 2 7
4.108 18 80 2 7
4.108 20 84 2 7
4.108 21 89 2 7
4.508 1 100 7 5
4.508 2 103 7 5
4.508 3 106 7 5
4.508 4 109 7 5
4.508 5 101 7 5
4.508 6 110 7 5
4.508 7 111 7 5
4.508 8 104 7 5
4.508 9 112 7 5
4.508 10 113 7 5
4.508 11 102 7 5
4.508 12 105 7 5
4.508 13 114 7 5
4.508 14 115 7 5
4.508 15 116 7 5
4.508 16 108 7 5
4.508 17 117 7 5
4.508 18 118 7 5
4.508 19 107 7 5
4.508 20 119 7 5
4.508 21 120 7 5
4.708 1 47 5 7
4.708 2 48 5 3
4.708 3 49 5 7
4.708 5 51 5 3
4.708 6 52 5 8
4.708 4 50 5 7
4.708 7 53 5 3
4.708 9 55 5 8
4.708 10 56 5 7
4.708 8 54 5 3
4.708 11 57 5 8
4.708 12 58 5 7
4.708 14 60 5 8
4.708 16 62 5 3
4.708 13 59 5 7
4.708 15 61 5 8
4.708 17 63 5 3
4.708 18 64 5 8
4.708 19 65 5 3
4.708 20 66 5 3
4.708 21 67 5 3
4.7256 2 86 3 8
4.7672 13 126 7 3
4.868 11 29 8 7
4.908 1 121 7 5
4.908 2 33 8 5
4.908 5 87 3 5
4.908 3 122 7 5
4.908 6 27 8 5
4.908 7 88 3 5
4.908 4 123 7 5
4.908 9 28 8 5
4.908 8 89 3 5
4.908 10 124 7 5
4.908 14 30 8 5
4.908 13 95 3 5
4.908 11 127 7 5
4.908 15 31 8 5
4.908 16 90 3 5
4.908 12 125 7 5
4.908 18 32 8 5
4.908 17 91 3 5
4.908 19 92 3 5
4.908 20 93 3 5
4.908 21 94 3 5
