0.109768 1 3 4
0.109768 7 4 4
0.109768 18 3 3
0.109768 6 4 3
0.109768 21 5 3
0.109768 19 6 3
0.109768 10 7 3
0.109768 3 4 6
0.109768 9 5 6
0.109768 4 6 6
0.109768 14 7 6
0.109768 16 8 6
0.109768 13 9 6
0.109768 15 10 6
0.146518 19 5 4
0.156018 10 11 6
0.157768 19 8 3
0.172018 19 12 6
0.178518 9 6 4
0.180018 19 7 4
0.186518 19 9 3
0.212018 9 13 6
0.237018 5 10 3
0.244018 10 11 3
0.277768 10 8 4
0.287268 20 9 4
0.290518 13 10 4
0.301768 20 12 3
0.304768 18 11 4
0.308018 14 13 3
0.309768 9 3 5
0.309768 16 4 5
0.309768 3 5 7
0.309768 6 6 7
0.309768 11 7 7
0.309768 20 8 7
0.309768 12 9 7
0.309768 15 10 7
0.309768 5 12 4
0.309768 4 13 4
0.309768 17 14 4
0.309768 19 15 4
0.309768 21 16 4
0.316018 1 11 7
0.327268 4 12 7
0.338518 1 17 4
0.338518 4 18 4
0.341768 18 13 7
0.344768 17 5 5
0.346518 4 14 7
0.359268 4 19 4
0.389768 18 20 4
0.391018 14 15 7
0.391268 4 16 7
0.397768 19 6 5
0.408768 20 21 4
0.421768 14 22 4
0.429768 10 17 7
0.432768 18 18 7
0.440768 10 23 4
0.452018 10 19 7
0.508018 14 20 7
0.509768 1 7 2
0.509768 4 8 2
0.509768 16 9 2
0.509768 2 10 2
0.509768 6 11 2
0.509768 19 12 2
0.509768 7 13 2
0.509768 10 14 2
0.509768 8 15 2
0.509768 15 16 2
0.509768 13 17 2
0.509768 21 18 2
0.509768 3 14 6
0.509768 11 15 6
0.509768 12 16 6
0.509768 9 14 3
0.509768 5 15 3
0.509768 17 16 3
0.509768 20 17 3
0.509768 18 18 3
0.530518 9 17 6
0.609768 14 19 3
0.642518 19 20 3
0.698518 15 21 3
0.709768 9 7 5
0.709768 3 24 4
0.709768 5 25 4
0.709768 12 26 4
0.709768 14 19 2
0.709768 11 20 2
0.709768 15 21 2
0.709768 17 22 2
0.709768 18 23 2
0.709768 19 24 2
0.709768 20 25 2
0.746518 21 8 5
0.784768 16 9 5
0.909768 3 21 7
0.909768 12 22 7
0.909768 5 26 2
0.916018 5 23 7
0.925768 20 10 5
0.933768 5 27 2
0.945768 15 24 7
0.954518 20 28 2
0.972018 8 11 5
0.986518 20 25 7
0.997768 12 12 5
1.00077 20 13 5
1.00252 21 29 2
1.00727 20 26 7
1.01377 20 14 5
1.01677 12 27 7
1.03777 20 28 7
1.06177 12 30 2
1.06977 12 15 5
1.07927 19 29 7
1.10977 3 27 4
1.10977 5 28 4
1.10977 19 29 4
1.10977 7 30 4
1.10977 20 31 4
1.10977 10 32 4
1.10977 11 33 4
1.10977 13 34 4
1.10977 14 35 4
1.10977 17 36 4
1.10977 1 16 5
1.10977 15 17 5
1.10977 2 18 5
1.10977 4 19 5
1.10977 6 20 5
1.10977 18 21 5
1.10977 21 22 5
1.11127 8 37 4
1.12577 3 23 5
1.14002 12 38 4
1.14652 12 24 5
1.15927 3 39 4
1.16727 2 40 4
1.17677 12 41 4
1.18327 12 25 5
1.18977 12 42 4
1.19602 2 26 5
1.29377 6 43 4
1.30977 3 18 6
1.30977 6 19 6
1.30977 7 20 6
1.30977 10 21 6
1.30977 11 22 6
1.30977 12 23 6
1.30977 5 22 3
1.30977 1 23 3
1.30977 13 24 3
1.30977 15 25 3
1.30977 14 26 3
1.30977 21 27 3
1.30977 17 28 3
1.30977 19 29 3
1.30977 20 30 3
1.30977 8 27 5
1.31602 10 28 5
1.32402 10 24 6
1.33377 1 25 6
1.37677 7 29 5
1.39452 1 31 3
1.40877 7 32 3
1.43277 18 33 3
1.43777 8 34 3
1.50977 5 3 8
1.50977 13 4 8
1.50977 17 5 8
1.50977 18 6 8
1.50977 19 7 8
1.50977 21 8 8
1.50977 1 30 7
1.50977 3 31 7
1.50977 9 32 7
1.50977 6 33 7
1.50977 14 34 7
1.50977 10 35 7
1.50977 15 36 7
1.50977 11 37 7
1.50977 12 38 7
1.50977 2 44 4
1.50977 7 45 4
1.50977 4 46 4
1.50977 8 47 4
1.50977 16 48 4
1.50977 20 49 4
1.51602 9 50 4
1.58177 14 9 8
1.60252 12 51 4
1.61052 13 39 7
1.62002 2 40 7
1.62177 11 52 4
1.62802 2 10 8
1.66002 2 53 4
1.68577 6 11 8
1.70802 11 12 8
1.70977 6 26 6
1.70977 12 27 6
1.70977 14 41 7
1.70977 18 42 7
1.70977 19 43 7
1.70977 21 44 7
1.70977 5 54 4
1.70977 17 55 4
1.71777 6 56 4
1.72077 11 28 6
1.73677 18 57 4
1.75702 13 58 4
1.80252 20 45 7
1.80877 2 46 7
1.81052 20 29 6
1.82327 20 59 4
1.84702 10 30 6
1.84877 6 31 6
1.86177 20 47 7
1.86802 20 32 6
1.87602 20 48 7
1.89677 16 49 7
1.90977 4 31 2
1.90977 2 32 2
1.90977 5 33 2
1.90977 14 34 2
1.90977 7 35 2
1.90977 16 36 2
1.90977 8 37 2
1.90977 20 38 2
1.90977 9 39 2
1.90977 13 40 2
1.90977 17 41 2
1.90977 1 13 8
1.90977 15 14 8
1.90977 18 15 8
1.90977 19 16 8
1.90977 21 17 8
1.90977 3 33 6
1.96277 6 42 2
1.96402 20 18 8
1.97077 10 19 8
2.10177 20 43 2
2.10977 2 30 5
2.10977 12 31 5
2.10977 6 32 5
2.10977 9 33 5
2.10977 16 34 5
2.10977 1 50 7
2.10977 3 51 7
2.10977 5 52 7
2.10977 10 53 7
2.10977 11 54 7
2.10977 15 55 7
2.10977 14 56 7
2.10977 18 57 7
2.10977 19 58 7
2.10977 21 59 7
2.10977 4 60 4
2.10977 7 61 4
2.10977 8 62 4
2.10977 13 63 4
2.10977 17 64 4
2.10977 20 65 4
2.19452 11 66 4
2.22177 19 67 4
2.22177 6 68 4
2.25052 5 69 4
2.27927 13 60 7
2.28727 5 35 5
2.30977 1 35 3
2.30977 2 36 3
2.30977 13 37 3
2.30977 5 38 3
2.30977 15 39 3
2.30977 16 40 3
2.30977 18 41 3
2.30977 21 42 3
2.30977 3 70 4
2.30977 9 71 4
2.30977 10 72 4
2.30977 12 73 4
2.30977 14 74 4
2.35127 6 43 3
2.35377 17 44 3
2.37377 11 45 3
2.37852 2 75 4
2.38752 19 46 3
2.39127 11 76 4
2.40402 11 47 3
2.41577 20 48 3
2.47927 6 77 4
2.48252 2 49 3
2.48877 10 50 3
2.50977 5 34 6
2.50977 11 35 6
2.50977 3 36 6
2.50977 15 37 6
2.50977 12 38 6
2.50977 16 39 6
2.50977 1 44 2
2.50977 2 45 2
2.50977 10 46 2
2.50977 13 47 2
2.50977 18 48 2
2.50977 19 49 2
2.50977 21 50 2
2.50977 17 78 4
2.50977 20 79 4
2.52877 6 51 2
2.53952 4 52 2
2.58802 5 53 2
2.61377 20 40 6
2.66327 14 41 6
2.68252 15 80 4
2.68877 15 54 2
2.70552 7 55 2
2.70977 1 61 7
2.70977 9 62 7
2.70977 4 63 7
2.70977 5 64 7
2.70977 10 65 7
2.70977 13 66 7
2.70977 19 67 7
2.70977 8 42 6
2.70977 2 43 6
2.70977 17 44 6
2.70977 6 45 6
2.70977 15 46 6
2.70977 18 47 6
2.70977 21 48 6
2.73952 3 68 7
2.74002 15 69 7
2.75452 21 70 7
2.75552 7 49 6
2.77202 9 50 6
2.78802 18 71 7
2.81052 20 72 7
2.81052 15 51 6
2.81852 15 73 7
2.82652 4 52 6
2.88477 10 53 6
2.89927 13 54 6
2.90977 1 51 3
2.90977 2 52 3
2.90977 3 53 3
2.90977 4 54 3
2.90977 5 55 3
2.90977 6 56 3
2.90977 15 57 3
2.90977 7 58 3
2.90977 18 59 3
2.90977 8 60 3
2.90977 19 61 3
2.90977 9 62 3
2.90977 20 63 3
2.90977 10 64 3
2.90977 21 65 3
2.90977 11 66 3
2.90977 12 67 3
2.90977 13 68 3
2.90977 14 69 3
2.90977 16 70 3
2.90977 17 71 3
3.10977 2 36 5
3.10977 4 37 5
3.10977 6 38 5
3.10977 7 39 5
3.10977 8 40 5
3.10977 9 41 5
3.10977 11 42 5
3.10977 13 43 5
3.10977 16 44 5
3.10977 17 45 5
3.10977 1 74 7
3.10977 3 75 7
3.10977 5 76 7
3.10977 10 77 7
3.10977 12 78 7
3.10977 14 79 7
3.10977 15 80 7
3.10977 18 81 7
3.10977 19 82 7
3.10977 20 83 7
3.10977 21 84 7
3.20252 20 46 5
3.25077 11 85 7
3.30977 5 20 8
3.30977 9 21 8
3.30977 15 22 8
3.30977 18 23 8
3.30977 19 24 8
3.30977 21 25 8
3.30977 1 56 2
3.30977 2 57 2
3.30977 3 58 2
3.30977 4 59 2
3.30977 10 60 2
3.30977 6 61 2
3.30977 7 62 2
3.30977 8 63 2
3.30977 13 64 2
3.30977 17 65 2
3.30977 11 55 6
3.30977 16 56 6
3.30977 12 57 6
3.30977 20 58 6
3.30977 14 59 6
3.33202 9 66 2
3.40727 20 26 8
3.49852 3 60 6
3.50977 5 72 3
3.50977 11 73 3
3.50977 6 74 3
3.50977 18 75 3
3.50977 12 76 3
3.50977 8 77 3
3.50977 19 78 3
3.50977 9 79 3
3.50977 20 80 3
3.50977 17 81 3
3.50977 21 82 3
3.50977 1 86 7
3.50977 3 87 7
3.50977 15 88 7
3.50977 2 89 7
3.50977 14 90 7
3.50977 4 91 7
3.50977 16 92 7
3.50977 7 93 7
3.50977 10 94 7
3.50977 13 95 7
3.51602 20 96 7
3.51602 14 83 3
3.54177 20 84 3
3.54802 13 85 3
3.59127 9 97 7
3.59777 11 98 7
3.70327 6 99 7
3.70977 1 67 2
3.70977 5 68 2
3.70977 2 69 2
3.70977 8 70 2
3.70977 3 71 2
3.70977 12 72 2
3.70977 4 73 2
3.70977 13 74 2
3.70977 6 75 2
3.70977 14 76 2
3.70977 7 77 2
3.70977 17 78 2
3.70977 9 79 2
3.70977 18 80 2
3.70977 10 81 2
3.70977 19 82 2
3.70977 11 83 2
3.70977 20 84 2
3.70977 15 85 2
3.70977 21 86 2
3.70977 16 87 2
3.90977 21 81 4
3.90977 12 61 6
3.92077 11 62 6
3.93527 21 63 6
3.94802 21 88 2
3.95077 16 64 6
4.03927 5 82 4
4.04077 8 83 4
4.07927 19 84 4
4.09052 21 65 6
4.09852 21 89 2
4.10977 1 100 7
4.10977 5 101 7
4.10977 11 102 7
4.10977 2 103 7
4.10977 8 104 7
4.10977 12 105 7
4.10977 3 106 7
4.10977 19 107 7
4.10977 16 108 7
4.10977 4 109 7
4.10977 6 110 7
4.10977 7 111 7
4.10977 9 112 7
4.10977 10 113 7
4.10977 13 114 7
4.10977 14 115 7
4.10977 15 116 7
4.10977 17 117 7
4.10977 18 118 7
4.10977 20 119 7
4.10977 21 120 7
4.50977 1 47 5
4.50977 2 48 5
4.50977 3 49 5
4.50977 4 50 5
4.50977 5 51 5
4.50977 6 52 5
4.50977 7 53 5
4.50977 8 54 5
4.50977 9 55 5
4.50977 10 56 5
4.50977 11 57 5
4.50977 12 58 5
4.50977 13 59 5
4.50977 14 60 5
4.50977 15 61 5
4.50977 16 62 5
4.50977 17 63 5
4.50977 18 64 5
4.50977 19 65 5
4.50977 20 66 5
4.50977 21 67 5
4.70977 6 27 8
4.70977 9 28 8
4.70977 11 29 8
4.70977 14 30 8
4.70977 15 31 8
4.70977 18 32 8
4.70977 2 86 3
4.70977 5 87 3
4.70977 7 88 3
4.70977 8 89 3
4.70977 16 90 3
4.70977 17 91 3
4.70977 19 92 3
4.70977 20 93 3
4.70977 21 94 3
4.70977 1 121 7
4.70977 3 122 7
4.70977 4 123 7
4.70977 10 124 7
4.70977 12 125 7
4.70977 13 126 7
4.72727 2 33 8
4.76877 13 95 3
4.86977 11 127 7
4.90977 1 68 5
4.90977 2 69 5
4.90977 5 70 5
4.90977 3 71 5
4.90977 6 72 5
4.90977 7 73 5
4.90977 4 74 5
4.90977 9 75 5
4.90977 8 76 5
4.90977 10 77 5
4.90977 14 78 5
4.90977 13 79 5
4.90977 11 80 5
4.90977 15 81 5
4.90977 16 82 5
4.90977 12 83 5
4.90977 18 84 5
4.90977 17 85 5
4.90977 19 86 5
4.90977 20 87 5
4.90977 21 88 5
