% time	cellId	IMSI	RNTI	sinrLinear	componentCarrierId
0.321	1	0	1	241.792	0
0.322	1	0	2	151.48	0
0.323	1	0	3	175.675	0
0.324	1	0	4	214.452	0
0.325	1	0	5	245.872	0
0.326	1	0	6	5319.07	0
0.327	1	0	7	148.072	0
0.328	1	0	8	231.536	0
0.329	1	0	9	184.809	0
0.33	1	0	10	1263.53	0
0.331	1	0	11	220.645	0
0.332	1	0	12	186.722	0
0.333	1	0	13	217.972	0
0.334	1	0	14	157.33	0
0.335	1	0	15	190.973	0
0.336	1	0	16	653.906	0
0.337	1	0	17	684.87	0
0.338	1	0	18	390.524	0
0.339	1	0	19	244.949	0
0.34	1	0	20	5230.33	0
0.341	1	0	21	492.057	0
0.641	1	0	1	244.93	0
0.642	1	0	2	151.406	0
0.643	1	0	3	169.942	0
0.644	1	0	4	215.436	0
0.645	1	0	5	238.898	0
0.646	1	0	6	5318.75	0
0.647	1	0	7	144.833	0
0.648	1	0	8	225.877	0
0.649	1	0	9	189.123	0
0.65	1	0	10	1308.88	0
0.651	1	0	11	228.264	0
0.652	1	0	12	191.742	0
0.653	1	0	13	217.884	0
0.654	1	0	14	156.047	0
0.655	1	0	15	193.281	0
0.656	1	0	16	681.526	0
0.657	1	0	17	727.226	0
0.658	1	0	18	410.119	0
0.659	1	0	19	247.25	0
0.66	1	0	20	5285.26	0
0.661	1	0	21	487.732	0
0.961	1	0	1	247.951	0
0.962	1	0	2	151.268	0
0.963	1	0	3	164.476	0
0.964	1	0	4	216.299	0
0.965	1	0	5	232.108	0
0.966	1	0	6	5318.71	0
0.967	1	0	7	141.662	0
0.968	1	0	8	220.36	0
0.969	1	0	9	193.502	0
0.97	1	0	10	1350.92	0
0.971	1	0	11	236.228	0
0.972	1	0	12	196.906	0
0.973	1	0	13	217.619	0
0.974	1	0	14	154.697	0
0.975	1	0	15	195.503	0
0.976	1	0	16	709.873	0
0.977	1	0	17	773.369	0
0.978	1	0	18	431.225	0
0.979	1	0	19	249.384	0
0.98	1	0	20	5300.09	0
0.981	1	0	21	482.895	0
1.281	1	0	1	250.842	0
1.282	1	0	2	151.068	0
1.283	1	0	3	159.262	0
1.284	1	0	4	217.036	0
1.285	1	0	5	225.503	0
1.286	1	0	6	5318.83	0
1.287	1	0	7	138.56	0
1.288	1	0	8	214.986	0
1.289	1	0	9	197.94	0
1.29	1	0	10	1388.69	0
1.291	1	0	11	244.55	0
1.292	1	0	12	202.215	0
1.293	1	0	13	217.177	0
1.294	1	0	14	153.282	0
1.295	1	0	15	197.632	0
1.296	1	0	16	738.829	0
1.297	1	0	17	823.728	0
1.298	1	0	18	454.003	0
1.299	1	0	19	251.343	0
1.3	1	0	20	5306.83	0
1.301	1	0	21	477.579	0
1.601	1	0	1	253.592	0
1.602	1	0	2	150.806	0
1.603	1	0	3	154.285	0
1.604	1	0	4	217.646	0
1.605	1	0	5	219.085	0
1.606	1	0	6	5319.05	0
1.607	1	0	7	135.526	0
1.608	1	0	8	209.752	0
1.609	1	0	9	202.43	0
1.61	1	0	10	1421.25	0
1.611	1	0	11	253.248	0
1.612	1	0	12	207.67	0
1.613	1	0	13	216.562	0
1.614	1	0	14	151.808	0
1.615	1	0	15	199.659	0
1.616	1	0	16	768.246	0
1.617	1	0	17	878.782	0
1.618	1	0	18	478.634	0
1.619	1	0	19	253.117	0
1.62	1	0	20	5310.66	0
1.621	1	0	21	471.818	0
1.921	1	0	1	255.415	0
1.922	1	0	2	150.927	0
1.923	1	0	3	150.15	0
1.924	1	0	4	218.877	0
1.925	1	0	5	213.655	0
1.926	1	0	6	5318.48	0
1.927	1	0	7	132.605	0
1.928	1	0	8	205.732	0
1.929	1	0	9	206.713	0
1.93	1	0	10	1444.57	0
1.931	1	0	11	262.277	0
1.932	1	0	12	211.646	0
1.933	1	0	13	215.024	0
1.934	1	0	14	150.981	0
1.935	1	0	15	200.802	0
1.936	1	0	16	789.588	0
1.937	1	0	17	936.736	0
1.938	1	0	18	498.179	0
1.939	1	0	19	254.856	0
1.94	1	0	20	5333.85	0
1.941	1	0	21	466.762	0
2.241	1	0	1	248.648	0
2.242	1	0	2	155.904	0
2.243	1	0	3	152.438	0
2.244	1	0	4	227.735	0
2.245	1	0	5	215.898	0
2.246	1	0	6	5318.92	0
2.247	1	0	7	130.127	0
2.248	1	0	8	211.037	0
2.249	1	0	9	208.874	0
2.25	1	0	10	1435.64	0
2.251	1	0	11	271.216	0
2.252	1	0	12	203.697	0
2.253	1	0	13	208.096	0
2.254	1	0	14	155.223	0
2.255	1	0	15	196.581	0
2.256	1	0	16	755.443	0
2.257	1	0	17	982.399	0
2.258	1	0	18	474.235	0
2.259	1	0	19	257.405	0
2.26	1	0	20	5333.35	0
2.261	1	0	21	467.656	0
2.561	1	0	1	242.031	0
2.562	1	0	2	161.13	0
2.563	1	0	3	154.709	0
2.564	1	0	4	237.14	0
2.565	1	0	5	218.069	0
2.566	1	0	6	5061.29	0
2.567	1	0	7	127.685	0
2.568	1	0	8	216.451	0
2.569	1	0	9	210.968	0
2.57	1	0	10	1419.25	0
2.571	1	0	11	280.548	0
2.572	1	0	12	196.188	0
2.573	1	0	13	201.491	0
2.574	1	0	14	159.645	0
2.575	1	0	15	192.435	0
2.576	1	0	16	722.358	0
2.577	1	0	17	1028.75	0
2.578	1	0	18	451.953	0
2.579	1	0	19	259.787	0
2.58	1	0	20	5331.27	0
2.581	1	0	21	467.774	0
2.881	1	0	1	235.568	0
2.882	1	0	2	166.623	0
2.883	1	0	3	156.958	0
2.884	1	0	4	247.138	0
2.885	1	0	5	220.163	0
2.886	1	0	6	4320.57	0
2.887	1	0	7	125.28	0
2.888	1	0	8	221.968	0
2.889	1	0	9	212.99	0
2.89	1	0	10	1395.89	0
2.891	1	0	11	290.289	0
2.892	1	0	12	189.086	0
2.893	1	0	13	195.191	0
2.894	1	0	14	164.259	0
2.895	1	0	15	188.368	0
2.896	1	0	16	690.433	0
2.897	1	0	17	1075.34	0
2.898	1	0	18	431.183	0
2.899	1	0	19	261.993	0
2.9	1	0	20	5327.08	0
2.901	1	0	21	467.114	0
3.201	1	0	1	229.263	0
3.202	1	0	2	172.401	0
3.203	1	0	3	159.182	0
3.204	1	0	4	257.779	0
3.205	1	0	5	222.173	0
3.206	1	0	6	3726.75	0
3.207	1	0	7	122.914	0
3.208	1	0	8	227.583	0
3.209	1	0	9	214.935	0
3.21	1	0	10	1366.27	0
3.211	1	0	11	300.458	0
3.212	1	0	12	182.363	0
3.213	1	0	13	189.177	0
3.214	1	0	14	169.074	0
3.215	1	0	15	184.379	0
3.216	1	0	16	659.734	0
3.217	1	0	17	1121.61	0
3.218	1	0	18	411.794	0
3.219	1	0	19	264.011	0
3.22	1	0	20	5321.83	0
3.221	1	0	21	465.683	0
3.521	1	0	1	223.117	0
3.522	1	0	2	178.485	0
3.523	1	0	3	161.374	0
3.524	1	0	4	269.119	0
3.525	1	0	5	224.095	0
3.526	1	0	6	3244.48	0
3.527	1	0	7	120.587	0
3.528	1	0	8	233.289	0
3.529	1	0	9	216.798	0
3.53	1	0	10	1331.22	0
3.531	1	0	11	311.072	0
3.532	1	0	12	175.992	0
3.533	1	0	13	183.433	0
3.534	1	0	14	174.104	0
3.535	1	0	15	180.469	0
3.536	1	0	16	630.302	0
3.537	1	0	17	1166.9	0
3.538	1	0	18	393.669	0
3.539	1	0	19	265.833	0
3.54	1	0	20	5317.74	0
3.541	1	0	21	463.496	0
3.841	1	0	1	218.678	0
3.842	1	0	2	183.278	0
3.843	1	0	3	162.38	0
3.844	1	0	4	278.091	0
3.845	1	0	5	224.725	0
3.846	1	0	6	2980.06	0
3.847	1	0	7	118.983	0
3.848	1	0	8	237.946	0
3.849	1	0	9	219.842	0
3.85	1	0	10	1291.48	0
3.851	1	0	11	322.094	0
3.852	1	0	12	172.101	0
3.853	1	0	13	178.068	0
3.854	1	0	14	178.539	0
3.855	1	0	15	178.497	0
3.856	1	0	16	615.047	0
3.857	1	0	17	1186.18	0
3.858	1	0	18	377.637	0
3.859	1	0	19	268.774	0
3.86	1	0	20	5313.72	0
3.861	1	0	21	462.528	0
4.161	1	0	1	222.267	0
4.162	1	0	2	180.065	0
4.163	1	0	3	157.811	0
4.164	1	0	4	272.321	0
4.165	1	0	5	219.728	0
4.166	1	0	6	3400.45	0
4.167	1	0	7	120.476	0
4.168	1	0	8	237.551	0
4.169	1	0	9	228.649	0
4.17	1	0	10	1248.18	0
4.171	1	0	11	333.372	0
4.172	1	0	12	177.244	0
4.173	1	0	13	173.397	0
4.174	1	0	14	179.808	0
4.175	1	0	15	183.833	0
4.176	1	0	16	650.623	0
4.177	1	0	17	1117.57	0
4.178	1	0	18	365.678	0
4.179	1	0	19	276.516	0
4.18	1	0	20	5314.3	0
4.181	1	0	21	467.746	0
4.481	1	0	1	225.833	0
4.482	1	0	2	176.851	0
4.483	1	0	3	153.42	0
4.484	1	0	4	266.579	0
4.485	1	0	5	214.832	0
4.486	1	0	6	3916.12	0
4.487	1	0	7	121.961	0
4.488	1	0	8	237.018	0
4.489	1	0	9	237.995	0
4.49	1	0	10	1203.24	0
4.491	1	0	11	345.161	0
4.492	1	0	12	182.62	0
4.493	1	0	13	168.875	0
4.494	1	0	14	181.01	0
4.495	1	0	15	189.399	0
4.496	1	0	16	689.13	0
4.497	1	0	17	1053.66	0
4.498	1	0	18	354.105	0
4.499	1	0	19	284.512	0
4.5	1	0	20	5315.19	0
4.501	1	0	21	472.514	0
4.801	1	0	1	229.368	0
4.802	1	0	2	173.644	0
4.803	1	0	3	149.197	0
4.804	1	0	4	260.877	0
4.805	1	0	5	210.038	0
4.806	1	0	6	4558.03	0
4.807	1	0	7	123.437	0
4.808	1	0	8	236.348	0
4.809	1	0	9	247.924	0
4.81	1	0	10	1157.32	0
4.811	1	0	11	357.486	0
4.812	1	0	12	188.244	0
4.813	1	0	13	164.498	0
4.814	1	0	14	182.141	0
4.815	1	0	15	195.208	0
4.816	1	0	16	730.866	0
4.817	1	0	17	994.166	0
4.818	1	0	18	342.915	0
4.819	1	0	19	292.767	0
4.82	1	0	20	5316.09	0
4.821	1	0	21	476.799	0
