0.1085 1 1 2 4
0.1085 3 1 7 6
0.1085 9 1 5 6
0.1085 18 1 8 3
0.1085 4 2 2 6
0.1085 6 3 2 3
0.1085 21 4 7 3
0.1085 7 4 2 4
0.1085 14 2 7 6
0.1085 16 2 5 6
0.1085 19 2 8 3
0.1085 13 6 2 6
0.1085 10 5 2 3
0.1085 15 3 7 6
0.1453 19 6 3 4
0.1549 10 7 3 6
0.1565 19 5 4 3
0.1709 19 8 3 6
0.1773 9 5 6 4
0.1789 19 12 6 4
0.1853 19 7 4 3
0.2109 9 6 4 6
0.2359 5 1 6 3
0.2429 10 11 6 3
0.2765 10 11 3 4
0.2861 20 2 3 4
0.2893 13 9 6 4
0.3005 20 9 4 3
0.3037 18 3 3 4
0.3069 14 7 6 3
0.3085 3 4 6 7
0.3085 5 10 3 4
0.3085 4 6 6 4
0.3085 6 4 3 7
0.3085 9 13 6 5
0.3085 11 2 6 7
0.3085 17 1 3 4
0.3085 20 12 3 7
0.3085 16 8 6 5
0.3085 12 3 6 7
0.3085 19 9 3 4
0.3085 15 10 6 7
0.3085 21 5 3 4
0.3149 1 3 4 7
0.3261 4 13 4 7
0.3373 1 11 7 4
0.3373 4 12 7 4
0.3405 18 11 4 7
0.3437 17 14 4 5
0.3453 4 18 4 7
0.3581 4 14 7 4
0.3885 18 13 7 4
0.3899 14 13 3 7
0.3901 4 19 4 7
0.3965 19 15 4 5
0.4077 20 8 7 4
0.4205 14 15 7 4
0.4285 10 8 4 7
0.4317 18 20 4 7
0.4397 10 17 7 4
0.4509 10 23 4 7
0.5069 14 22 4 7
0.5085 1 17 4 2
0.5085 3 5 7 6
0.5085 9 3 5 3
0.5085 4 16 7 2
0.5085 16 4 5 2
0.5085 5 12 4 3
0.5085 2 1 4 2
0.5085 17 5 5 3
0.5085 11 7 7 6
0.5085 6 6 7 2
0.5085 19 6 5 2
0.5085 20 21 4 3
0.5085 7 4 4 2
0.5085 18 18 7 3
0.5085 12 9 7 6
0.5085 10 19 7 2
0.5085 8 2 4 2
0.5085 15 10 7 2
0.5085 13 10 4 2
0.5085 21 16 4 2
0.5293 9 14 3 6
0.6085 14 20 7 3
0.6413 19 12 2 3
0.6973 15 16 2 3
0.7085 3 14 6 4
0.7085 5 15 3 4
0.7085 9 17 6 5
0.7085 14 19 3 2
0.7085 11 15 6 2
0.7085 12 16 6 4
0.7085 15 21 3 2
0.7085 17 16 3 2
0.7085 18 18 3 2
0.7085 19 20 3 2
0.7085 20 17 3 2
0.7453 21 18 2 5
0.7835 16 9 2 5
0.9085 3 24 4 7
0.9085 5 25 4 2
0.9085 12 26 4 7
0.9149 5 26 2 7
0.9245 20 25 2 5
0.9325 5 23 7 2
0.9445 15 21 2 7
0.9533 20 10 5 2
0.9709 8 15 2 5
0.9853 20 28 2 7
0.9965 12 22 7 5
0.9997 20 25 7 5
1.0013 21 8 5 2
1.0061 20 13 5 7
1.0125 20 26 7 5
1.0157 12 12 5 7
1.0365 20 14 5 7
1.0605 12 27 7 2
1.0685 12 30 2 5
1.0781 19 24 2 7
1.1085 1 7 2 5
1.1085 3 21 7 4
1.1085 15 24 7 5
1.1085 5 27 2 4
1.1085 2 10 2 5
1.1085 19 29 7 4
1.1085 7 13 2 4
1.1085 4 8 2 5
1.1085 20 28 7 4
1.1085 10 14 2 4
1.1085 6 11 2 5
1.1085 11 20 2 4
1.1085 18 23 2 5
1.1085 13 17 2 4
1.1085 21 29 2 5
1.1085 14 19 2 4
1.1085 17 22 2 4
1.1101 8 11 5 4
1.1245 3 27 4 5
1.1389 12 15 5 4
1.1453 12 38 4 5
1.1581 3 23 5 4
1.1661 2 18 5 4
1.1757 12 24 5 4
1.1821 12 41 4 5
1.1885 12 25 5 4
1.1949 2 40 4 5
1.2925 6 20 5 4
1.3085 3 39 4 6
1.3085 5 28 4 3
1.3085 6 43 4 6
1.3085 8 37 4 5
1.3085 7 30 4 6
1.3085 1 16 5 3
1.3085 13 34 4 3
1.3085 10 32 4 6
1.3085 15 17 5 3
1.3085 14 35 4 3
1.3085 11 33 4 6
1.3085 21 22 5 3
1.3085 17 36 4 3
1.3085 12 42 4 6
1.3085 19 29 4 3
1.3085 20 31 4 3
1.3149 10 21 6 5
1.3229 10 28 5 6
1.3325 1 23 3 6
1.3757 7 20 6 5
1.3933 1 25 6 3
1.4077 7 29 5 3
1.4317 18 21 5 3
1.4365 8 27 5 3
1.5085 1 31 3 7
1.5085 2 26 5 4
1.5085 3 18 6 7
1.5085 5 22 3 8
1.5085 7 32 3 4
1.5085 9 7 5 7
1.5085 4 19 5 4
1.5085 6 19 6 7
1.5085 13 24 3 8
1.5085 14 26 3 7
1.5085 8 34 3 4
1.5085 16 9 5 4
1.5085 10 24 6 7
1.5085 17 28 3 8
1.5085 15 25 3 7
1.5085 11 22 6 7
1.5085 20 30 3 4
1.5085 18 33 3 8
1.5085 12 23 6 7
1.5085 19 29 3 8
1.5085 21 27 3 8
1.5149 9 32 7 4
1.5805 14 34 7 8
1.6013 12 38 7 4
1.6093 13 4 8 7
1.6189 2 44 4 7
1.6205 11 37 7 4
1.6269 2 40 7 8
1.6589 2 10 8 4
1.6845 6 33 7 8
1.7069 11 52 4 8
1.7085 5 3 8 4
1.7085 6 11 8 6
1.7085 14 9 8 7
1.7085 17 5 8 4
1.7085 18 6 8 7
1.7085 12 51 4 6
1.7085 19 7 8 7
1.7085 21 8 8 7
1.7165 6 26 6 4
1.7197 11 12 8 6
1.7357 18 42 7 4
1.7559 13 39 7 4
1.8013 20 49 4 7
1.8077 2 53 4 7
1.8093 20 45 7 6
1.8221 20 29 6 4
1.8459 10 35 7 6
1.8477 6 56 4 6
1.8605 20 59 4 7
1.8669 20 47 7 6
1.8749 20 32 6 7
1.8957 16 48 4 7
1.9085 1 30 7 8
1.9085 4 46 4 2
1.9085 2 46 7 2
1.9085 3 31 7 6
1.9085 5 54 4 2
1.9085 15 36 7 8
1.9085 14 41 7 2
1.9085 7 45 4 2
1.9085 18 57 4 8
1.9085 19 43 7 8
1.9085 16 49 7 2
1.9085 8 47 4 2
1.9085 21 44 7 8
1.9085 20 48 7 2
1.9085 9 50 4 2
1.9085 13 58 4 2
1.9085 17 55 4 2
1.9615 6 31 6 2
1.9629 20 38 2 8
1.9695 10 30 6 8
2.1005 20 18 8 2
2.1085 1 13 8 7
2.1085 2 32 2 5
2.1085 3 33 6 7
2.1085 4 31 2 4
2.1085 5 33 2 7
2.1085 12 27 6 5
2.1085 10 19 8 7
2.1085 6 42 2 5
2.1085 11 28 6 7
2.1085 7 35 2 4
2.1085 15 14 8 7
2.1085 9 39 2 5
2.1085 8 37 2 4
2.1085 14 34 2 7
2.1085 18 15 8 7
2.1085 16 36 2 5
2.1085 13 40 2 4
2.1085 19 16 8 7
2.1085 17 41 2 4
2.1085 21 17 8 7
2.1085 20 43 2 4
2.1933 11 54 7 4
2.2205 19 58 7 4
2.2205 6 32 5 4
2.2493 5 52 7 4
2.2781 13 63 4 7
2.2861 5 69 4 5
2.3085 1 50 7 3
2.3085 2 30 5 3
2.3085 3 51 7 4
2.3085 9 33 5 4
2.3085 13 60 7 3
2.3085 5 35 5 3
2.3085 10 53 7 4
2.3085 12 31 5 4
2.3085 15 55 7 3
2.3085 16 34 5 3
2.3085 14 56 7 4
2.3085 18 57 7 3
2.3085 21 59 7 3
2.3501 6 68 4 3
2.3527 17 64 4 3
2.3725 11 66 4 3
2.3773 2 36 3 4
2.3863 19 67 4 3
2.3901 11 45 3 4
2.4029 11 76 4 3
2.4145 20 65 4 3
2.4781 6 43 3 4
2.4813 2 75 4 3
2.4877 10 72 4 3
2.5085 1 35 3 2
2.5085 5 38 3 6
2.5085 2 49 3 2
2.5085 11 47 3 6
2.5085 10 50 3 2
2.5085 3 70 4 6
2.5085 17 44 3 4
2.5085 15 39 3 6
2.5085 13 37 3 2
2.5085 12 73 4 6
2.5085 20 48 3 4
2.5085 16 40 3 6
2.5085 18 41 3 2
2.5085 19 46 3 2
2.5085 21 42 3 2
2.5277 6 77 4 2
2.5383 4 60 4 2
2.5869 5 34 6 2
2.6125 20 79 4 6
2.6621 14 74 4 6
2.6813 15 37 6 4
2.6877 15 80 4 2
2.7043 7 61 4 2
2.7085 1 44 2 7
2.7085 8 62 4 6
2.7085 2 45 2 6
2.7085 9 71 4 7
2.7085 4 52 2 7
2.7085 17 78 4 6
2.7085 6 51 2 6
2.7085 5 53 2 7
2.7085 15 54 2 6
2.7085 10 46 2 7
2.7085 18 48 2 6
2.7085 13 47 2 7
2.7085 21 50 2 6
2.7085 19 49 2 7
2.7383 3 36 6 7
2.7389 15 46 6 7
2.7533 21 48 6 7
2.7543 7 55 2 6
2.7709 9 62 7 6
2.7869 18 47 6 7
2.8093 20 40 6 7
2.8093 15 69 7 6
2.8173 15 51 6 7
2.8253 4 63 7 6
2.8837 10 65 7 6
2.8981 13 66 7 6
2.9085 1 61 7 3
2.9085 2 43 6 3
2.9085 3 68 7 3
2.9085 4 52 6 3
2.9085 5 64 7 3
2.9085 6 45 6 3
2.9085 15 73 7 3
2.9085 7 49 6 3
2.9085 18 71 7 3
2.9085 8 42 6 3
2.9085 19 67 7 3
2.9085 9 50 6 3
2.9085 20 72 7 3
2.9085 10 53 6 3
2.9085 21 70 7 3
2.9085 11 35 6 3
2.9085 12 38 6 3
2.9085 13 54 6 3
2.9085 14 41 6 3
2.9085 16 39 6 3
2.9085 17 44 6 3
3.1085 1 51 3 7
3.1085 2 52 3 5
3.1085 3 53 3 7
3.1085 4 54 3 5
3.1085 5 55 3 7
3.1085 6 56 3 5
3.1085 10 64 3 7
3.1085 7 58 3 5
3.1085 12 67 3 7
3.1085 8 60 3 5
3.1085 14 69 3 7
3.1085 9 62 3 5
3.1085 15 57 3 7
3.1085 11 66 3 5
3.1085 18 59 3 7
3.1085 13 68 3 5
3.1085 19 61 3 7
3.1085 16 70 3 5
3.1085 20 63 3 7
3.1085 17 71 3 5
3.1085 21 65 3 7
3.2013 20 83 7 5
3.2495 11 42 5 7
3.3085 1 74 7 2
3.3085 2 36 5 2
3.3085 5 76 7 8
3.3085 3 75 7 2
3.3085 4 37 5 2
3.3085 11 85 7 6
3.3085 9 41 5 8
3.3085 10 77 7 2
3.3085 6 38 5 2
3.3085 15 80 7 8
3.3085 16 44 5 6
3.3085 12 78 7 6
3.3085 7 39 5 2
3.3085 18 81 7 8
3.3085 20 46 5 6
3.3085 14 79 7 6
3.3085 8 40 5 2
3.3085 19 82 7 8
3.3085 13 43 5 2
3.3085 21 84 7 8
3.3085 17 45 5 2
3.3309 9 21 8 2
3.4061 20 58 6 8
3.4973 3 58 2 6
3.5085 1 56 2 7
3.5085 3 60 6 7
3.5085 5 20 8 3
3.5085 11 55 6 3
3.5085 15 22 8 7
3.5085 6 61 2 3
3.5085 2 57 2 7
3.5085 14 59 6 7
3.5085 18 23 8 3
3.5085 12 57 6 3
3.5085 8 63 2 3
3.5085 4 59 2 7
3.5085 16 56 6 7
3.5085 19 24 8 3
3.5085 9 66 2 3
3.5085 7 62 2 7
3.5085 20 26 8 3
3.5085 17 65 2 3
3.5085 10 60 2 7
3.5085 21 25 8 3
3.5085 13 64 2 7
3.5149 14 90 7 3
3.5149 20 80 3 7
3.5405 20 96 7 3
3.5469 13 95 7 3
3.5901 9 79 3 7
3.5965 11 73 3 7
3.7021 6 74 3 7
3.7085 1 86 7 2
3.7085 5 72 3 2
3.7085 2 89 7 2
3.7085 8 77 3 2
3.7085 3 87 7 2
3.7085 12 76 3 2
3.7085 4 91 7 2
3.7085 13 85 3 2
3.7085 6 99 7 2
3.7085 14 83 3 2
3.7085 7 93 7 2
3.7085 17 81 3 2
3.7085 9 97 7 2
3.7085 18 75 3 2
3.7085 10 94 7 2
3.7085 19 78 3 2
3.7085 11 98 7 2
3.7085 20 84 3 2
3.7085 15 88 7 2
3.7085 21 82 3 2
3.7085 16 92 7 2
3.9085 12 72 2 6
3.9085 21 86 2 4
3.9197 11 83 2 6
3.9341 21 81 4 6
3.9469 21 63 6 2
3.9495 16 87 2 6
4.0381 5 68 2 4
4.0397 8 70 2 4
4.0781 19 82 2 4
4.0893 21 88 2 6
4.0973 21 65 6 2
4.1085 1 67 2 7
4.1085 5 82 4 7
4.1085 11 62 6 7
4.1085 2 69 2 7
4.1085 8 83 4 7
4.1085 12 61 6 7
4.1085 3 71 2 7
4.1085 19 84 4 7
4.1085 16 64 6 7
4.1085 4 73 2 7
4.1085 6 75 2 7
4.1085 7 77 2 7
4.1085 9 79 2 7
4.1085 10 81 2 7
4.1085 13 74 2 7
4.1085 14 76 2 7
4.1085 15 85 2 7
4.1085 17 78 2 7
4.1085 18 80 2 7
4.1085 20 84 2 7
4.1085 21 89 2 7
4.5085 1 100 7 5
4.5085 2 103 7 5
4.5085 3 106 7 5
4.5085 4 109 7 5
4.5085 5 101 7 5
4.5085 6 110 7 5
4.5085 7 111 7 5
4.5085 8 104 7 5
4.5085 9 112 7 5
4.5085 10 113 7 5
4.5085 11 102 7 5
4.5085 12 105 7 5
4.5085 13 114 7 5
4.5085 14 115 7 5
4.5085 15 116 7 5
4.5085 16 108 7 5
4.5085 17 117 7 5
4.5085 18 118 7 5
4.5085 19 107 7 5
4.5085 20 119 7 5
4.5085 21 120 7 5
4.7085 1 47 5 7
4.7085 2 48 5 3
4.7085 3 49 5 7
4.7085 5 51 5 3
4.7085 6 52 5 8
4.7085 4 50 5 7
4.7085 7 53 5 3
4.7085 9 55 5 8
4.7085 10 56 5 7
4.7085 8 54 5 3
4.7085 11 57 5 8
4.7085 12 58 5 7
4.7085 14 60 5 8
4.7085 16 62 5 3
4.7085 13 59 5 7
4.7085 15 61 5 8
4.7085 17 63 5 3
4.7085 18 64 5 8
4.7085 19 65 5 3
4.7085 20 66 5 3
4.7085 21 67 5 3
4.7261 2 86 3 8
4.7677 13 126 7 3
4.8685 11 29 8 7
4.9085 1 121 7 5
4.9085 2 33 8 5
4.9085 5 87 3 5
4.9085 3 122 7 5
4.9085 6 27 8 5
4.9085 7 88 3 5
4.9085 4 123 7 5
4.9085 9 28 8 5
4.9085 8 89 3 5
4.9085 10 124 7 5
4.9085 14 30 8 5
4.9085 13 95 3 5
4.9085 11 127 7 5
4.9085 15 31 8 5
4.9085 16 90 3 5
4.9085 12 125 7 5
4.9085 18 32 8 5
4.9085 17 91 3 5
4.9085 19 92 3 5
4.9085 20 93 3 5
4.9085 21 94 3 5
