0.109268 1 3 4
0.109268 7 4 4
0.109268 18 3 3
0.109268 6 4 3
0.109268 21 5 3
0.109268 19 6 3
0.109268 10 7 3
0.109268 3 4 6
0.109268 9 5 6
0.109268 4 6 6
0.109268 14 7 6
0.109268 16 8 6
0.109268 13 9 6
0.109268 15 10 6
0.146018 19 5 4
0.155518 10 11 6
0.157268 19 8 3
0.171518 19 12 6
0.178018 9 6 4
0.179518 19 7 4
0.186018 19 9 3
0.211518 9 13 6
0.236518 5 10 3
0.243518 10 11 3
0.277268 10 8 4
0.286768 20 9 4
0.290018 13 10 4
0.301268 20 12 3
0.304268 18 11 4
0.307518 14 13 3
0.309268 9 3 5
0.309268 16 4 5
0.309268 3 5 7
0.309268 6 6 7
0.309268 11 7 7
0.309268 20 8 7
0.309268 12 9 7
0.309268 15 10 7
0.309268 5 12 4
0.309268 4 13 4
0.309268 17 14 4
0.309268 19 15 4
0.309268 21 16 4
0.315518 1 11 7
0.326768 4 12 7
0.338018 1 17 4
0.338018 4 18 4
0.341268 18 13 7
0.344268 17 5 5
0.346018 4 14 7
0.358768 4 19 4
0.389268 18 20 4
0.390518 14 15 7
0.390768 4 16 7
0.397268 19 6 5
0.408268 20 21 4
0.421268 14 22 4
0.429268 10 17 7
0.432268 18 18 7
0.440268 10 23 4
0.451518 10 19 7
0.507518 14 20 7
0.509268 1 7 2
0.509268 4 8 2
0.509268 16 9 2
0.509268 2 10 2
0.509268 6 11 2
0.509268 19 12 2
0.509268 7 13 2
0.509268 10 14 2
0.509268 8 15 2
0.509268 15 16 2
0.509268 13 17 2
0.509268 21 18 2
0.509268 3 14 6
0.509268 11 15 6
0.509268 12 16 6
0.509268 9 14 3
0.509268 5 15 3
0.509268 17 16 3
0.509268 20 17 3
0.509268 18 18 3
0.530018 9 17 6
0.609268 14 19 3
0.642018 19 20 3
0.698018 15 21 3
0.709268 9 7 5
0.709268 3 24 4
0.709268 5 25 4
0.709268 12 26 4
0.709268 14 19 2
0.709268 11 20 2
0.709268 15 21 2
0.709268 17 22 2
0.709268 18 23 2
0.709268 19 24 2
0.709268 20 25 2
0.746018 21 8 5
0.784268 16 9 5
0.909268 3 21 7
0.909268 12 22 7
0.909268 5 26 2
0.915518 5 23 7
0.925268 20 10 5
0.933268 5 27 2
0.945268 15 24 7
0.954018 20 28 2
0.971518 8 11 5
0.986018 20 25 7
0.997268 12 12 5
1.00027 20 13 5
1.00202 21 29 2
1.00677 20 26 7
1.01327 20 14 5
1.01627 12 27 7
1.03727 20 28 7
1.06127 12 30 2
1.06927 12 15 5
1.07877 19 29 7
1.10927 3 27 4
1.10927 5 28 4
1.10927 19 29 4
1.10927 7 30 4
1.10927 20 31 4
1.10927 10 32 4
1.10927 11 33 4
1.10927 13 34 4
1.10927 14 35 4
1.10927 17 36 4
1.10927 1 16 5
1.10927 15 17 5
1.10927 2 18 5
1.10927 4 19 5
1.10927 6 20 5
1.10927 18 21 5
1.10927 21 22 5
1.11077 8 37 4
1.12527 3 23 5
1.13952 12 38 4
1.14602 12 24 5
1.15877 3 39 4
1.16677 2 40 4
1.17627 12 41 4
1.18277 12 25 5
1.18927 12 42 4
1.19552 2 26 5
1.29327 6 43 4
1.30927 3 18 6
1.30927 6 19 6
1.30927 7 20 6
1.30927 10 21 6
1.30927 11 22 6
1.30927 12 23 6
1.30927 5 22 3
1.30927 1 23 3
1.30927 13 24 3
1.30927 15 25 3
1.30927 14 26 3
1.30927 21 27 3
1.30927 17 28 3
1.30927 19 29 3
1.30927 20 30 3
1.30927 8 27 5
1.31552 10 28 5
1.32352 10 24 6
1.33327 1 25 6
1.37627 7 29 5
1.39402 1 31 3
1.40827 7 32 3
1.43227 18 33 3
1.43727 8 34 3
1.50927 5 3 8
1.50927 13 4 8
1.50927 17 5 8
1.50927 18 6 8
1.50927 19 7 8
1.50927 21 8 8
1.50927 1 30 7
1.50927 3 31 7
1.50927 9 32 7
1.50927 6 33 7
1.50927 14 34 7
1.50927 10 35 7
1.50927 15 36 7
1.50927 11 37 7
1.50927 12 38 7
1.50927 2 44 4
1.50927 7 45 4
1.50927 4 46 4
1.50927 8 47 4
1.50927 16 48 4
1.50927 20 49 4
1.51552 9 50 4
1.58127 14 9 8
1.60202 12 51 4
1.61002 13 39 7
1.61952 2 40 7
1.62127 11 52 4
1.62752 2 10 8
1.65952 2 53 4
1.68527 6 11 8
1.70752 11 12 8
1.70927 6 26 6
1.70927 12 27 6
1.70927 14 41 7
1.70927 18 42 7
1.70927 19 43 7
1.70927 21 44 7
1.70927 5 54 4
1.70927 17 55 4
1.71727 6 56 4
1.72027 11 28 6
1.73627 18 57 4
1.75652 13 58 4
1.80202 20 45 7
1.80827 2 46 7
1.81002 20 29 6
1.82277 20 59 4
1.84652 10 30 6
1.84827 6 31 6
1.86127 20 47 7
1.86752 20 32 6
1.87552 20 48 7
1.89627 16 49 7
1.90927 4 31 2
1.90927 2 32 2
1.90927 5 33 2
1.90927 14 34 2
1.90927 7 35 2
1.90927 16 36 2
1.90927 8 37 2
1.90927 20 38 2
1.90927 9 39 2
1.90927 13 40 2
1.90927 17 41 2
1.90927 1 13 8
1.90927 15 14 8
1.90927 18 15 8
1.90927 19 16 8
1.90927 21 17 8
1.90927 3 33 6
1.96227 6 42 2
1.96352 20 18 8
1.97027 10 19 8
2.10127 20 43 2
2.10927 2 30 5
2.10927 12 31 5
2.10927 6 32 5
2.10927 9 33 5
2.10927 16 34 5
2.10927 1 50 7
2.10927 3 51 7
2.10927 5 52 7
2.10927 10 53 7
2.10927 11 54 7
2.10927 15 55 7
2.10927 14 56 7
2.10927 18 57 7
2.10927 19 58 7
2.10927 21 59 7
2.10927 4 60 4
2.10927 7 61 4
2.10927 8 62 4
2.10927 13 63 4
2.10927 17 64 4
2.10927 20 65 4
2.19402 11 66 4
2.22127 19 67 4
2.22127 6 68 4
2.25002 5 69 4
2.27877 13 60 7
2.28677 5 35 5
2.30927 1 35 3
2.30927 2 36 3
2.30927 13 37 3
2.30927 5 38 3
2.30927 15 39 3
2.30927 16 40 3
2.30927 18 41 3
2.30927 21 42 3
2.30927 3 70 4
2.30927 9 71 4
2.30927 10 72 4
2.30927 12 73 4
2.30927 14 74 4
2.35077 6 43 3
2.35327 17 44 3
2.37327 11 45 3
2.37802 2 75 4
2.38702 19 46 3
2.39077 11 76 4
2.40352 11 47 3
2.41527 20 48 3
2.47877 6 77 4
2.48202 2 49 3
2.48827 10 50 3
2.50927 5 34 6
2.50927 11 35 6
2.50927 3 36 6
2.50927 15 37 6
2.50927 12 38 6
2.50927 16 39 6
2.50927 1 44 2
2.50927 2 45 2
2.50927 10 46 2
2.50927 13 47 2
2.50927 18 48 2
2.50927 19 49 2
2.50927 21 50 2
2.50927 17 78 4
2.50927 20 79 4
2.52827 6 51 2
2.53902 4 52 2
2.58752 5 53 2
2.61327 20 40 6
2.66277 14 41 6
2.68202 15 80 4
2.68827 15 54 2
2.70502 7 55 2
2.70927 1 61 7
2.70927 9 62 7
2.70927 4 63 7
2.70927 5 64 7
2.70927 10 65 7
2.70927 13 66 7
2.70927 19 67 7
2.70927 8 42 6
2.70927 2 43 6
2.70927 17 44 6
2.70927 6 45 6
2.70927 15 46 6
2.70927 18 47 6
2.70927 21 48 6
2.73902 3 68 7
2.73952 15 69 7
2.75402 21 70 7
2.75502 7 49 6
2.77152 9 50 6
2.78752 18 71 7
2.81002 20 72 7
2.81002 15 51 6
2.81802 15 73 7
2.82602 4 52 6
2.88427 10 53 6
2.89877 13 54 6
2.90927 1 51 3
2.90927 2 52 3
2.90927 3 53 3
2.90927 4 54 3
2.90927 5 55 3
2.90927 6 56 3
2.90927 15 57 3
2.90927 7 58 3
2.90927 18 59 3
2.90927 8 60 3
2.90927 19 61 3
2.90927 9 62 3
2.90927 20 63 3
2.90927 10 64 3
2.90927 21 65 3
2.90927 11 66 3
2.90927 12 67 3
2.90927 13 68 3
2.90927 14 69 3
2.90927 16 70 3
2.90927 17 71 3
3.10927 2 36 5
3.10927 4 37 5
3.10927 6 38 5
3.10927 7 39 5
3.10927 8 40 5
3.10927 9 41 5
3.10927 11 42 5
3.10927 13 43 5
3.10927 16 44 5
3.10927 17 45 5
3.10927 1 74 7
3.10927 3 75 7
3.10927 5 76 7
3.10927 10 77 7
3.10927 12 78 7
3.10927 14 79 7
3.10927 15 80 7
3.10927 18 81 7
3.10927 19 82 7
3.10927 20 83 7
3.10927 21 84 7
3.20202 20 46 5
3.25027 11 85 7
3.30927 5 20 8
3.30927 9 21 8
3.30927 15 22 8
3.30927 18 23 8
3.30927 19 24 8
3.30927 21 25 8
3.30927 1 56 2
3.30927 2 57 2
3.30927 3 58 2
3.30927 4 59 2
3.30927 10 60 2
3.30927 6 61 2
3.30927 7 62 2
3.30927 8 63 2
3.30927 13 64 2
3.30927 17 65 2
3.30927 11 55 6
3.30927 16 56 6
3.30927 12 57 6
3.30927 20 58 6
3.30927 14 59 6
3.33152 9 66 2
3.40677 20 26 8
3.49802 3 60 6
3.50927 5 72 3
3.50927 11 73 3
3.50927 6 74 3
3.50927 18 75 3
3.50927 12 76 3
3.50927 8 77 3
3.50927 19 78 3
3.50927 9 79 3
3.50927 20 80 3
3.50927 17 81 3
3.50927 21 82 3
3.50927 1 86 7
3.50927 3 87 7
3.50927 15 88 7
3.50927 2 89 7
3.50927 14 90 7
3.50927 4 91 7
3.50927 16 92 7
3.50927 7 93 7
3.50927 10 94 7
3.50927 13 95 7
3.51552 20 96 7
3.51552 14 83 3
3.54127 20 84 3
3.54752 13 85 3
3.59077 9 97 7
3.59727 11 98 7
3.70277 6 99 7
3.70927 1 67 2
3.70927 5 68 2
3.70927 2 69 2
3.70927 8 70 2
3.70927 3 71 2
3.70927 12 72 2
3.70927 4 73 2
3.70927 13 74 2
3.70927 6 75 2
3.70927 14 76 2
3.70927 7 77 2
3.70927 17 78 2
3.70927 9 79 2
3.70927 18 80 2
3.70927 10 81 2
3.70927 19 82 2
3.70927 11 83 2
3.70927 20 84 2
3.70927 15 85 2
3.70927 21 86 2
3.70927 16 87 2
3.90927 21 81 4
3.90927 12 61 6
3.92027 11 62 6
3.93477 21 63 6
3.94752 21 88 2
3.95027 16 64 6
4.03877 5 82 4
4.04027 8 83 4
4.07877 19 84 4
4.09002 21 65 6
4.09802 21 89 2
4.10927 1 100 7
4.10927 5 101 7
4.10927 11 102 7
4.10927 2 103 7
4.10927 8 104 7
4.10927 12 105 7
4.10927 3 106 7
4.10927 19 107 7
4.10927 16 108 7
4.10927 4 109 7
4.10927 6 110 7
4.10927 7 111 7
4.10927 9 112 7
4.10927 10 113 7
4.10927 13 114 7
4.10927 14 115 7
4.10927 15 116 7
4.10927 17 117 7
4.10927 18 118 7
4.10927 20 119 7
4.10927 21 120 7
4.50927 1 47 5
4.50927 2 48 5
4.50927 3 49 5
4.50927 4 50 5
4.50927 5 51 5
4.50927 6 52 5
4.50927 7 53 5
4.50927 8 54 5
4.50927 9 55 5
4.50927 10 56 5
4.50927 11 57 5
4.50927 12 58 5
4.50927 13 59 5
4.50927 14 60 5
4.50927 15 61 5
4.50927 16 62 5
4.50927 17 63 5
4.50927 18 64 5
4.50927 19 65 5
4.50927 20 66 5
4.50927 21 67 5
4.70927 6 27 8
4.70927 9 28 8
4.70927 11 29 8
4.70927 14 30 8
4.70927 15 31 8
4.70927 18 32 8
4.70927 2 86 3
4.70927 5 87 3
4.70927 7 88 3
4.70927 8 89 3
4.70927 16 90 3
4.70927 17 91 3
4.70927 19 92 3
4.70927 20 93 3
4.70927 21 94 3
4.70927 1 121 7
4.70927 3 122 7
4.70927 4 123 7
4.70927 10 124 7
4.70927 12 125 7
4.70927 13 126 7
4.72677 2 33 8
4.76827 13 95 3
4.86927 11 127 7
4.90927 1 68 5
4.90927 2 69 5
4.90927 5 70 5
4.90927 3 71 5
4.90927 6 72 5
4.90927 7 73 5
4.90927 4 74 5
4.90927 9 75 5
4.90927 8 76 5
4.90927 10 77 5
4.90927 14 78 5
4.90927 13 79 5
4.90927 11 80 5
4.90927 15 81 5
4.90927 16 82 5
4.90927 12 83 5
4.90927 18 84 5
4.90927 17 85 5
4.90927 19 86 5
4.90927 20 87 5
4.90927 21 88 5
