% start	end	CellId	IMSI	RNTI	LCID	nTxPDUs	TxBytes	nRxPDUs	RxBytes	delay	stdDev	min	max	PduSize	stdDev	min	max
0.1	0.2	1	1	15	3	5	10	5	10	0	0	0	0	2	0	2	2	
0.1	0.2	4	2	1	3	4	126	6	201	0.000344643	0.000455195	0	0.00115357	33.5	24.4029	2	58	
0.1	0.2	7	3	1	3	2	60	2	60	0.00118928	2.52536e-05	0.00117143	0.00120714	30	0	30	30	
0.1	0.2	2	4	2	3	3	63	3	63	0.000403571	0	0.000403571	0.000403571	21	0	21	21	
0.1	0.2	6	5	12	3	9	24	9	24	0	0	0	0	2.66667	1	2	4	
0.1	0.2	2	6	3	3	3	63	3	63	0.000457142	0	0.000457142	0.000457142	21	0	21	21	
0.1	0.2	2	7	4	3	3	63	3	63	0.000510713	0	0.000510713	0.000510713	21	0	21	21	
0.1	0.2	4	8	2	3	4	126	6	201	0.00025238	0.000284054	0	0.000564284	33.5	24.4029	2	58	
0.1	0.2	1	9	11	3	9	18	9	18	0	0	0	0	2	0	2	2	
0.1	0.2	2	10	5	3	3	63	3	63	0.000564284	0	0.000564284	0.000564284	21	0	21	21	
0.1	0.2	1	11	2	3	7	138	8	155	0.000396428	0.000249108	0	0.000564284	19.375	13.4264	2	49	
0.1	0.2	1	12	3	3	7	138	8	155	0.000423213	0.000261213	0	0.000564284	19.375	13.8969	2	49	
0.1	0.2	6	13	9	3	11	28	10	24	0	0	0	0	2.4	0.843274	2	4	
0.1	0.2	7	14	2	3	2	60	2	60	0.00126071	2.52536e-05	0.00124286	0.00127857	30	0	30	30	
0.1	0.2	7	15	3	3	2	60	2	60	0.000564284	0	0.000564284	0.000564284	30	0	30	30	
0.1	0.2	6	16	8	3	7	136	7	136	0.000400509	0.000273677	0	0.000564284	19.4286	20.7433	2	62	
0.1	0.2	1	17	1	3	13	38	12	36	0	0	0	0	3	1.04447	2	4	
0.1	0.2	3	18	3	3	6	134	8	168	0.000349107	0.000461165	0	0.00131428	21	15.1752	2	49	
0.1	0.2	1	19	9	3	5	119	4	89	0.000798213	0.000884972	0	0.00206428	22.25	19.6193	2	49	
0.1	0.2	3	20	2	3	5	130	5	130	0.000747856	0.000558672	0	0.00131428	26	24	2	62	
0.1	0.2	3	21	5	3	11	30	9	22	0	0	0	0	2.44444	0.881917	2	4	
0.2	0.3	4	1	3	3	9	18	6	12	0	0	0	0	2	0	2	2	
0.2	0.3	4	2	1	3	4	126	6	201	0.000344643	0.000455195	0	0.00115357	33.5	24.4029	2	58	
0.2	0.3	7	3	1	3	2	60	2	60	0.00118928	2.52536e-05	0.00117143	0.00120714	30	0	30	30	
0.2	0.3	2	4	2	3	3	63	3	63	0.000403571	0	0.000403571	0.000403571	21	0	21	21	
0.2	0.3	1	5	10	3	21	52	21	52	0	0	0	0	2.47619	0.872872	2	4	
0.2	0.3	2	6	3	3	3	63	3	63	0.000457142	0	0.000457142	0.000457142	21	0	21	21	
0.2	0.3	2	7	4	3	3	63	3	63	0.000510713	0	0.000510713	0.000510713	21	0	21	21	
0.2	0.3	4	8	2	3	4	126	6	201	0.00025238	0.000284054	0	0.000564284	33.5	24.4029	2	58	
0.2	0.3	6	9	13	3	15	30	10	20	0	0	0	0	2	0	2	2	
0.2	0.3	2	10	5	3	3	63	3	63	0.000564284	0	0.000564284	0.000564284	21	0	21	21	
0.2	0.3	1	11	2	3	7	138	8	155	0.000396428	0.000249108	0	0.000564284	19.375	13.4264	2	49	
0.2	0.3	1	12	3	3	7	138	8	155	0.000423213	0.000261213	0	0.000564284	19.375	13.8969	2	49	
0.2	0.3	1	13	20	3	21	54	20	50	0	0	0	0	2.5	0.888523	2	4	
0.2	0.3	7	14	2	3	2	60	2	60	0.00126071	2.52536e-05	0.00124286	0.00127857	30	0	30	30	
0.2	0.3	7	15	3	3	2	60	2	60	0.000564284	0	0.000564284	0.000564284	30	0	30	30	
0.2	0.3	6	16	8	3	7	136	7	136	0.000400509	0.000273677	0	0.000564284	19.4286	20.7433	2	62	
0.2	0.3	3	17	1	3	28	88	28	88	0	0	0	0	3.14286	1.00791	2	4	
0.2	0.3	3	18	3	3	65	1330	8	168	0.000349107	0.000461165	0	0.00131428	21	15.1752	2	49	
0.2	0.3	1	19	9	3	5	119	4	89	0.000798213	0.000884972	0	0.00206428	22.25	19.6193	2	49	
0.2	0.3	3	20	2	3	5	130	5	130	0.000747856	0.000558672	0	0.00131428	26	24	2	62	
0.2	0.3	1	21	8	3	24	66	22	58	0	0	0	0	2.63636	0.953463	2	4	
0.3	0.4	4	1	17	3	16	38	11	26	0	0	0	0	2.36364	0.80904	2	4	
0.3	0.4	4	2	1	3	4	126	6	201	0.000344643	0.000455195	0	0.00115357	33.5	24.4029	2	58	
0.3	0.4	7	3	1	3	2	60	2	60	0.00118928	2.52536e-05	0.00117143	0.00120714	30	0	30	30	
0.3	0.4	2	4	2	3	3	63	3	63	0.000403571	0	0.000403571	0.000403571	21	0	21	21	
0.3	0.4	4	5	12	3	36	96	35	92	0	0	0	0	2.62857	0.942016	2	4	
0.3	0.4	2	6	3	3	3	63	3	63	0.000457142	0	0.000457142	0.000457142	21	0	21	21	
0.3	0.4	2	7	4	3	3	63	3	63	0.000510713	0	0.000510713	0.000510713	21	0	21	21	
0.3	0.4	4	8	2	3	4	126	6	201	0.00025238	0.000284054	0	0.000564284	33.5	24.4029	2	58	
0.3	0.4	5	9	3	3	24	60	19	50	0	0	0	0	2.63158	0.955134	2	4	
0.3	0.4	2	10	5	3	3	63	3	63	0.000564284	0	0.000564284	0.000564284	21	0	21	21	
0.3	0.4	1	11	2	3	7	138	8	155	0.000396428	0.000249108	0	0.000564284	19.375	13.4264	2	49	
0.3	0.4	1	12	3	3	7	138	8	155	0.000423213	0.000261213	0	0.000564284	19.375	13.8969	2	49	
0.3	0.4	1	13	20	3	29	70	27	64	0	0	0	0	2.37037	0.791695	2	4	
0.3	0.4	7	14	2	3	2	60	2	60	0.00126071	2.52536e-05	0.00124286	0.00127857	30	0	30	30	
0.3	0.4	7	15	3	3	2	60	2	60	0.000564284	0	0.000564284	0.000564284	30	0	30	30	
0.3	0.4	6	16	8	3	7	136	7	136	0.000400509	0.000273677	0	0.000564284	19.4286	20.7433	2	62	
0.3	0.4	1	17	5	3	35	102	35	102	0	0	0	0	2.91429	1.01087	2	4	
0.3	0.4	4	18	20	3	71	1556	12	278	0.000467261	0.000840125	0	0.00281428	23.1667	29.4305	2	104	
0.3	0.4	1	19	9	3	5	119	4	89	0.000798213	0.000884972	0	0.00206428	22.25	19.6193	2	49	
0.3	0.4	3	20	2	3	5	130	5	130	0.000747856	0.000558672	0	0.00131428	26	24	2	62	
0.3	0.4	1	21	8	3	33	86	31	78	0	0	0	0	2.51613	0.889605	2	4	
0.4	0.5	4	1	17	3	23	64	17	48	0	0	0	0	2.82353	1.0146	2	4	
0.4	0.5	4	2	1	3	85	17802	86	17515	0.000652573	0.00036129	0	0.00131428	203.663	130.851	2	547	
0.4	0.5	7	3	1	3	2	60	2	60	0.00118928	2.52536e-05	0.00117143	0.00120714	30	0	30	30	
0.4	0.5	2	4	2	3	3	63	3	63	0.000403571	0	0.000403571	0.000403571	21	0	21	21	
0.4	0.5	1	5	12	3	50	142	49	138	0	0	0	0	2.81633	0.993174	2	4	
0.4	0.5	2	6	3	3	3	63	3	63	0.000457142	0	0.000457142	0.000457142	21	0	21	21	
0.4	0.5	2	7	4	3	3	63	3	63	0.000510713	0	0.000510713	0.000510713	21	0	21	21	
0.4	0.5	4	8	2	3	4	126	6	201	0.00025238	0.000284054	0	0.000564284	33.5	24.4029	2	58	
0.4	0.5	5	9	3	3	33	96	28	86	0	0	0	0	3.07143	1.01575	2	4	
0.4	0.5	2	10	5	3	3	63	3	63	0.000564284	0	0.000564284	0.000564284	21	0	21	21	
0.4	0.5	1	11	2	3	7	138	8	155	0.000396428	0.000249108	0	0.000564284	19.375	13.4264	2	49	
0.4	0.5	1	12	3	3	7	138	8	155	0.000423213	0.000261213	0	0.000564284	19.375	13.8969	2	49	
0.4	0.5	1	13	20	3	40	100	38	94	0	0	0	0	2.47368	0.861703	2	4	
0.4	0.5	7	14	2	3	2	60	2	60	0.00126071	2.52536e-05	0.00124286	0.00127857	30	0	30	30	
0.4	0.5	7	15	3	3	2	60	2	60	0.000564284	0	0.000564284	0.000564284	30	0	30	30	
0.4	0.5	6	16	8	3	7	136	7	136	0.000400509	0.000273677	0	0.000564284	19.4286	20.7433	2	62	
0.4	0.5	1	17	5	3	44	124	44	124	0	0	0	0	2.81818	0.994701	2	4	
0.4	0.5	7	18	18	3	77	1955	15	284	0.000373809	0.000769411	0	0.00281428	18.9333	27.52	2	104	
0.4	0.5	1	19	9	3	5	119	4	89	0.000798213	0.000884972	0	0.00206428	22.25	19.6193	2	49	
0.4	0.5	3	20	2	3	5	130	5	130	0.000747856	0.000558672	0	0.00131428	26	24	2	62	
0.4	0.5	1	21	8	3	41	102	39	94	0	0	0	0	2.41026	0.818148	2	4	
0.5	0.6	4	1	7	3	23	64	17	48	0	0	0	0	2.82353	1.0146	2	4	
0.5	0.6	2	2	10	3	318	40627	317	40122	0.00067786	0.000334486	0	0.00131428	126.568	101.661	2	547	
0.5	0.6	7	3	1	3	2	60	2	60	0.00118928	2.52536e-05	0.00117143	0.00120714	30	0	30	30	
0.5	0.6	2	4	2	3	3	63	3	63	0.000403571	0	0.000403571	0.000403571	21	0	21	21	
0.5	0.6	1	5	15	3	65	188	64	184	0	0	0	0	2.875	1	2	4	
0.5	0.6	2	6	3	3	3	63	3	63	0.000457142	0	0.000457142	0.000457142	21	0	21	21	
0.5	0.6	2	7	4	3	3	63	3	63	0.000510713	0	0.000510713	0.000510713	21	0	21	21	
0.5	0.6	4	8	2	3	4	126	6	201	0.00025238	0.000284054	0	0.000564284	33.5	24.4029	2	58	
0.5	0.6	6	9	17	3	38	106	33	96	0	0	0	0	2.90909	1.0113	2	4	
0.5	0.6	2	10	5	3	3	63	3	63	0.000564284	0	0.000564284	0.000564284	21	0	21	21	
0.5	0.6	1	11	2	3	7	138	8	155	0.000396428	0.000249108	0	0.000564284	19.375	13.4264	2	49	
0.5	0.6	1	12	3	3	7	138	8	155	0.000423213	0.000261213	0	0.000564284	19.375	13.8969	2	49	
0.5	0.6	2	13	17	3	53	126	51	120	0	0	0	0	2.35294	0.770027	2	4	
0.5	0.6	7	14	2	3	2	60	2	60	0.00126071	2.52536e-05	0.00124286	0.00127857	30	0	30	30	
0.5	0.6	7	15	3	3	2	60	2	60	0.000564284	0	0.000564284	0.000564284	30	0	30	30	
0.5	0.6	6	16	8	3	7	136	7	136	0.000400509	0.000273677	0	0.000564284	19.4286	20.7433	2	62	
0.5	0.6	3	17	16	3	59	170	59	170	0	0	0	0	2.88136	1.00146	2	4	
0.5	0.6	3	18	18	3	81	1963	19	292	0.000295112	0.000696387	0	0.00281428	15.3684	25.2855	2	104	
0.5	0.6	1	19	9	3	5	119	4	89	0.000798213	0.000884972	0	0.00206428	22.25	19.6193	2	49	
0.5	0.6	3	20	2	3	5	130	5	130	0.000747856	0.000558672	0	0.00131428	26	24	2	62	
0.5	0.6	2	21	18	3	52	132	50	124	0	0	0	0	2.48	0.862838	2	4	
0.6	0.7	2	1	7	3	27	76	17	48	0	0	0	0	2.82353	1.0146	2	4	
0.6	0.7	2	2	10	3	489	56583	487	55764	0.000685185	0.00034008	0	0.00131428	114.505	89.9508	2	547	
0.6	0.7	7	3	1	3	2	60	2	60	0.00118928	2.52536e-05	0.00117143	0.00120714	30	0	30	30	
0.6	0.7	2	4	2	3	3	63	3	63	0.000403571	0	0.000403571	0.000403571	21	0	21	21	
0.6	0.7	3	5	15	3	78	232	77	228	0	0	0	0	2.96104	1.00579	2	4	
0.6	0.7	2	6	3	3	3	63	3	63	0.000457142	0	0.000457142	0.000457142	21	0	21	21	
0.6	0.7	2	7	4	3	3	63	3	63	0.000510713	0	0.000510713	0.000510713	21	0	21	21	
0.6	0.7	4	8	2	3	4	126	6	201	0.00025238	0.000284054	0	0.000564284	33.5	24.4029	2	58	
0.6	0.7	6	9	17	3	48	146	42	132	0	0	0	0	3.14286	1.00174	2	4	
0.6	0.7	2	10	5	3	3	63	3	63	0.000564284	0	0.000564284	0.000564284	21	0	21	21	
0.6	0.7	1	11	2	3	7	138	8	155	0.000396428	0.000249108	0	0.000564284	19.375	13.4264	2	49	
0.6	0.7	1	12	3	3	7	138	8	155	0.000423213	0.000261213	0	0.000564284	19.375	13.8969	2	49	
0.6	0.7	2	13	17	3	67	154	65	148	0	0	0	0	2.27692	0.696143	2	4	
0.6	0.7	7	14	2	3	2	60	2	60	0.00126071	2.52536e-05	0.00124286	0.00127857	30	0	30	30	
0.6	0.7	7	15	3	3	2	60	2	60	0.000564284	0	0.000564284	0.000564284	30	0	30	30	
0.6	0.7	6	16	8	3	7	136	7	136	0.000400509	0.000273677	0	0.000564284	19.4286	20.7433	2	62	
0.6	0.7	3	17	16	3	73	216	72	212	0	0	0	0	2.94444	1.00546	2	4	
0.6	0.7	3	18	18	3	85	1971	22	298	0.00025487	0.000653008	0	0.00281428	13.5455	23.8761	2	104	
0.6	0.7	1	19	9	3	5	119	4	89	0.000798213	0.000884972	0	0.00206428	22.25	19.6193	2	49	
0.6	0.7	3	20	2	3	5	130	5	130	0.000747856	0.000558672	0	0.00131428	26	24	2	62	
0.6	0.7	1	21	8	3	60	154	58	146	0	0	0	0	2.51724	0.883402	2	4	
0.7	0.8	2	1	7	3	30	82	17	48	0	0	0	0	2.82353	1.0146	2	4	
0.7	0.8	1	2	10	3	610	82424	611	82137	0.000684099	0.000337343	0	0.00131428	134.43	112.891	2	704	
0.7	0.8	7	3	1	3	2	60	2	60	0.00118928	2.52536e-05	0.00117143	0.00120714	30	0	30	30	
0.7	0.8	2	4	2	3	3	63	3	63	0.000403571	0	0.000403571	0.000403571	21	0	21	21	
0.7	0.8	4	5	25	3	90	258	89	254	0	0	0	0	2.85393	0.99488	2	4	
0.7	0.8	2	6	3	3	3	63	3	63	0.000457142	0	0.000457142	0.000457142	21	0	21	21	
0.7	0.8	2	7	4	3	3	63	3	63	0.000510713	0	0.000510713	0.000510713	21	0	21	21	
0.7	0.8	4	8	2	3	4	126	6	201	0.00025238	0.000284054	0	0.000564284	33.5	24.4029	2	58	
0.7	0.8	5	9	7	3	57	178	52	168	0	0	0	0	3.23077	0.982502	2	4	
0.7	0.8	2	10	5	3	3	63	3	63	0.000564284	0	0.000564284	0.000564284	21	0	21	21	
0.7	0.8	1	11	2	3	7	138	8	155	0.000396428	0.000249108	0	0.000564284	19.375	13.4264	2	49	
0.7	0.8	1	12	3	3	7	138	8	155	0.000423213	0.000261213	0	0.000564284	19.375	13.8969	2	49	
0.7	0.8	1	13	17	3	81	182	79	176	0	0	0	0	2.22785	0.639498	2	4	
0.7	0.8	7	14	2	3	2	60	2	60	0.00126071	2.52536e-05	0.00124286	0.00127857	30	0	30	30	
0.7	0.8	7	15	3	3	2	60	2	60	0.000564284	0	0.000564284	0.000564284	30	0	30	30	
0.7	0.8	6	16	8	3	7	136	7	136	0.000400509	0.000273677	0	0.000564284	19.4286	20.7433	2	62	
0.7	0.8	2	17	22	3	86	256	85	252	0	0	0	0	2.96471	1.00531	2	4	
0.7	0.8	2	18	23	3	89	1979	26	306	0.000215659	0.000605795	0	0.00281428	11.7692	22.2914	2	104	
0.7	0.8	1	19	9	3	5	119	4	89	0.000798213	0.000884972	0	0.00206428	22.25	19.6193	2	49	
0.7	0.8	3	20	2	3	5	130	5	130	0.000747856	0.000558672	0	0.00131428	26	24	2	62	
0.7	0.8	1	21	8	3	71	184	69	176	0	0	0	0	2.55072	0.899938	2	4	
0.8	0.9	2	1	7	3	33	88	17	48	0	0	0	0	2.82353	1.0146	2	4	
0.8	0.9	2	2	10	3	748	103647	755	103144	0.000674667	0.0003426	0	0.00156428	136.615	115.716	2	704	
0.8	0.9	7	3	1	3	2	60	2	60	0.00118928	2.52536e-05	0.00117143	0.00120714	30	0	30	30	
0.8	0.9	2	4	2	3	3	63	3	63	0.000403571	0	0.000403571	0.000403571	21	0	21	21	
0.8	0.9	4	5	25	3	99	276	98	272	0	0	0	0	2.77551	0.979487	2	4	
0.8	0.9	2	6	3	3	3	63	3	63	0.000457142	0	0.000457142	0.000457142	21	0	21	21	
0.8	0.9	2	7	4	3	3	63	3	63	0.000510713	0	0.000510713	0.000510713	21	0	21	21	
0.8	0.9	4	8	2	3	4	126	6	201	0.00025238	0.000284054	0	0.000564284	33.5	24.4029	2	58	
0.8	0.9	5	9	7	3	66	214	61	204	0	0	0	0	3.34426	0.946665	2	4	
0.8	0.9	2	10	5	3	3	63	3	63	0.000564284	0	0.000564284	0.000564284	21	0	21	21	
0.8	0.9	1	11	2	3	7	138	8	155	0.000396428	0.000249108	0	0.000564284	19.375	13.4264	2	49	
0.8	0.9	1	12	3	3	7	138	8	155	0.000423213	0.000261213	0	0.000564284	19.375	13.8969	2	49	
0.8	0.9	1	13	17	3	95	210	93	204	0	0	0	0	2.19355	0.594505	2	4	
0.8	0.9	7	14	2	3	2	60	2	60	0.00126071	2.52536e-05	0.00124286	0.00127857	30	0	30	30	
0.8	0.9	7	15	3	3	2	60	2	60	0.000564284	0	0.000564284	0.000564284	30	0	30	30	
0.8	0.9	6	16	8	3	7	136	7	136	0.000400509	0.000273677	0	0.000564284	19.4286	20.7433	2	62	
0.8	0.9	1	17	22	3	98	290	97	286	0	0	0	0	2.94845	1.00386	2	4	
0.8	0.9	2	18	23	3	93	1987	30	314	0.000186905	0.000567387	0	0.00281428	10.4667	20.9708	2	104	
0.8	0.9	1	19	9	3	5	119	4	89	0.000798213	0.000884972	0	0.00206428	22.25	19.6193	2	49	
0.8	0.9	3	20	2	3	5	130	5	130	0.000747856	0.000558672	0	0.00131428	26	24	2	62	
0.8	0.9	1	21	8	3	80	210	77	200	0	0	0	0	2.5974	0.92138	2	4	
0.9	1	2	1	7	3	37	96	17	48	0	0	0	0	2.82353	1.0146	2	4	
0.9	1	2	2	10	3	790	108785	798	108528	0.00067691	0.000347238	0	0.00156428	136	113.649	2	704	
0.9	1	7	3	1	3	2	60	2	60	0.00118928	2.52536e-05	0.00117143	0.00120714	30	0	30	30	
0.9	1	2	4	2	3	3	63	3	63	0.000403571	0	0.000403571	0.000403571	21	0	21	21	
0.9	1	2	5	12	3	107	292	105	286	0	0	0	0	2.72381	0.965713	2	4	
0.9	1	2	6	3	3	3	63	3	63	0.000457142	0	0.000457142	0.000457142	21	0	21	21	
0.9	1	2	7	4	3	3	63	3	63	0.000510713	0	0.000510713	0.000510713	21	0	21	21	
0.9	1	4	8	2	3	4	126	6	201	0.00025238	0.000284054	0	0.000564284	33.5	24.4029	2	58	
0.9	1	5	9	7	3	74	244	69	234	0	0	0	0	3.3913	0.927003	2	4	
0.9	1	2	10	5	3	3	63	3	63	0.000564284	0	0.000564284	0.000564284	21	0	21	21	
0.9	1	1	11	2	3	7	138	8	155	0.000396428	0.000249108	0	0.000564284	19.375	13.4264	2	49	
0.9	1	1	12	3	3	7	138	8	155	0.000423213	0.000261213	0	0.000564284	19.375	13.8969	2	49	
0.9	1	1	13	17	3	109	238	106	230	0	0	0	0	2.16981	0.560131	2	4	
0.9	1	7	14	2	3	2	60	2	60	0.00126071	2.52536e-05	0.00124286	0.00127857	30	0	30	30	
0.9	1	7	15	3	3	2	60	2	60	0.000564284	0	0.000564284	0.000564284	30	0	30	30	
0.9	1	6	16	8	3	7	136	7	136	0.000400509	0.000273677	0	0.000564284	19.4286	20.7433	2	62	
0.9	1	2	17	22	3	109	326	108	322	0	0	0	0	2.98148	1.00449	2	4	
0.9	1	2	18	23	3	96	1993	33	320	0.000169913	0.000542885	0	0.00281428	9.69697	20.116	2	104	
0.9	1	2	19	24	3	74	9065	4	89	0.000798213	0.000884972	0	0.00206428	22.25	19.6193	2	49	
0.9	1	3	20	2	3	5	130	5	130	0.000747856	0.000558672	0	0.00131428	26	24	2	62	
0.9	1	1	21	8	3	89	238	86	226	0	0	0	0	2.62791	0.933639	2	4	
1	1.1	2	1	7	3	46	132	17	48	0	0	0	0	2.82353	1.0146	2	4	
1	1.1	2	2	10	3	791	108787	799	108530	0.000676062	0.000347846	0	0.00156428	135.832	113.677	2	704	
1	1.1	7	3	1	3	2	60	2	60	0.00118928	2.52536e-05	0.00117143	0.00120714	30	0	30	30	
1	1.1	2	4	2	3	3	63	3	63	0.000403571	0	0.000403571	0.000403571	21	0	21	21	
1	1.1	1	5	27	3	116	310	115	306	0	0	0	0	2.66087	0.944856	2	4	
1	1.1	2	6	3	3	3	63	3	63	0.000457142	0	0.000457142	0.000457142	21	0	21	21	
1	1.1	2	7	4	3	3	63	3	63	0.000510713	0	0.000510713	0.000510713	21	0	21	21	
1	1.1	4	8	2	3	4	126	6	201	0.00025238	0.000284054	0	0.000564284	33.5	24.4029	2	58	
1	1.1	5	9	7	3	83	272	77	260	0	0	0	0	3.37662	0.932441	2	4	
1	1.1	2	10	5	3	3	63	3	63	0.000564284	0	0.000564284	0.000564284	21	0	21	21	
1	1.1	1	11	2	3	7	138	8	155	0.000396428	0.000249108	0	0.000564284	19.375	13.4264	2	49	
1	1.1	1	12	3	3	7	138	8	155	0.000423213	0.000261213	0	0.000564284	19.375	13.8969	2	49	
1	1.1	1	13	17	3	122	264	120	258	0	0	0	0	2.15	0.528991	2	4	
1	1.1	7	14	2	3	2	60	2	60	0.00126071	2.52536e-05	0.00124286	0.00127857	30	0	30	30	
1	1.1	7	15	3	3	2	60	2	60	0.000564284	0	0.000564284	0.000564284	30	0	30	30	
1	1.1	6	16	8	3	7	136	7	136	0.000400509	0.000273677	0	0.000564284	19.4286	20.7433	2	62	
1	1.1	1	17	22	3	124	374	122	368	0	0	0	0	3.01639	1.00399	2	4	
1	1.1	2	18	23	3	101	2003	38	330	0.000147556	0.000508217	0	0.00281428	8.68421	18.8924	2	104	
1	1.1	7	19	29	3	96	10363	7	401	0.00101939	0.000683873	0	0.00206428	57.2857	45.8465	2	104	
1	1.1	3	20	2	3	5	130	5	130	0.000747856	0.000558672	0	0.00131428	26	24	2	62	
1	1.1	1	21	29	3	104	268	100	254	0	0	0	0	2.54	0.892392	2	4	
1.1	1.2	2	1	16	3	46	132	17	48	0	0	0	0	2.82353	1.0146	2	4	
1.1	1.2	5	2	40	3	792	108789	799	108530	0.000676062	0.000347846	0	0.00156428	135.832	113.677	2	704	
1.1	1.2	7	3	1	3	2	60	2	60	0.00118928	2.52536e-05	0.00117143	0.00120714	30	0	30	30	
1.1	1.2	2	4	2	3	3	63	3	63	0.000403571	0	0.000403571	0.000403571	21	0	21	21	
1.1	1.2	4	5	28	3	131	348	130	344	0	0	0	0	2.64615	0.938922	2	4	
1.1	1.2	2	6	3	3	3	63	3	63	0.000457142	0	0.000457142	0.000457142	21	0	21	21	
1.1	1.2	2	7	4	3	3	63	3	63	0.000510713	0	0.000510713	0.000510713	21	0	21	21	
1.1	1.2	4	8	2	3	4	126	6	201	0.00025238	0.000284054	0	0.000564284	33.5	24.4029	2	58	
1.1	1.2	5	9	7	3	92	308	86	296	0	0	0	0	3.44186	0.902345	2	4	
1.1	1.2	2	10	5	3	3	63	3	63	0.000564284	0	0.000564284	0.000564284	21	0	21	21	
1.1	1.2	1	11	3	3	14	7387	13	5953	0.0016945	0.00210678	0	0.00471429	457.923	687.79	2	1449	
1.1	1.2	1	12	3	3	7	138	8	155	0.000423213	0.000261213	0	0.000564284	19.375	13.8969	2	49	
1.1	1.2	1	13	34	3	133	292	130	284	0	0	0	0	2.18462	0.581159	2	4	
1.1	1.2	7	14	2	3	2	60	2	60	0.00126071	2.52536e-05	0.00124286	0.00127857	30	0	30	30	
1.1	1.2	7	15	3	3	2	60	2	60	0.000564284	0	0.000564284	0.000564284	30	0	30	30	
1.1	1.2	5	16	9	3	17	3063	18	3447	0.000559324	0.00050173	0	0.00181428	191.5	293.931	2	963	
1.1	1.2	1	17	5	3	137	408	135	402	0	0	0	0	2.97778	1.00348	2	4	
1.1	1.2	5	18	21	3	104	2090	38	330	0.000147556	0.000508217	0	0.00281428	8.68421	18.8924	2	104	
1.1	1.2	4	19	29	3	307	36590	216	25904	0.000732472	0.000353793	0	0.00206428	119.926	79.9234	2	362	
1.1	1.2	3	20	2	3	5	130	5	130	0.000747856	0.000558672	0	0.00131428	26	24	2	62	
1.1	1.2	5	21	22	3	109	278	105	264	0	0	0	0	2.51429	0.87831	2	4	
1.2	1.3	2	1	16	3	46	132	17	48	0	0	0	0	2.82353	1.0146	2	4	
1.2	1.3	5	2	40	3	792	108789	799	108530	0.000676062	0.000347846	0	0.00156428	135.832	113.677	2	704	
1.2	1.3	7	3	1	3	2	60	2	60	0.00118928	2.52536e-05	0.00117143	0.00120714	30	0	30	30	
1.2	1.3	2	4	2	3	3	63	3	63	0.000403571	0	0.000403571	0.000403571	21	0	21	21	
1.2	1.3	4	5	28	3	142	382	141	378	0	0	0	0	2.68085	0.951083	2	4	
1.2	1.3	2	6	3	3	3	63	3	63	0.000457142	0	0.000457142	0.000457142	21	0	21	21	
1.2	1.3	2	7	4	3	3	63	3	63	0.000510713	0	0.000510713	0.000510713	21	0	21	21	
1.2	1.3	4	8	2	3	4	126	6	201	0.00025238	0.000284054	0	0.000564284	33.5	24.4029	2	58	
1.2	1.3	5	9	7	3	101	338	95	326	0	0	0	0	3.43158	0.906861	2	4	
1.2	1.3	2	10	5	3	3	63	3	63	0.000564284	0	0.000564284	0.000564284	21	0	21	21	
1.2	1.3	1	11	3	3	26	17540	27	17557	0.0022127	0.00228871	0	0.00471429	650.259	728.088	2	1449	
1.2	1.3	1	12	3	3	7	138	8	155	0.000423213	0.000261213	0	0.000564284	19.375	13.8969	2	49	
1.2	1.3	1	13	20	3	142	318	140	312	0	0	0	0	2.22857	0.638601	2	4	
1.2	1.3	7	14	2	3	2	60	2	60	0.00126071	2.52536e-05	0.00124286	0.00127857	30	0	30	30	
1.2	1.3	7	15	3	3	2	60	2	60	0.000564284	0	0.000564284	0.000564284	30	0	30	30	
1.2	1.3	1	16	14	3	25	4535	30	6305	0.000429047	0.000453358	0	0.00181428	210.167	289.467	2	963	
1.2	1.3	1	17	36	3	148	444	147	440	0	0	0	0	2.9932	1.0034	2	4	
1.2	1.3	5	18	21	3	115	2782	38	330	0.000147556	0.000508217	0	0.00281428	8.68421	18.8924	2	104	
1.2	1.3	4	19	29	3	428	50310	339	40266	0.000709269	0.000355254	0	0.00206428	118.779	78.8565	2	362	
1.2	1.3	3	20	2	3	5	130	5	130	0.000747856	0.000558672	0	0.00131428	26	24	2	62	
1.2	1.3	5	21	22	3	109	278	105	264	0	0	0	0	2.51429	0.87831	2	4	
1.3	1.4	3	1	31	3	50	140	21	56	0	0	0	0	2.66667	0.966092	2	4	
1.3	1.4	5	2	40	3	792	108789	799	108530	0.000676062	0.000347846	0	0.00156428	135.832	113.677	2	704	
1.3	1.4	7	3	1	3	2	60	2	60	0.00118928	2.52536e-05	0.00117143	0.00120714	30	0	30	30	
1.3	1.4	2	4	2	3	3	63	3	63	0.000403571	0	0.000403571	0.000403571	21	0	21	21	
1.3	1.4	1	5	12	3	154	410	153	406	0	0	0	0	2.65359	0.941166	2	4	
1.3	1.4	2	6	3	3	3	63	3	63	0.000457142	0	0.000457142	0.000457142	21	0	21	21	
1.3	1.4	2	7	4	3	3	63	3	63	0.000510713	0	0.000510713	0.000510713	21	0	21	21	
1.3	1.4	4	8	2	3	4	126	6	201	0.00025238	0.000284054	0	0.000564284	33.5	24.4029	2	58	
1.3	1.4	5	9	7	3	110	370	104	358	0	0	0	0	3.44231	0.901207	2	4	
1.3	1.4	2	10	5	3	3	63	3	63	0.000564284	0	0.000564284	0.000564284	21	0	21	21	
1.3	1.4	1	11	3	3	39	27694	40	27711	0.00208286	0.00229814	0	0.00471429	692.775	923.391	2	4342	
1.3	1.4	6	12	23	3	9	142	10	159	0.00033857	0.000291395	0	0.000564284	15.9	14.2786	2	49	
1.3	1.4	3	13	24	3	157	354	154	346	0	0	0	0	2.24675	0.659884	2	4	
1.3	1.4	7	14	2	3	2	60	2	60	0.00126071	2.52536e-05	0.00124286	0.00127857	30	0	30	30	
1.3	1.4	7	15	3	3	2	60	2	60	0.000564284	0	0.000564284	0.000564284	30	0	30	30	
1.3	1.4	5	16	9	3	36	7467	42	9258	0.000428485	0.000396108	0	0.00181428	220.429	326.075	2	1370	
1.3	1.4	3	17	28	3	163	488	161	482	0	0	0	0	2.99379	1.0031	2	4	
1.3	1.4	5	18	21	3	141	7332	38	330	0.000147556	0.000508217	0	0.00281428	8.68421	18.8924	2	104	
1.3	1.4	3	19	29	3	569	59013	479	48958	0.000731508	0.000358916	0	0.00206428	102.209	76.8796	2	362	
1.3	1.4	3	20	2	3	5	130	5	130	0.000747856	0.000558672	0	0.00131428	26	24	2	62	
1.3	1.4	3	21	27	3	114	288	110	274	0	0	0	0	2.49091	0.864652	2	4	
1.4	1.5	3	1	31	3	57	154	28	70	0	0	0	0	2.5	0.881917	2	4	
1.4	1.5	5	2	40	3	792	108789	799	108530	0.000676062	0.000347846	0	0.00156428	135.832	113.677	2	704	
1.4	1.5	7	3	1	3	2	60	2	60	0.00118928	2.52536e-05	0.00117143	0.00120714	30	0	30	30	
1.4	1.5	2	4	2	3	3	63	3	63	0.000403571	0	0.000403571	0.000403571	21	0	21	21	
1.4	1.5	1	5	12	3	164	432	163	428	0	0	0	0	2.62577	0.930192	2	4	
1.4	1.5	2	6	3	3	3	63	3	63	0.000457142	0	0.000457142	0.000457142	21	0	21	21	
1.4	1.5	2	7	4	3	3	63	3	63	0.000510713	0	0.000510713	0.000510713	21	0	21	21	
1.4	1.5	4	8	2	3	4	126	6	201	0.00025238	0.000284054	0	0.000564284	33.5	24.4029	2	58	
1.4	1.5	5	9	7	3	119	400	113	388	0	0	0	0	3.43363	0.905106	2	4	
1.4	1.5	2	10	5	3	3	63	3	63	0.000564284	0	0.000564284	0.000564284	21	0	21	21	
1.4	1.5	1	11	3	3	43	29149	45	30615	0.00195619	0.00228399	0	0.00471429	680.333	902.291	2	4342	
1.4	1.5	6	12	23	3	9	142	10	159	0.00033857	0.000291395	0	0.000564284	15.9	14.2786	2	49	
1.4	1.5	3	13	24	3	170	382	168	376	0	0	0	0	2.2381	0.649625	2	4	
1.4	1.5	7	14	2	3	2	60	2	60	0.00126071	2.52536e-05	0.00124286	0.00127857	30	0	30	30	
1.4	1.5	7	15	3	3	2	60	2	60	0.000564284	0	0.000564284	0.000564284	30	0	30	30	
1.4	1.5	1	16	14	3	43	8936	52	10901	0.000399656	0.000380699	0	0.00181428	209.635	319.358	2	1370	
1.4	1.5	3	17	28	3	176	532	175	528	0	0	0	0	3.01714	1.00272	2	4	
1.4	1.5	3	18	33	3	148	7461	40	334	0.000140178	0.000496085	0	0.00281428	8.35	18.4607	2	104	
1.4	1.5	3	19	29	3	652	67296	592	53798	0.0006807	0.000400114	0	0.00206428	90.875	74.4965	2	362	
1.4	1.5	3	20	2	3	5	130	5	130	0.000747856	0.000558672	0	0.00131428	26	24	2	62	
1.4	1.5	3	21	27	3	124	308	120	294	0	0	0	0	2.45	0.838666	2	4	
1.5	1.6	7	1	30	3	67	188	38	104	0	0	0	0	2.73684	0.977703	2	4	
1.5	1.6	5	2	40	3	792	108789	799	108530	0.000676062	0.000347846	0	0.00156428	135.832	113.677	2	704	
1.5	1.6	7	3	1	3	2	60	2	60	0.00118928	2.52536e-05	0.00117143	0.00120714	30	0	30	30	
1.5	1.6	2	4	2	3	3	63	3	63	0.000403571	0	0.000403571	0.000403571	21	0	21	21	
1.5	1.6	1	5	3	3	177	468	175	462	0	0	0	0	2.64	0.935629	2	4	
1.5	1.6	2	6	3	3	3	63	3	63	0.000457142	0	0.000457142	0.000457142	21	0	21	21	
1.5	1.6	2	7	4	3	3	63	3	63	0.000510713	0	0.000510713	0.000510713	21	0	21	21	
1.5	1.6	4	8	2	3	4	126	6	201	0.00025238	0.000284054	0	0.000564284	33.5	24.4029	2	58	
1.5	1.6	4	9	50	3	122	406	114	390	0	0	0	0	3.42105	0.911041	2	4	
1.5	1.6	2	10	5	3	3	63	3	63	0.000564284	0	0.000564284	0.000564284	21	0	21	21	
1.5	1.6	7	11	37	3	49	30805	46	32064	0.00201615	0.00229479	0	0.00471429	697.043	899.379	2	4342	
1.5	1.6	6	12	23	3	9	142	10	159	0.00033857	0.000291395	0	0.000564284	15.9	14.2786	2	49	
1.5	1.6	8	13	20	3	180	404	178	398	0	0	0	0	2.23596	0.646983	2	4	
1.5	1.6	7	14	2	3	2	60	2	60	0.00126071	2.52536e-05	0.00124286	0.00127857	30	0	30	30	
1.5	1.6	7	15	3	3	2	60	2	60	0.000564284	0	0.000564284	0.000564284	30	0	30	30	
1.5	1.6	4	16	48	3	58	11884	71	14668	0.000395019	0.000352182	0	0.00181428	206.592	282.111	2	1370	
1.5	1.6	1	17	5	3	185	552	184	548	0	0	0	0	2.97826	1.00249	2	4	
1.5	1.6	8	18	6	3	246	17885	144	11278	0.000425644	0.000401664	0	0.00281428	78.3194	82.6226	2	325	
1.5	1.6	8	19	7	3	798	86753	729	70354	0.000693953	0.000403952	0	0.00274286	96.5075	76.7052	2	362	
1.5	1.6	3	20	2	3	5	130	5	130	0.000747856	0.000558672	0	0.00131428	26	24	2	62	
1.5	1.6	8	21	8	3	131	326	127	312	0	0	0	0	2.45669	0.842859	2	4	
1.6	1.7	7	1	30	3	72	208	42	120	0	0	0	0	2.85714	1.00174	2	4	
1.6	1.7	5	2	40	3	792	108789	799	108530	0.000676062	0.000347846	0	0.00156428	135.832	113.677	2	704	
1.6	1.7	7	3	1	3	2	60	2	60	0.00118928	2.52536e-05	0.00117143	0.00120714	30	0	30	30	
1.6	1.7	2	4	2	3	3	63	3	63	0.000403571	0	0.000403571	0.000403571	21	0	21	21	
1.6	1.7	1	5	12	3	188	504	187	500	0	0	0	0	2.6738	0.947837	2	4	
1.6	1.7	2	6	3	3	3	63	3	63	0.000457142	0	0.000457142	0.000457142	21	0	21	21	
1.6	1.7	2	7	4	3	3	63	3	63	0.000510713	0	0.000510713	0.000510713	21	0	21	21	
1.6	1.7	1	8	1	3	5	1575	7	1650	0.000889795	0.00170626	0	0.00471429	235.714	535.472	2	1449	
1.6	1.7	4	9	50	3	128	422	114	390	0	0	0	0	3.42105	0.911041	2	4	
1.6	1.7	2	10	5	3	3	63	3	63	0.000564284	0	0.000564284	0.000564284	21	0	21	21	
1.6	1.7	4	11	52	3	55	31061	46	32064	0.00201615	0.00229479	0	0.00471429	697.043	899.379	2	4342	
1.6	1.7	6	12	23	3	9	142	10	159	0.00033857	0.000291395	0	0.000564284	15.9	14.2786	2	49	
1.6	1.7	7	13	39	3	190	430	188	424	0	0	0	0	2.25532	0.669203	2	4	
1.6	1.7	7	14	2	3	2	60	2	60	0.00126071	2.52536e-05	0.00124286	0.00127857	30	0	30	30	
1.6	1.7	7	15	3	3	2	60	2	60	0.000564284	0	0.000564284	0.000564284	30	0	30	30	
1.6	1.7	4	16	48	3	65	12235	81	15765	0.000466092	0.000485914	0	0.00206428	194.63	270.807	2	1370	
1.6	1.7	8	17	5	3	190	564	184	548	0	0	0	0	2.97826	1.00249	2	4	
1.6	1.7	8	18	6	3	282	25125	187	19611	0.000444346	0.000394932	0	0.00281428	104.872	130.888	2	743	
1.6	1.7	8	19	7	3	867	108484	803	91098	0.00068352	0.000402699	0	0.00274286	113.447	102.522	2	593	
1.6	1.7	3	20	2	3	5	130	5	130	0.000747856	0.000558672	0	0.00131428	26	24	2	62	
1.6	1.7	8	21	8	3	141	366	137	352	0	0	0	0	2.56934	0.905828	2	4	
1.7	1.8	7	1	30	3	80	240	50	152	0	0	0	0	3.04	1.00934	2	4	
1.7	1.8	5	2	40	3	792	108789	799	108530	0.000676062	0.000347846	0	0.00156428	135.832	113.677	2	704	
1.7	1.8	7	3	1	3	2	60	2	60	0.00118928	2.52536e-05	0.00117143	0.00120714	30	0	30	30	
1.7	1.8	2	4	2	3	3	63	3	63	0.000403571	0	0.000403571	0.000403571	21	0	21	21	
1.7	1.8	4	5	54	3	202	544	201	540	0	0	0	0	2.68657	0.951981	2	4	
1.7	1.8	2	6	3	3	3	63	3	63	0.000457142	0	0.000457142	0.000457142	21	0	21	21	
1.7	1.8	2	7	4	3	3	63	3	63	0.000510713	0	0.000510713	0.000510713	21	0	21	21	
1.7	1.8	4	8	47	3	9	3030	11	3105	0.000994805	0.00185334	0	0.00471429	282.273	577.275	2	1449	
1.7	1.8	4	9	50	3	138	462	114	390	0	0	0	0	3.42105	0.911041	2	4	
1.7	1.8	2	10	5	3	3	63	3	63	0.000564284	0	0.000564284	0.000564284	21	0	21	21	
1.7	1.8	6	11	28	3	59	31069	50	32072	0.00185486	0.00226748	0	0.00471429	641.44	882.685	2	4342	
1.7	1.8	6	12	23	3	9	142	10	159	0.00033857	0.000291395	0	0.000564284	15.9	14.2786	2	49	
1.7	1.8	4	13	58	3	201	456	199	450	0	0	0	0	2.26131	0.675741	2	4	
1.7	1.8	7	14	2	3	2	60	2	60	0.00126071	2.52536e-05	0.00124286	0.00127857	30	0	30	30	
1.7	1.8	7	15	3	3	2	60	2	60	0.000564284	0	0.000564284	0.000564284	30	0	30	30	
1.7	1.8	4	16	48	3	103	13886	81	15765	0.000466092	0.000485914	0	0.00206428	194.63	270.807	2	1370	
1.7	1.8	4	17	55	3	194	574	184	548	0	0	0	0	2.97826	1.00249	2	4	
1.7	1.8	4	18	57	3	306	25797	210	20253	0.000509897	0.000442758	0	0.00281428	96.4429	125.977	2	743	
1.7	1.8	7	19	43	3	870	108631	808	92260	0.000689854	0.000410186	0	0.00274286	114.183	104.228	2	593	
1.7	1.8	3	20	2	3	5	130	5	130	0.000747856	0.000558672	0	0.00131428	26	24	2	62	
1.7	1.8	7	21	44	3	142	368	137	352	0	0	0	0	2.56934	0.905828	2	4	
1.8	1.9	7	1	30	3	85	260	54	168	0	0	0	0	3.11111	1.00314	2	4	
1.8	1.9	5	2	40	3	792	108789	799	108530	0.000676062	0.000347846	0	0.00156428	135.832	113.677	2	704	
1.8	1.9	7	3	1	3	2	60	2	60	0.00118928	2.52536e-05	0.00117143	0.00120714	30	0	30	30	
1.8	1.9	2	4	2	3	3	63	3	63	0.000403571	0	0.000403571	0.000403571	21	0	21	21	
1.8	1.9	1	5	12	3	212	574	209	564	0	0	0	0	2.69856	0.955776	2	4	
1.8	1.9	2	6	3	3	3	63	3	63	0.000457142	0	0.000457142	0.000457142	21	0	21	21	
1.8	1.9	2	7	4	3	3	63	3	63	0.000510713	0	0.000510713	0.000510713	21	0	21	21	
1.8	1.9	1	8	1	3	12	5930	14	6005	0.0014551	0.00214908	0	0.00471429	428.929	669.811	2	1449	
1.8	1.9	4	9	50	3	146	494	114	390	0	0	0	0	3.42105	0.911041	2	4	
1.8	1.9	2	10	5	3	3	63	3	63	0.000564284	0	0.000564284	0.000564284	21	0	21	21	
1.8	1.9	6	11	28	3	63	31077	54	32080	0.00171746	0.0022347	0	0.00471429	594.074	865.392	2	4342	
1.8	1.9	6	12	23	3	9	142	10	159	0.00033857	0.000291395	0	0.000564284	15.9	14.2786	2	49	
1.8	1.9	4	13	58	3	216	500	214	494	0	0	0	0	2.30841	0.723985	2	4	
1.8	1.9	7	14	2	3	2	60	2	60	0.00126071	2.52536e-05	0.00124286	0.00127857	30	0	30	30	
1.8	1.9	7	15	3	3	2	60	2	60	0.000564284	0	0.000564284	0.000564284	30	0	30	30	
1.8	1.9	7	16	49	3	177	17101	85	15853	0.000490545	0.000502538	0	0.00206428	186.506	266.839	2	1370	
1.8	1.9	4	17	55	3	200	586	184	548	0	0	0	0	2.97826	1.00249	2	4	
1.8	1.9	4	18	57	3	342	27049	243	21442	0.000575925	0.000474976	0	0.00281428	88.2387	119.093	2	743	
1.8	1.9	7	19	43	3	870	108631	808	92260	0.000689854	0.000410186	0	0.00274286	114.183	104.228	2	593	
1.8	1.9	3	20	2	3	5	130	5	130	0.000747856	0.000558672	0	0.00131428	26	24	2	62	
1.8	1.9	7	21	44	3	143	370	137	352	0	0	0	0	2.56934	0.905828	2	4	
1.9	2	8	1	13	3	95	294	64	202	0	0	0	0	3.15625	0.995526	2	4	
1.9	2	5	2	40	3	792	108789	799	108530	0.000676062	0.000347846	0	0.00156428	135.832	113.677	2	704	
1.9	2	7	3	1	3	2	60	2	60	0.00118928	2.52536e-05	0.00117143	0.00120714	30	0	30	30	
1.9	2	2	4	2	3	3	63	3	63	0.000403571	0	0.000403571	0.000403571	21	0	21	21	
1.9	2	1	5	33	3	223	596	221	588	0	0	0	0	2.66063	0.94279	2	4	
1.9	2	2	6	3	3	3	63	3	63	0.000457142	0	0.000457142	0.000457142	21	0	21	21	
1.9	2	2	7	4	3	3	63	3	63	0.000510713	0	0.000510713	0.000510713	21	0	21	21	
1.9	2	1	8	1	3	15	7383	17	7458	0.00147563	0.00216349	0	0.00471429	438.706	672.489	2	1449	
1.9	2	2	9	39	3	154	510	121	404	0	0	0	0	3.33884	0.944755	2	4	
1.9	2	2	10	5	3	3	63	3	63	0.000564284	0	0.000564284	0.000564284	21	0	21	21	
1.9	2	6	11	28	3	69	31089	60	32092	0.00154571	0.00218082	0	0.00471429	534.867	839.54	2	4342	
1.9	2	6	12	23	3	9	142	10	159	0.00033857	0.000291395	0	0.000564284	15.9	14.2786	2	49	
1.9	2	2	13	40	3	229	526	227	520	0	0	0	0	2.29075	0.706514	2	4	
1.9	2	7	14	2	3	2	60	2	60	0.00126071	2.52536e-05	0.00124286	0.00127857	30	0	30	30	
1.9	2	7	15	3	3	2	60	2	60	0.000564284	0	0.000564284	0.000564284	30	0	30	30	
1.9	2	2	16	36	3	229	18747	143	17580	0.000605019	0.000541472	0	0.00277857	122.937	219.816	2	1370	
1.9	2	2	17	41	3	209	606	191	564	0	0	0	0	2.95288	1.00151	2	4	
1.9	2	8	18	15	3	371	33712	276	29747	0.000559963	0.000468716	0	0.00281428	107.779	133.934	2	743	
1.9	2	8	19	16	3	874	108639	812	92268	0.000686456	0.000412017	0	0.00274286	113.631	104.267	2	593	
1.9	2	3	20	2	3	5	130	5	130	0.000747856	0.000558672	0	0.00131428	26	24	2	62	
1.9	2	8	21	17	3	149	388	142	368	0	0	0	0	2.59155	0.916011	2	4	
2	2.1	8	1	13	3	104	330	72	234	0	0	0	0	3.25	0.975041	2	4	
2	2.1	5	2	40	3	792	108789	799	108530	0.000676062	0.000347846	0	0.00156428	135.832	113.677	2	704	
2	2.1	7	3	1	3	2	60	2	60	0.00118928	2.52536e-05	0.00117143	0.00120714	30	0	30	30	
2	2.1	2	4	2	3	3	63	3	63	0.000403571	0	0.000403571	0.000403571	21	0	21	21	
2	2.1	1	5	33	3	237	630	233	616	0	0	0	0	2.64378	0.936413	2	4	
2	2.1	2	6	3	3	3	63	3	63	0.000457142	0	0.000457142	0.000457142	21	0	21	21	
2	2.1	2	7	4	3	3	63	3	63	0.000510713	0	0.000510713	0.000510713	21	0	21	21	
2	2.1	1	8	1	3	18	10283	20	10358	0.00172571	0.0022571	0	0.00471429	517.9	701.222	2	1449	
2	2.1	2	9	39	3	159	522	127	418	0	0	0	0	3.29134	0.960409	2	4	
2	2.1	2	10	5	3	3	63	3	63	0.000564284	0	0.000564284	0.000564284	21	0	21	21	
2	2.1	6	11	28	3	72	31095	63	32098	0.00147211	0.00215313	0	0.00471429	509.492	826.927	2	4342	
2	2.1	6	12	23	3	9	142	10	159	0.00033857	0.000291395	0	0.000564284	15.9	14.2786	2	49	
2	2.1	1	13	40	3	243	554	241	548	0	0	0	0	2.27386	0.688977	2	4	
2	2.1	7	14	2	3	2	60	2	60	0.00126071	2.52536e-05	0.00124286	0.00127857	30	0	30	30	
2	2.1	7	15	3	3	2	60	2	60	0.000564284	0	0.000564284	0.000564284	30	0	30	30	
2	2.1	2	16	36	3	239	19375	172	18364	0.000546282	0.000544222	0	0.00277857	106.767	203.696	2	1370	
2	2.1	2	17	41	3	216	624	198	582	0	0	0	0	2.93939	1.00069	2	4	
2	2.1	8	18	15	3	385	39680	299	38524	0.000548709	0.000467449	0	0.00281428	128.843	157.474	2	743	
2	2.1	8	19	16	3	876	108643	814	92272	0.00068477	0.000412912	0	0.00274286	113.356	104.286	2	593	
2	2.1	3	20	2	3	5	130	5	130	0.000747856	0.000558672	0	0.00131428	26	24	2	62	
2	2.1	8	21	17	3	153	404	146	384	0	0	0	0	2.63014	0.932285	2	4	
2.1	2.2	7	1	50	3	114	358	81	258	0	0	0	0	3.18519	0.988826	2	4	
2.1	2.2	5	2	40	3	792	108789	799	108530	0.000676062	0.000347846	0	0.00156428	135.832	113.677	2	704	
2.1	2.2	7	3	1	3	2	60	2	60	0.00118928	2.52536e-05	0.00117143	0.00120714	30	0	30	30	
2.1	2.2	2	4	2	3	3	63	3	63	0.000403571	0	0.000403571	0.000403571	21	0	21	21	
2.1	2.2	1	5	12	3	243	644	240	632	0	0	0	0	2.63333	0.932297	2	4	
2.1	2.2	2	6	3	3	3	63	3	63	0.000457142	0	0.000457142	0.000457142	21	0	21	21	
2.1	2.2	2	7	4	3	3	63	3	63	0.000510713	0	0.000510713	0.000510713	21	0	21	21	
2.1	2.2	1	8	1	3	21	11736	23	11811	0.00170559	0.00225301	0	0.00471429	513.522	698.744	2	1449	
2.1	2.2	5	9	33	3	164	534	132	430	0	0	0	0	3.25758	0.969939	2	4	
2.1	2.2	2	10	5	3	3	63	3	63	0.000564284	0	0.000564284	0.000564284	21	0	21	21	
2.1	2.2	6	11	28	3	72	31095	63	32098	0.00147211	0.00215313	0	0.00471429	509.492	826.927	2	4342	
2.1	2.2	6	12	23	3	9	142	10	159	0.00033857	0.000291395	0	0.000564284	15.9	14.2786	2	49	
2.1	2.2	1	13	20	3	253	580	251	574	0	0	0	0	2.28685	0.702415	2	4	
2.1	2.2	7	14	2	3	2	60	2	60	0.00126071	2.52536e-05	0.00124286	0.00127857	30	0	30	30	
2.1	2.2	7	15	3	3	2	60	2	60	0.000564284	0	0.000564284	0.000564284	30	0	30	30	
2.1	2.2	2	16	36	3	239	19375	173	18376	0.000543124	0.000544225	0	0.00277857	106.22	203.231	2	1370	
2.1	2.2	4	17	64	3	225	650	207	608	0	0	0	0	2.9372	1.00045	2	4	
2.1	2.2	8	18	15	3	385	39680	299	38524	0.000548709	0.000467449	0	0.00281428	128.843	157.474	2	743	
2.1	2.2	8	19	16	3	876	108643	814	92272	0.00068477	0.000412912	0	0.00274286	113.356	104.286	2	593	
2.1	2.2	3	20	2	3	5	130	5	130	0.000747856	0.000558672	0	0.00131428	26	24	2	62	
2.1	2.2	7	21	59	3	155	408	146	384	0	0	0	0	2.63014	0.932285	2	4	
2.2	2.3	7	1	50	3	123	382	89	280	0	0	0	0	3.14607	0.99488	2	4	
2.2	2.3	5	2	40	3	792	108789	799	108530	0.000676062	0.000347846	0	0.00156428	135.832	113.677	2	704	
2.2	2.3	7	3	1	3	2	60	2	60	0.00118928	2.52536e-05	0.00117143	0.00120714	30	0	30	30	
2.2	2.3	2	4	2	3	3	63	3	63	0.000403571	0	0.000403571	0.000403571	21	0	21	21	
2.2	2.3	1	5	12	3	253	668	249	654	0	0	0	0	2.62651	0.929501	2	4	
2.2	2.3	2	6	3	3	3	63	3	63	0.000457142	0	0.000457142	0.000457142	21	0	21	21	
2.2	2.3	2	7	4	3	3	63	3	63	0.000510713	0	0.000510713	0.000510713	21	0	21	21	
2.2	2.3	1	8	1	3	24	14636	26	14711	0.00187143	0.00229758	0	0.00471429	565.808	712.241	2	1449	
2.2	2.3	5	9	33	3	170	552	136	442	0	0	0	0	3.25	0.971825	2	4	
2.2	2.3	2	10	5	3	3	63	3	63	0.000564284	0	0.000564284	0.000564284	21	0	21	21	
2.2	2.3	4	11	66	3	77	31105	68	32108	0.00136387	0.00210709	0	0.00471429	472.176	806.588	2	4342	
2.2	2.3	6	12	23	3	9	142	10	159	0.00033857	0.000291395	0	0.000564284	15.9	14.2786	2	49	
2.2	2.3	1	13	60	3	263	606	260	598	0	0	0	0	2.3	0.71552	2	4	
2.2	2.3	7	14	2	3	2	60	2	60	0.00126071	2.52536e-05	0.00124286	0.00127857	30	0	30	30	
2.2	2.3	7	15	3	3	2	60	2	60	0.000564284	0	0.000564284	0.000564284	30	0	30	30	
2.2	2.3	2	16	36	3	239	19375	173	18376	0.000543124	0.000544225	0	0.00277857	106.22	203.231	2	1370	
2.2	2.3	4	17	64	3	234	684	215	638	0	0	0	0	2.96744	1.0018	2	4	
2.2	2.3	8	18	15	3	385	39680	299	38524	0.000548709	0.000467449	0	0.00281428	128.843	157.474	2	743	
2.2	2.3	4	19	67	3	877	108645	815	92274	0.000683929	0.000413355	0	0.00274286	113.22	104.294	2	593	
2.2	2.3	3	20	2	3	5	130	5	130	0.000747856	0.000558672	0	0.00131428	26	24	2	62	
2.2	2.3	7	21	59	3	155	408	146	384	0	0	0	0	2.63014	0.932285	2	4	
2.3	2.4	3	1	35	3	128	398	95	298	0	0	0	0	3.13684	0.995848	2	4	
2.3	2.4	5	2	40	3	792	108789	799	108530	0.000676062	0.000347846	0	0.00156428	135.832	113.677	2	704	
2.3	2.4	7	3	1	3	2	60	2	60	0.00118928	2.52536e-05	0.00117143	0.00120714	30	0	30	30	
2.3	2.4	2	4	2	3	3	63	3	63	0.000403571	0	0.000403571	0.000403571	21	0	21	21	
2.3	2.4	1	5	12	3	260	682	257	670	0	0	0	0	2.607	0.921334	2	4	
2.3	2.4	2	6	3	3	3	63	3	63	0.000457142	0	0.000457142	0.000457142	21	0	21	21	
2.3	2.4	2	7	4	3	3	63	3	63	0.000510713	0	0.000510713	0.000510713	21	0	21	21	
2.3	2.4	1	8	1	3	28	16091	30	16166	0.00177905	0.0022766	0	0.00471429	538.867	704.519	2	1449	
2.3	2.4	4	9	71	3	177	570	144	464	0	0	0	0	3.22222	0.978399	2	4	
2.3	2.4	2	10	5	3	3	63	3	63	0.000564284	0	0.000564284	0.000564284	21	0	21	21	
2.3	2.4	4	11	76	3	79	31109	68	32108	0.00136387	0.00210709	0	0.00471429	472.176	806.588	2	4342	
2.3	2.4	6	12	23	3	9	142	10	159	0.00033857	0.000291395	0	0.000564284	15.9	14.2786	2	49	
2.3	2.4	3	13	37	3	277	638	275	632	0	0	0	0	2.29818	0.713655	2	4	
2.3	2.4	7	14	2	3	2	60	2	60	0.00126071	2.52536e-05	0.00124286	0.00127857	30	0	30	30	
2.3	2.4	7	15	3	3	2	60	2	60	0.000564284	0	0.000564284	0.000564284	30	0	30	30	
2.3	2.4	2	16	36	3	239	19375	173	18376	0.000543124	0.000544225	0	0.00277857	106.22	203.231	2	1370	
2.3	2.4	3	17	44	3	241	702	222	656	0	0	0	0	2.95495	1.00124	2	4	
2.3	2.4	8	18	15	3	385	39680	299	38524	0.000548709	0.000467449	0	0.00281428	128.843	157.474	2	743	
2.3	2.4	4	19	67	3	877	108645	815	92274	0.000683929	0.000413355	0	0.00274286	113.22	104.294	2	593	
2.3	2.4	3	20	2	3	5	130	5	130	0.000747856	0.000558672	0	0.00131428	26	24	2	62	
2.3	2.4	3	21	42	3	164	430	154	404	0	0	0	0	2.62338	0.929389	2	4	
2.4	2.5	3	1	35	3	134	410	100	308	0	0	0	0	3.08	1.00182	2	4	
2.4	2.5	5	2	40	3	792	108789	799	108530	0.000676062	0.000347846	0	0.00156428	135.832	113.677	2	704	
2.4	2.5	7	3	1	3	2	60	2	60	0.00118928	2.52536e-05	0.00117143	0.00120714	30	0	30	30	
2.4	2.5	2	4	2	3	3	63	3	63	0.000403571	0	0.000403571	0.000403571	21	0	21	21	
2.4	2.5	3	5	38	3	273	710	270	698	0	0	0	0	2.58519	0.911596	2	4	
2.4	2.5	2	6	3	3	3	63	3	63	0.000457142	0	0.000457142	0.000457142	21	0	21	21	
2.4	2.5	2	7	4	3	3	63	3	63	0.000510713	0	0.000510713	0.000510713	21	0	21	21	
2.4	2.5	1	8	1	3	28	16091	30	16166	0.00177905	0.0022766	0	0.00471429	538.867	704.519	2	1449	
2.4	2.5	4	9	71	3	185	600	152	494	0	0	0	0	3.25	0.971447	2	4	
2.4	2.5	2	10	5	3	3	63	3	63	0.000564284	0	0.000564284	0.000564284	21	0	21	21	
2.4	2.5	3	11	47	3	106	33534	70	32112	0.0013249	0.0020889	0	0.00471429	458.743	798.719	2	4342	
2.4	2.5	6	12	23	3	9	142	10	159	0.00033857	0.000291395	0	0.000564284	15.9	14.2786	2	49	
2.4	2.5	3	13	37	3	290	666	288	660	0	0	0	0	2.29167	0.707107	2	4	
2.4	2.5	7	14	2	3	2	60	2	60	0.00126071	2.52536e-05	0.00124286	0.00127857	30	0	30	30	
2.4	2.5	7	15	3	3	2	60	2	60	0.000564284	0	0.000564284	0.000564284	30	0	30	30	
2.4	2.5	2	16	36	3	239	19375	173	18376	0.000543124	0.000544225	0	0.00277857	106.22	203.231	2	1370	
2.4	2.5	3	17	44	3	250	734	231	688	0	0	0	0	2.97835	1.00194	2	4	
2.4	2.5	3	18	41	3	393	40571	299	38524	0.000548709	0.000467449	0	0.00281428	128.843	157.474	2	743	
2.4	2.5	4	19	67	3	877	108645	815	92274	0.000683929	0.000413355	0	0.00274286	113.22	104.294	2	593	
2.4	2.5	3	20	2	3	5	130	5	130	0.000747856	0.000558672	0	0.00131428	26	24	2	62	
2.4	2.5	3	21	42	3	173	448	164	424	0	0	0	0	2.58537	0.912775	2	4	
2.5	2.6	2	1	44	3	135	412	101	310	0	0	0	0	3.06931	1.00257	2	4	
2.5	2.6	5	2	40	3	792	108789	799	108530	0.000676062	0.000347846	0	0.00156428	135.832	113.677	2	704	
2.5	2.6	7	3	1	3	2	60	2	60	0.00118928	2.52536e-05	0.00117143	0.00120714	30	0	30	30	
2.5	2.6	2	4	2	3	3	63	3	63	0.000403571	0	0.000403571	0.000403571	21	0	21	21	
2.5	2.6	2	5	53	3	284	734	281	722	0	0	0	0	2.5694	0.904151	2	4	
2.5	2.6	2	6	3	3	3	63	3	63	0.000457142	0	0.000457142	0.000457142	21	0	21	21	
2.5	2.6	2	7	4	3	3	63	3	63	0.000510713	0	0.000510713	0.000510713	21	0	21	21	
2.5	2.6	1	8	1	3	28	16091	30	16166	0.00177905	0.0022766	0	0.00471429	538.867	704.519	2	1449	
2.5	2.6	4	9	71	3	194	636	161	530	0	0	0	0	3.29193	0.959425	2	4	
2.5	2.6	2	10	5	3	3	63	3	63	0.000564284	0	0.000564284	0.000564284	21	0	21	21	
2.5	2.6	6	11	35	3	129	47743	93	46321	0.00110326	0.00185628	0	0.00471429	498.075	758.815	2	4342	
2.5	2.6	6	12	23	3	9	142	10	159	0.00033857	0.000291395	0	0.000564284	15.9	14.2786	2	49	
2.5	2.6	2	13	47	3	304	700	302	694	0	0	0	0	2.29801	0.713372	2	4	
2.5	2.6	7	14	2	3	2	60	2	60	0.00126071	2.52536e-05	0.00124286	0.00127857	30	0	30	30	
2.5	2.6	7	15	3	3	2	60	2	60	0.000564284	0	0.000564284	0.000564284	30	0	30	30	
2.5	2.6	2	16	36	3	239	19375	173	18376	0.000543124	0.000544225	0	0.00277857	106.22	203.231	2	1370	
2.5	2.6	4	17	78	3	257	752	238	706	0	0	0	0	2.96639	1.00154	2	4	
2.5	2.6	2	18	48	3	395	40575	301	38528	0.000545063	0.000468023	0	0.00281428	128	157.287	2	743	
2.5	2.6	4	19	67	3	877	108645	815	92274	0.000683929	0.000413355	0	0.00274286	113.22	104.294	2	593	
2.5	2.6	3	20	2	3	5	130	5	130	0.000747856	0.000558672	0	0.00131428	26	24	2	62	
2.5	2.6	2	21	50	3	182	480	173	456	0	0	0	0	2.63584	0.934039	2	4	
2.6	2.7	2	1	44	3	138	418	101	310	0	0	0	0	3.06931	1.00257	2	4	
2.6	2.7	5	2	40	3	792	108789	799	108530	0.000676062	0.000347846	0	0.00156428	135.832	113.677	2	704	
2.6	2.7	7	3	1	3	2	60	2	60	0.00118928	2.52536e-05	0.00117143	0.00120714	30	0	30	30	
2.6	2.7	2	4	2	3	3	63	3	63	0.000403571	0	0.000403571	0.000403571	21	0	21	21	
2.6	2.7	1	5	53	3	296	770	293	758	0	0	0	0	2.58703	0.912303	2	4	
2.6	2.7	2	6	3	3	3	63	3	63	0.000457142	0	0.000457142	0.000457142	21	0	21	21	
2.6	2.7	2	7	4	3	3	63	3	63	0.000510713	0	0.000510713	0.000510713	21	0	21	21	
2.6	2.7	1	8	1	3	28	16091	30	16166	0.00177905	0.0022766	0	0.00471429	538.867	704.519	2	1449	
2.6	2.7	4	9	71	3	201	664	167	554	0	0	0	0	3.31737	0.951155	2	4	
2.6	2.7	2	10	5	3	3	63	3	63	0.000564284	0	0.000564284	0.000564284	21	0	21	21	
2.6	2.7	6	11	35	3	145	59355	108	56484	0.00102583	0.00174275	0	0.00471429	523	750.809	2	4342	
2.6	2.7	6	12	23	3	9	142	10	159	0.00033857	0.000291395	0	0.000564284	15.9	14.2786	2	49	
2.6	2.7	1	13	47	3	318	730	316	724	0	0	0	0	2.29114	0.706467	2	4	
2.6	2.7	7	14	2	3	2	60	2	60	0.00126071	2.52536e-05	0.00124286	0.00127857	30	0	30	30	
2.6	2.7	7	15	3	3	2	60	2	60	0.000564284	0	0.000564284	0.000564284	30	0	30	30	
2.6	2.7	6	16	39	3	240	19377	174	18378	0.000540003	0.000544209	0	0.00277857	105.621	202.797	2	1370	
2.6	2.7	4	17	78	3	260	764	240	714	0	0	0	0	2.975	1.00178	2	4	
2.6	2.7	2	18	48	3	399	40583	305	38536	0.000537915	0.000469065	0	0.00281428	126.348	156.907	2	743	
2.6	2.7	4	19	67	3	877	108645	815	92274	0.000683929	0.000413355	0	0.00274286	113.22	104.294	2	593	
2.6	2.7	3	20	2	3	5	130	5	130	0.000747856	0.000558672	0	0.00131428	26	24	2	62	
2.6	2.7	2	21	50	3	191	516	182	492	0	0	0	0	2.7033	0.957604	2	4	
2.7	2.8	7	1	61	3	146	444	109	336	0	0	0	0	3.08257	1.00119	2	4	
2.7	2.8	5	2	40	3	792	108789	799	108530	0.000676062	0.000347846	0	0.00156428	135.832	113.677	2	704	
2.7	2.8	7	3	1	3	2	60	2	60	0.00118928	2.52536e-05	0.00117143	0.00120714	30	0	30	30	
2.7	2.8	2	4	2	3	3	63	3	63	0.000403571	0	0.000403571	0.000403571	21	0	21	21	
2.7	2.8	1	5	12	3	310	806	307	794	0	0	0	0	2.58632	0.911908	2	4	
2.7	2.8	2	6	3	3	3	63	3	63	0.000457142	0	0.000457142	0.000457142	21	0	21	21	
2.7	2.8	2	7	4	3	3	63	3	63	0.000510713	0	0.000510713	0.000510713	21	0	21	21	
2.7	2.8	1	8	1	3	28	16091	30	16166	0.00177905	0.0022766	0	0.00471429	538.867	704.519	2	1449	
2.7	2.8	6	9	50	3	205	674	171	564	0	0	0	0	3.29825	0.957292	2	4	
2.7	2.8	2	10	5	3	3	63	3	63	0.000564284	0	0.000564284	0.000564284	21	0	21	21	
2.7	2.8	6	11	35	3	169	69554	133	68132	0.000935821	0.0015927	0	0.00471429	512.271	713.607	2	4342	
2.7	2.8	6	12	23	3	9	142	10	159	0.00033857	0.000291395	0	0.000564284	15.9	14.2786	2	49	
2.7	2.8	1	13	20	3	331	766	328	758	0	0	0	0	2.31098	0.725845	2	4	
2.7	2.8	7	14	2	3	2	60	2	60	0.00126071	2.52536e-05	0.00124286	0.00127857	30	0	30	30	
2.7	2.8	7	15	3	3	2	60	2	60	0.000564284	0	0.000564284	0.000564284	30	0	30	30	
2.7	2.8	6	16	39	3	243	19383	177	18384	0.00053085	0.00054406	0	0.00277857	103.864	201.508	2	1370	
2.7	2.8	6	17	44	3	261	766	241	716	0	0	0	0	2.97095	1.00166	2	4	
2.7	2.8	6	18	47	3	404	40887	305	38536	0.000537915	0.000469065	0	0.00281428	126.348	156.907	2	743	
2.7	2.8	4	19	67	3	877	108645	815	92274	0.000683929	0.000413355	0	0.00274286	113.22	104.294	2	593	
2.7	2.8	3	20	2	3	5	130	5	130	0.000747856	0.000558672	0	0.00131428	26	24	2	62	
2.7	2.8	7	21	70	3	193	522	183	496	0	0	0	0	2.71038	0.959768	2	4	
2.8	2.9	7	1	61	3	156	472	119	364	0	0	0	0	3.05882	1.00249	2	4	
2.8	2.9	5	2	40	3	792	108789	799	108530	0.000676062	0.000347846	0	0.00156428	135.832	113.677	2	704	
2.8	2.9	7	3	1	3	2	60	2	60	0.00118928	2.52536e-05	0.00117143	0.00120714	30	0	30	30	
2.8	2.9	2	4	2	3	3	63	3	63	0.000403571	0	0.000403571	0.000403571	21	0	21	21	
2.8	2.9	7	5	64	3	322	838	318	824	0	0	0	0	2.59119	0.91406	2	4	
2.8	2.9	2	6	3	3	3	63	3	63	0.000457142	0	0.000457142	0.000457142	21	0	21	21	
2.8	2.9	2	7	4	3	3	63	3	63	0.000510713	0	0.000510713	0.000510713	21	0	21	21	
2.8	2.9	1	8	1	3	28	16091	30	16166	0.00177905	0.0022766	0	0.00471429	538.867	704.519	2	1449	
2.8	2.9	6	9	50	3	208	680	173	568	0	0	0	0	3.28324	0.961834	2	4	
2.8	2.9	2	10	5	3	3	63	3	63	0.000564284	0	0.000564284	0.000564284	21	0	21	21	
2.8	2.9	6	11	35	3	184	79719	148	78297	0.000875361	0.00152203	0	0.00471429	529.034	709.711	2	4342	
2.8	2.9	6	12	23	3	9	142	10	159	0.00033857	0.000291395	0	0.000564284	15.9	14.2786	2	49	
2.8	2.9	1	13	54	3	340	792	337	784	0	0	0	0	2.32641	0.740204	2	4	
2.8	2.9	7	14	2	3	2	60	2	60	0.00126071	2.52536e-05	0.00124286	0.00127857	30	0	30	30	
2.8	2.9	7	15	3	3	2	60	2	60	0.000564284	0	0.000564284	0.000564284	30	0	30	30	
2.8	2.9	6	16	39	3	245	19387	179	18388	0.000524919	0.000543881	0	0.00277857	102.726	200.66	2	1370	
2.8	2.9	6	17	44	3	261	766	241	716	0	0	0	0	2.97095	1.00166	2	4	
2.8	2.9	7	18	71	3	407	40893	308	38542	0.000532675	0.000469757	0	0.00281428	125.136	156.617	2	743	
2.8	2.9	4	19	67	3	877	108645	815	92274	0.000683929	0.000413355	0	0.00274286	113.22	104.294	2	593	
2.8	2.9	3	20	2	3	5	130	5	130	0.000747856	0.000558672	0	0.00131428	26	24	2	62	
2.8	2.9	7	21	70	3	195	526	183	496	0	0	0	0	2.71038	0.959768	2	4	
2.9	3	3	1	51	3	161	482	119	364	0	0	0	0	3.05882	1.00249	2	4	
2.9	3	5	2	40	3	792	108789	799	108530	0.000676062	0.000347846	0	0.00156428	135.832	113.677	2	704	
2.9	3	7	3	1	3	2	60	2	60	0.00118928	2.52536e-05	0.00117143	0.00120714	30	0	30	30	
2.9	3	2	4	2	3	3	63	3	63	0.000403571	0	0.000403571	0.000403571	21	0	21	21	
2.9	3	3	5	55	3	335	878	332	866	0	0	0	0	2.60843	0.921539	2	4	
2.9	3	2	6	3	3	3	63	3	63	0.000457142	0	0.000457142	0.000457142	21	0	21	21	
2.9	3	2	7	4	3	3	63	3	63	0.000510713	0	0.000510713	0.000510713	21	0	21	21	
2.9	3	1	8	1	3	28	16091	30	16166	0.00177905	0.0022766	0	0.00471429	538.867	704.519	2	1449	
2.9	3	3	9	62	3	210	684	175	572	0	0	0	0	3.26857	0.966024	2	4	
2.9	3	2	10	5	3	3	63	3	63	0.000564284	0	0.000564284	0.000564284	21	0	21	21	
2.9	3	6	11	35	3	186	81172	149	79578	0.000878307	0.00151731	0	0.00471429	534.081	709.987	2	4342	
2.9	3	6	12	23	3	9	142	10	159	0.00033857	0.000291395	0	0.000564284	15.9	14.2786	2	49	
2.9	3	3	13	68	3	353	818	351	812	0	0	0	0	2.31339	0.728064	2	4	
2.9	3	7	14	2	3	2	60	2	60	0.00126071	2.52536e-05	0.00124286	0.00127857	30	0	30	30	
2.9	3	7	15	3	3	2	60	2	60	0.000564284	0	0.000564284	0.000564284	30	0	30	30	
2.9	3	3	16	70	3	301	20449	179	18388	0.000524919	0.000543881	0	0.00277857	102.726	200.66	2	1370	
2.9	3	3	17	71	3	269	782	249	732	0	0	0	0	2.93976	1.00019	2	4	
2.9	3	3	18	59	3	409	40897	310	38546	0.000529239	0.000470179	0	0.00281428	124.342	156.422	2	743	
2.9	3	4	19	67	3	877	108645	815	92274	0.000683929	0.000413355	0	0.00274286	113.22	104.294	2	593	
2.9	3	3	20	2	3	5	130	5	130	0.000747856	0.000558672	0	0.00131428	26	24	2	62	
2.9	3	3	21	65	3	203	544	191	514	0	0	0	0	2.6911	0.953594	2	4	
3	3.1	3	1	51	3	163	486	119	364	0	0	0	0	3.05882	1.00249	2	4	
3	3.1	3	2	52	3	797	108858	799	108530	0.000676062	0.000347846	0	0.00156428	135.832	113.677	2	704	
3	3.1	7	3	1	3	2	60	2	60	0.00118928	2.52536e-05	0.00117143	0.00120714	30	0	30	30	
3	3.1	2	4	2	3	3	63	3	63	0.000403571	0	0.000403571	0.000403571	21	0	21	21	
3	3.1	3	5	55	3	348	912	345	900	0	0	0	0	2.6087	0.921598	2	4	
3	3.1	2	6	3	3	3	63	3	63	0.000457142	0	0.000457142	0.000457142	21	0	21	21	
3	3.1	2	7	4	3	3	63	3	63	0.000510713	0	0.000510713	0.000510713	21	0	21	21	
3	3.1	1	8	1	3	28	16091	30	16166	0.00177905	0.0022766	0	0.00471429	538.867	704.519	2	1449	
3	3.1	3	9	62	3	210	684	175	572	0	0	0	0	3.26857	0.966024	2	4	
3	3.1	2	10	5	3	3	63	3	63	0.000564284	0	0.000564284	0.000564284	21	0	21	21	
3	3.1	6	11	35	3	186	81172	149	79578	0.000878307	0.00151731	0	0.00471429	534.081	709.987	2	4342	
3	3.1	6	12	23	3	9	142	10	159	0.00033857	0.000291395	0	0.000564284	15.9	14.2786	2	49	
3	3.1	3	13	68	3	367	848	365	842	0	0	0	0	2.30685	0.721782	2	4	
3	3.1	7	14	2	3	2	60	2	60	0.00126071	2.52536e-05	0.00124286	0.00127857	30	0	30	30	
3	3.1	7	15	3	3	2	60	2	60	0.000564284	0	0.000564284	0.000564284	30	0	30	30	
3	3.1	3	16	70	3	303	20459	179	18388	0.000524919	0.000543881	0	0.00277857	102.726	200.66	2	1370	
3	3.1	3	17	71	3	279	802	259	752	0	0	0	0	2.90347	0.997258	2	4	
3	3.1	3	18	59	3	411	40901	312	38550	0.000525846	0.00047057	0	0.00281428	123.558	156.224	2	743	
3	3.1	3	19	61	3	879	108649	817	92278	0.000682255	0.000414231	0	0.00274286	112.947	104.312	2	593	
3	3.1	3	20	2	3	5	130	5	130	0.000747856	0.000558672	0	0.00131428	26	24	2	62	
3	3.1	3	21	65	3	211	560	199	530	0	0	0	0	2.66332	0.943993	2	4	
3.1	3.2	7	1	74	3	171	512	127	390	0	0	0	0	3.07087	1.00144	2	4	
3.1	3.2	5	2	36	3	1052	140260	1047	139848	0.000669346	0.000334502	0	0.00156428	133.57	105.018	2	704	
3.1	3.2	7	3	75	3	3	62	3	62	0.000792857	0.000686866	0	0.00120714	20.6667	16.1658	2	30	
3.1	3.2	2	4	2	3	3	63	3	63	0.000403571	0	0.000403571	0.000403571	21	0	21	21	
3.1	3.2	1	5	12	3	352	920	349	908	0	0	0	0	2.60172	0.918581	2	4	
3.1	3.2	5	6	38	3	7	137	7	137	0.000605101	0.000299644	0.000457142	0.00127857	19.5714	9.28901	12	38	
3.1	3.2	5	7	39	3	4	65	3	63	0.000510713	0	0.000510713	0.000510713	21	0	21	21	
3.1	3.2	1	8	1	3	28	16091	30	16166	0.00177905	0.0022766	0	0.00471429	538.867	704.519	2	1449	
3.1	3.2	5	9	41	3	219	706	183	590	0	0	0	0	3.22404	0.977253	2	4	
3.1	3.2	7	10	77	3	7	187	7	187	0.00158877	0.00214999	0	0.00471429	26.7143	24.3017	2	62	
3.1	3.2	6	11	35	3	186	81172	149	79578	0.000878307	0.00151731	0	0.00471429	534.081	709.987	2	4342	
3.1	3.2	6	12	23	3	9	142	10	159	0.00033857	0.000291395	0	0.000564284	15.9	14.2786	2	49	
3.1	3.2	1	13	20	3	376	866	373	858	0	0	0	0	2.30027	0.715365	2	4	
3.1	3.2	3	14	69	3	5	124	5	124	0.00110357	0.000322023	0.00052857	0.00127857	24.8	12.3774	12	40	
3.1	3.2	3	15	57	3	7	120	2	60	0.000564284	0	0.000564284	0.000564284	30	0	30	30	
3.1	3.2	3	16	70	3	303	20459	179	18388	0.000524919	0.000543881	0	0.00277857	102.726	200.66	2	1370	
3.1	3.2	5	17	45	3	289	830	269	780	0	0	0	0	2.89963	0.996805	2	4	
3.1	3.2	7	18	81	3	413	40905	314	38554	0.000522497	0.000470932	0	0.00281428	122.783	156.025	2	743	
3.1	3.2	3	19	61	3	879	108649	817	92278	0.000682255	0.000414231	0	0.00274286	112.947	104.312	2	593	
3.1	3.2	3	20	2	3	5	130	5	130	0.000747856	0.000558672	0	0.00131428	26	24	2	62	
3.1	3.2	3	21	84	3	212	562	200	532	0	0	0	0	2.66	0.942785	2	4	
3.2	3.3	7	1	74	3	174	524	129	398	0	0	0	0	3.08527	1.00024	2	4	
3.2	3.3	5	2	36	3	1077	143344	1072	142932	0.000667299	0.000334359	0	0.00156428	133.332	104.845	2	704	
3.2	3.3	7	3	75	3	3	62	3	62	0.000792857	0.000686866	0	0.00120714	20.6667	16.1658	2	30	
3.2	3.3	2	4	2	3	3	63	3	63	0.000403571	0	0.000403571	0.000403571	21	0	21	21	
3.2	3.3	1	5	12	3	357	930	354	918	0	0	0	0	2.59322	0.914819	2	4	
3.2	3.3	5	6	38	3	7	137	7	137	0.000605101	0.000299644	0.000457142	0.00127857	19.5714	9.28901	12	38	
3.2	3.3	5	7	39	3	4	65	3	63	0.000510713	0	0.000510713	0.000510713	21	0	21	21	
3.2	3.3	1	8	1	3	28	16091	30	16166	0.00177905	0.0022766	0	0.00471429	538.867	704.519	2	1449	
3.2	3.3	5	9	41	3	228	738	193	626	0	0	0	0	3.24352	0.972418	2	4	
3.2	3.3	7	10	77	3	7	187	7	187	0.00158877	0.00214999	0	0.00471429	26.7143	24.3017	2	62	
3.2	3.3	5	11	42	3	187	81174	150	79580	0.000872452	0.00151391	0	0.00471429	530.533	708.933	2	4342	
3.2	3.3	6	12	23	3	9	142	10	159	0.00033857	0.000291395	0	0.000564284	15.9	14.2786	2	49	
3.2	3.3	1	13	20	3	385	886	380	874	0	0	0	0	2.3	0.715084	2	4	
3.2	3.3	3	14	69	3	5	124	5	124	0.00110357	0.000322023	0.00052857	0.00127857	24.8	12.3774	12	40	
3.2	3.3	3	15	57	3	7	120	2	60	0.000564284	0	0.000564284	0.000564284	30	0	30	30	
3.2	3.3	3	16	70	3	303	20459	179	18388	0.000524919	0.000543881	0	0.00277857	102.726	200.66	2	1370	
3.2	3.3	5	17	45	3	298	866	277	812	0	0	0	0	2.93141	0.99945	2	4	
3.2	3.3	7	18	81	3	415	40909	316	38558	0.00051919	0.000471265	0	0.00281428	122.019	155.825	2	743	
3.2	3.3	7	19	82	3	882	108869	817	92278	0.000682255	0.000414231	0	0.00274286	112.947	104.312	2	593	
3.2	3.3	5	20	46	3	7	134	5	130	0.000747856	0.000558672	0	0.00131428	26	24	2	62	
3.2	3.3	3	21	84	3	212	562	200	532	0	0	0	0	2.66	0.942785	2	4	
3.3	3.4	2	1	56	3	180	538	134	410	0	0	0	0	3.0597	1.00196	2	4	
3.3	3.4	5	2	36	3	1077	143344	1072	142932	0.000667299	0.000334359	0	0.00156428	133.332	104.845	2	704	
3.3	3.4	7	3	75	3	3	62	3	62	0.000792857	0.000686866	0	0.00120714	20.6667	16.1658	2	30	
3.3	3.4	2	4	59	3	5	67	5	67	0.000242143	0.000221045	0	0.000403571	13.4	10.4067	2	21	
3.3	3.4	1	5	12	3	367	954	364	942	0	0	0	0	2.58791	0.912398	2	4	
3.3	3.4	5	6	38	3	7	137	7	137	0.000605101	0.000299644	0.000457142	0.00127857	19.5714	9.28901	12	38	
3.3	3.4	5	7	39	3	4	65	3	63	0.000510713	0	0.000510713	0.000510713	21	0	21	21	
3.3	3.4	1	8	1	3	28	16091	30	16166	0.00177905	0.0022766	0	0.00471429	538.867	704.519	2	1449	
3.3	3.4	2	9	66	3	237	766	202	654	0	0	0	0	3.23762	0.973771	2	4	
3.3	3.4	7	10	77	3	7	187	7	187	0.00158877	0.00214999	0	0.00471429	26.7143	24.3017	2	62	
3.3	3.4	5	11	42	3	187	81174	150	79580	0.000872452	0.00151391	0	0.00471429	530.533	708.933	2	4342	
3.3	3.4	6	12	23	3	9	142	10	159	0.00033857	0.000291395	0	0.000564284	15.9	14.2786	2	49	
3.3	3.4	2	13	64	3	398	912	394	902	0	0	0	0	2.28934	0.70443	2	4	
3.3	3.4	3	14	69	3	5	124	5	124	0.00110357	0.000322023	0.00052857	0.00127857	24.8	12.3774	12	40	
3.3	3.4	3	15	57	3	7	120	2	60	0.000564284	0	0.000564284	0.000564284	30	0	30	30	
3.3	3.4	3	16	70	3	303	20459	179	18388	0.000524919	0.000543881	0	0.00277857	102.726	200.66	2	1370	
3.3	3.4	2	17	65	3	308	902	287	848	0	0	0	0	2.9547	1.00072	2	4	
3.3	3.4	8	18	23	3	417	40913	318	38562	0.000515924	0.000471572	0	0.00281428	121.264	155.623	2	743	
3.3	3.4	8	19	24	3	885	108875	820	92284	0.000679759	0.000415521	0	0.00274286	112.541	104.336	2	593	
3.3	3.4	6	20	58	3	16	609	8	442	0.000960266	0.000514092	0	0.00131428	55.25	44.2582	2	104	
3.3	3.4	8	21	25	3	216	570	204	540	0	0	0	0	2.64706	0.937947	2	4	
3.4	3.5	2	1	56	3	190	558	144	430	0	0	0	0	2.98611	1.00339	2	4	
3.4	3.5	2	2	57	3	1079	143348	1074	142936	0.000666057	0.000335285	0	0.00156428	133.088	104.9	2	704	
3.4	3.5	7	3	75	3	3	62	3	62	0.000792857	0.000686866	0	0.00120714	20.6667	16.1658	2	30	
3.4	3.5	2	4	59	3	5	67	5	67	0.000242143	0.000221045	0	0.000403571	13.4	10.4067	2	21	
3.4	3.5	1	5	12	3	373	968	370	956	0	0	0	0	2.58378	0.910497	2	4	
3.4	3.5	5	6	38	3	7	137	7	137	0.000605101	0.000299644	0.000457142	0.00127857	19.5714	9.28901	12	38	
3.4	3.5	5	7	39	3	4	65	3	63	0.000510713	0	0.000510713	0.000510713	21	0	21	21	
3.4	3.5	1	8	1	3	28	16091	30	16166	0.00177905	0.0022766	0	0.00471429	538.867	704.519	2	1449	
3.4	3.5	2	9	66	3	246	800	211	688	0	0	0	0	3.26066	0.967726	2	4	
3.4	3.5	7	10	77	3	7	187	7	187	0.00158877	0.00214999	0	0.00471429	26.7143	24.3017	2	62	
3.4	3.5	5	11	42	3	187	81174	150	79580	0.000872452	0.00151391	0	0.00471429	530.533	708.933	2	4342	
3.4	3.5	6	12	23	3	9	142	10	159	0.00033857	0.000291395	0	0.000564284	15.9	14.2786	2	49	
3.4	3.5	1	13	64	3	412	940	408	930	0	0	0	0	2.27941	0.694215	2	4	
3.4	3.5	3	14	69	3	5	124	5	124	0.00110357	0.000322023	0.00052857	0.00127857	24.8	12.3774	12	40	
3.4	3.5	3	15	57	3	7	120	2	60	0.000564284	0	0.000564284	0.000564284	30	0	30	30	
3.4	3.5	3	16	70	3	303	20459	179	18388	0.000524919	0.000543881	0	0.00277857	102.726	200.66	2	1370	
3.4	3.5	2	17	65	3	317	932	296	878	0	0	0	0	2.96622	1.00112	2	4	
3.4	3.5	8	18	23	3	417	40913	318	38562	0.000515924	0.000471572	0	0.00281428	121.264	155.623	2	743	
3.4	3.5	8	19	24	3	888	108881	823	92290	0.000677281	0.000416783	0	0.00274286	112.139	104.358	2	593	
3.4	3.5	8	20	26	3	18	613	10	446	0.000768213	0.000607857	0	0.00131428	44.6	45.0289	2	104	
3.4	3.5	8	21	25	3	221	580	209	550	0	0	0	0	2.63158	0.931891	2	4	
3.5	3.6	7	1	86	3	194	570	148	442	0	0	0	0	2.98649	1.0033	2	4	
3.5	3.6	2	2	57	3	1079	143348	1074	142936	0.000666057	0.000335285	0	0.00156428	133.088	104.9	2	704	
3.5	3.6	7	3	75	3	3	62	3	62	0.000792857	0.000686866	0	0.00120714	20.6667	16.1658	2	30	
3.5	3.6	2	4	59	3	5	67	5	67	0.000242143	0.000221045	0	0.000403571	13.4	10.4067	2	21	
3.5	3.6	1	5	72	3	387	1008	384	996	0	0	0	0	2.59375	0.914954	2	4	
3.5	3.6	5	6	38	3	7	137	7	137	0.000605101	0.000299644	0.000457142	0.00127857	19.5714	9.28901	12	38	
3.5	3.6	5	7	39	3	4	65	3	63	0.000510713	0	0.000510713	0.000510713	21	0	21	21	
3.5	3.6	1	8	1	3	28	16091	30	16166	0.00177905	0.0022766	0	0.00471429	538.867	704.519	2	1449	
3.5	3.6	7	9	97	3	248	804	213	692	0	0	0	0	3.24883	0.97083	2	4	
3.5	3.6	7	10	77	3	7	187	7	187	0.00158877	0.00214999	0	0.00471429	26.7143	24.3017	2	62	
3.5	3.6	5	11	42	3	187	81174	150	79580	0.000872452	0.00151391	0	0.00471429	530.533	708.933	2	4342	
3.5	3.6	6	12	23	3	9	142	10	159	0.00033857	0.000291395	0	0.000564284	15.9	14.2786	2	49	
3.5	3.6	1	13	85	3	423	962	419	952	0	0	0	0	2.27208	0.686478	2	4	
3.5	3.6	3	14	69	3	5	124	5	124	0.00110357	0.000322023	0.00052857	0.00127857	24.8	12.3774	12	40	
3.5	3.6	3	15	57	3	7	120	2	60	0.000564284	0	0.000564284	0.000564284	30	0	30	30	
3.5	3.6	3	16	70	3	303	20459	179	18388	0.000524919	0.000543881	0	0.00277857	102.726	200.66	2	1370	
3.5	3.6	3	17	81	3	327	960	306	906	0	0	0	0	2.96078	1.00087	2	4	
3.5	3.6	8	18	23	3	417	40913	318	38562	0.000515924	0.000471572	0	0.00281428	121.264	155.623	2	743	
3.5	3.6	3	19	78	3	893	108891	828	92300	0.000673191	0.000418825	0	0.00274286	111.473	104.392	2	593	
3.5	3.6	3	20	84	3	22	621	14	454	0.000548724	0.00062089	0	0.00131428	32.4286	42.4567	2	104	
3.5	3.6	3	21	82	3	229	602	217	572	0	0	0	0	2.63594	0.933531	2	4	
3.6	3.7	7	1	86	3	198	584	152	456	0	0	0	0	3	1.00331	2	4	
3.6	3.7	2	2	57	3	1079	143348	1074	142936	0.000666057	0.000335285	0	0.00156428	133.088	104.9	2	704	
3.6	3.7	7	3	75	3	3	62	3	62	0.000792857	0.000686866	0	0.00120714	20.6667	16.1658	2	30	
3.6	3.7	2	4	59	3	5	67	5	67	0.000242143	0.000221045	0	0.000403571	13.4	10.4067	2	21	
3.6	3.7	3	5	72	3	400	1052	397	1040	0	0	0	0	2.61965	0.926009	2	4	
3.6	3.7	5	6	38	3	7	137	7	137	0.000605101	0.000299644	0.000457142	0.00127857	19.5714	9.28901	12	38	
3.6	3.7	5	7	39	3	4	65	3	63	0.000510713	0	0.000510713	0.000510713	21	0	21	21	
3.6	3.7	1	8	1	3	28	16091	30	16166	0.00177905	0.0022766	0	0.00471429	538.867	704.519	2	1449	
3.6	3.7	7	9	97	3	249	806	214	694	0	0	0	0	3.24299	0.972303	2	4	
3.6	3.7	7	10	77	3	7	187	7	187	0.00158877	0.00214999	0	0.00471429	26.7143	24.3017	2	62	
3.6	3.7	7	11	98	3	191	81278	151	79582	0.000866674	0.00151052	0	0.00471429	527.033	707.874	2	4342	
3.6	3.7	6	12	23	3	9	142	10	159	0.00033857	0.000291395	0	0.000564284	15.9	14.2786	2	49	
3.6	3.7	3	13	85	3	436	988	432	978	0	0	0	0	2.26389	0.677645	2	4	
3.6	3.7	3	14	69	3	5	124	5	124	0.00110357	0.000322023	0.00052857	0.00127857	24.8	12.3774	12	40	
3.6	3.7	3	15	57	3	7	120	2	60	0.000564284	0	0.000564284	0.000564284	30	0	30	30	
3.6	3.7	3	16	70	3	303	20459	179	18388	0.000524919	0.000543881	0	0.00277857	102.726	200.66	2	1370	
3.6	3.7	3	17	81	3	336	978	315	924	0	0	0	0	2.93333	0.999363	2	4	
3.6	3.7	8	18	23	3	417	40913	318	38562	0.000515924	0.000471572	0	0.00281428	121.264	155.623	2	743	
3.6	3.7	3	19	78	3	898	108901	832	92308	0.000669955	0.000420406	0	0.00274286	110.947	104.416	2	593	
3.6	3.7	3	20	84	3	25	627	17	460	0.00045189	0.000599763	0	0.00131428	27.0588	40.0944	2	104	
3.6	3.7	3	21	82	3	239	622	227	592	0	0	0	0	2.60793	0.921968	2	4	
3.7	3.8	2	1	67	3	204	596	157	466	0	0	0	0	2.96815	1.00269	2	4	
3.7	3.8	2	2	57	3	1079	143348	1074	142936	0.000666057	0.000335285	0	0.00156428	133.088	104.9	2	704	
3.7	3.8	7	3	75	3	3	62	3	62	0.000792857	0.000686866	0	0.00120714	20.6667	16.1658	2	30	
3.7	3.8	2	4	73	3	14	1547	21	2125	0.000272618	0.000271588	0	0.000564284	101.19	167.532	2	582	
3.7	3.8	2	5	68	3	415	1092	412	1080	0	0	0	0	2.62136	0.926669	2	4	
3.7	3.8	5	6	38	3	7	137	7	137	0.000605101	0.000299644	0.000457142	0.00127857	19.5714	9.28901	12	38	
3.7	3.8	5	7	39	3	4	65	3	63	0.000510713	0	0.000510713	0.000510713	21	0	21	21	
3.7	3.8	1	8	1	3	28	16091	30	16166	0.00177905	0.0022766	0	0.00471429	538.867	704.519	2	1449	
3.7	3.8	2	9	79	3	258	826	223	714	0	0	0	0	3.20179	0.981631	2	4	
3.7	3.8	7	10	77	3	7	187	7	187	0.00158877	0.00214999	0	0.00471429	26.7143	24.3017	2	62	
3.7	3.8	7	11	98	3	191	81278	151	79582	0.000866674	0.00151052	0	0.00471429	527.033	707.874	2	4342	
3.7	3.8	6	12	23	3	9	142	10	159	0.00033857	0.000291395	0	0.000564284	15.9	14.2786	2	49	
3.7	3.8	1	13	74	3	451	1018	447	1008	0	0	0	0	2.25503	0.667849	2	4	
3.7	3.8	3	14	69	3	5	124	5	124	0.00110357	0.000322023	0.00052857	0.00127857	24.8	12.3774	12	40	
3.7	3.8	3	15	57	3	7	120	2	60	0.000564284	0	0.000564284	0.000564284	30	0	30	30	
3.7	3.8	3	16	70	3	303	20459	179	18388	0.000524919	0.000543881	0	0.00277857	102.726	200.66	2	1370	
3.7	3.8	2	17	78	3	344	994	323	940	0	0	0	0	2.91022	0.997507	2	4	
3.7	3.8	8	18	23	3	417	40913	318	38562	0.000515924	0.000471572	0	0.00281428	121.264	155.623	2	743	
3.7	3.8	2	19	82	3	903	108911	837	92318	0.000665953	0.000422318	0	0.00274286	110.296	104.442	2	593	
3.7	3.8	2	20	84	3	28	633	20	466	0.000384107	0.000574739	0	0.00131428	23.3	37.9211	2	104	
3.7	3.8	2	21	86	3	244	634	232	604	0	0	0	0	2.60345	0.919997	2	4	
3.8	3.9	2	1	67	3	209	606	162	476	0	0	0	0	2.93827	1.00119	2	4	
3.8	3.9	2	2	57	3	1079	143348	1074	142936	0.000666057	0.000335285	0	0.00156428	133.088	104.9	2	704	
3.8	3.9	7	3	75	3	3	62	3	62	0.000792857	0.000686866	0	0.00120714	20.6667	16.1658	2	30	
3.8	3.9	2	4	73	3	14	1547	21	2125	0.000272618	0.000271588	0	0.000564284	101.19	167.532	2	582	
3.8	3.9	1	5	68	3	429	1138	425	1122	0	0	0	0	2.64	0.934052	2	4	
3.8	3.9	5	6	38	3	7	137	7	137	0.000605101	0.000299644	0.000457142	0.00127857	19.5714	9.28901	12	38	
3.8	3.9	5	7	39	3	4	65	3	63	0.000510713	0	0.000510713	0.000510713	21	0	21	21	
3.8	3.9	2	8	70	3	56	17647	58	17722	0.00121662	0.00173202	0	0.00471429	305.552	559.053	2	1449	
3.8	3.9	2	9	79	3	267	844	231	730	0	0	0	0	3.16017	0.989232	2	4	
3.8	3.9	7	10	77	3	7	187	7	187	0.00158877	0.00214999	0	0.00471429	26.7143	24.3017	2	62	
3.8	3.9	7	11	98	3	191	81278	151	79582	0.000866674	0.00151052	0	0.00471429	527.033	707.874	2	4342	
3.8	3.9	6	12	23	3	9	142	10	159	0.00033857	0.000291395	0	0.000564284	15.9	14.2786	2	49	
3.8	3.9	1	13	74	3	465	1046	460	1034	0	0	0	0	2.24783	0.659682	2	4	
3.8	3.9	3	14	69	3	5	124	5	124	0.00110357	0.000322023	0.00052857	0.00127857	24.8	12.3774	12	40	
3.8	3.9	3	15	57	3	7	120	2	60	0.000564284	0	0.000564284	0.000564284	30	0	30	30	
3.8	3.9	3	16	70	3	303	20459	179	18388	0.000524919	0.000543881	0	0.00277857	102.726	200.66	2	1370	
3.8	3.9	2	17	78	3	354	1016	333	962	0	0	0	0	2.88889	0.995304	2	4	
3.8	3.9	8	18	23	3	417	40913	318	38562	0.000515924	0.000471572	0	0.00281428	121.264	155.623	2	743	
3.8	3.9	2	19	82	3	923	109140	839	92322	0.000664365	0.000423063	0	0.00274286	110.038	104.451	2	593	
3.8	3.9	2	20	84	3	30	637	22	470	0.000349188	0.000558246	0	0.00131428	21.3636	36.6106	2	104	
3.8	3.9	2	21	86	3	249	646	237	616	0	0	0	0	2.59916	0.918085	2	4	
3.9	4	2	1	67	3	218	624	171	494	0	0	0	0	2.88889	0.996727	2	4	
3.9	4	2	2	57	3	1079	143348	1074	142936	0.000666057	0.000335285	0	0.00156428	133.088	104.9	2	704	
3.9	4	7	3	75	3	3	62	3	62	0.000792857	0.000686866	0	0.00120714	20.6667	16.1658	2	30	
3.9	4	2	4	73	3	14	1547	21	2125	0.000272618	0.000271588	0	0.000564284	101.19	167.532	2	582	
3.9	4	1	5	12	3	443	1172	438	1154	0	0	0	0	2.6347	0.931956	2	4	
3.9	4	5	6	38	3	7	137	7	137	0.000605101	0.000299644	0.000457142	0.00127857	19.5714	9.28901	12	38	
3.9	4	5	7	39	3	4	65	3	63	0.000510713	0	0.000510713	0.000510713	21	0	21	21	
3.9	4	2	8	70	3	84	20651	97	21451	0.000938769	0.00140285	0	0.00471429	221.144	444.634	2	1449	
3.9	4	2	9	79	3	275	860	239	746	0	0	0	0	3.12134	0.994694	2	4	
3.9	4	7	10	77	3	7	187	7	187	0.00158877	0.00214999	0	0.00471429	26.7143	24.3017	2	62	
3.9	4	7	11	98	3	191	81278	151	79582	0.000866674	0.00151052	0	0.00471429	527.033	707.874	2	4342	
3.9	4	6	12	23	3	9	142	10	159	0.00033857	0.000291395	0	0.000564284	15.9	14.2786	2	49	
3.9	4	2	13	74	3	480	1076	475	1064	0	0	0	0	2.24	0.650608	2	4	
3.9	4	3	14	69	3	5	124	5	124	0.00110357	0.000322023	0.00052857	0.00127857	24.8	12.3774	12	40	
3.9	4	3	15	57	3	7	120	2	60	0.000564284	0	0.000564284	0.000564284	30	0	30	30	
3.9	4	3	16	70	3	303	20459	179	18388	0.000524919	0.000543881	0	0.00277857	102.726	200.66	2	1370	
3.9	4	2	17	78	3	359	1026	338	972	0	0	0	0	2.87574	0.993721	2	4	
3.9	4	8	18	23	3	417	40913	318	38562	0.000515924	0.000471572	0	0.00281428	121.264	155.623	2	743	
3.9	4	2	19	82	3	1108	117785	839	92322	0.000664365	0.000423063	0	0.00274286	110.038	104.451	2	593	
3.9	4	2	20	84	3	30	637	22	470	0.000349188	0.000558246	0	0.00131428	21.3636	36.6106	2	104	
3.9	4	2	21	88	3	252	652	240	622	0	0	0	0	2.59167	0.914741	2	4	
4	4.1	2	1	67	3	226	640	179	510	0	0	0	0	2.84916	0.991331	2	4	
4	4.1	2	2	57	3	1079	143348	1074	142936	0.000666057	0.000335285	0	0.00156428	133.088	104.9	2	704	
4	4.1	7	3	75	3	3	62	3	62	0.000792857	0.000686866	0	0.00120714	20.6667	16.1658	2	30	
4	4.1	2	4	73	3	14	1547	21	2125	0.000272618	0.000271588	0	0.000564284	101.19	167.532	2	582	
4	4.1	1	5	82	3	451	1188	447	1172	0	0	0	0	2.62192	0.926812	2	4	
4	4.1	5	6	38	3	7	137	7	137	0.000605101	0.000299644	0.000457142	0.00127857	19.5714	9.28901	12	38	
4	4.1	5	7	39	3	4	65	3	63	0.000510713	0	0.000510713	0.000510713	21	0	21	21	
4	4.1	4	8	83	3	91	22120	106	23128	0.000884669	0.00135554	0	0.00471429	218.189	433.561	2	1449	
4	4.1	2	9	79	3	284	880	247	764	0	0	0	0	3.09312	0.997677	2	4	
4	4.1	7	10	77	3	7	187	7	187	0.00158877	0.00214999	0	0.00471429	26.7143	24.3017	2	62	
4	4.1	7	11	98	3	191	81278	151	79582	0.000866674	0.00151052	0	0.00471429	527.033	707.874	2	4342	
4	4.1	6	12	23	3	9	142	10	159	0.00033857	0.000291395	0	0.000564284	15.9	14.2786	2	49	
4	4.1	1	13	74	3	494	1104	489	1092	0	0	0	0	2.23313	0.642458	2	4	
4	4.1	3	14	69	3	5	124	5	124	0.00110357	0.000322023	0.00052857	0.00127857	24.8	12.3774	12	40	
4	4.1	3	15	57	3	7	120	2	60	0.000564284	0	0.000564284	0.000564284	30	0	30	30	
4	4.1	3	16	70	3	303	20459	179	18388	0.000524919	0.000543881	0	0.00277857	102.726	200.66	2	1370	
4	4.1	2	17	78	3	367	1042	346	988	0	0	0	0	2.85549	0.990937	2	4	
4	4.1	8	18	23	3	417	40913	318	38562	0.000515924	0.000471572	0	0.00281428	121.264	155.623	2	743	
4	4.1	4	19	84	3	1109	117787	840	92324	0.000663574	0.000423432	0	0.00274286	109.91	104.455	2	593	
4	4.1	2	20	84	3	30	637	22	470	0.000349188	0.000558246	0	0.00131428	21.3636	36.6106	2	104	
4	4.1	2	21	89	3	260	672	247	640	0	0	0	0	2.59109	0.914429	2	4	
4.1	4.2	7	1	100	3	231	650	184	520	0	0	0	0	2.82609	0.987448	2	4	
4.1	4.2	2	2	57	3	1079	143348	1074	142936	0.000666057	0.000335285	0	0.00156428	133.088	104.9	2	704	
4.1	4.2	7	3	75	3	3	62	3	62	0.000792857	0.000686866	0	0.00120714	20.6667	16.1658	2	30	
4.1	4.2	2	4	73	3	14	1547	21	2125	0.000272618	0.000271588	0	0.000564284	101.19	167.532	2	582	
4.1	4.2	1	5	12	3	457	1200	452	1182	0	0	0	0	2.61504	0.923958	2	4	
4.1	4.2	5	6	38	3	7	137	7	137	0.000605101	0.000299644	0.000457142	0.00127857	19.5714	9.28901	12	38	
4.1	4.2	5	7	39	3	4	65	3	63	0.000510713	0	0.000510713	0.000510713	21	0	21	21	
4.1	4.2	4	8	83	3	91	22120	106	23128	0.000884669	0.00135554	0	0.00471429	218.189	433.561	2	1449	
4.1	4.2	2	9	79	3	285	882	247	764	0	0	0	0	3.09312	0.997677	2	4	
4.1	4.2	7	10	77	3	7	187	7	187	0.00158877	0.00214999	0	0.00471429	26.7143	24.3017	2	62	
4.1	4.2	7	11	98	3	191	81278	151	79582	0.000866674	0.00151052	0	0.00471429	527.033	707.874	2	4342	
4.1	4.2	7	12	105	3	20	1896	10	159	0.00033857	0.000291395	0	0.000564284	15.9	14.2786	2	49	
4.1	4.2	7	13	114	3	500	1116	494	1102	0	0	0	0	2.23077	0.639619	2	4	
4.1	4.2	3	14	69	3	5	124	5	124	0.00110357	0.000322023	0.00052857	0.00127857	24.8	12.3774	12	40	
4.1	4.2	3	15	57	3	7	120	2	60	0.000564284	0	0.000564284	0.000564284	30	0	30	30	
4.1	4.2	3	16	70	3	303	20459	179	18388	0.000524919	0.000543881	0	0.00277857	102.726	200.66	2	1370	
4.1	4.2	7	17	117	3	371	1056	350	1002	0	0	0	0	2.86286	0.991969	2	4	
4.1	4.2	8	18	23	3	417	40913	318	38562	0.000515924	0.000471572	0	0.00281428	121.264	155.623	2	743	
4.1	4.2	7	19	107	3	1113	117795	844	92332	0.000660429	0.00042488	0	0.00274286	109.398	104.47	2	593	
4.1	4.2	2	20	84	3	30	637	22	470	0.000349188	0.000558246	0	0.00131428	21.3636	36.6106	2	104	
4.1	4.2	7	21	120	3	264	684	251	650	0	0	0	0	2.58964	0.913746	2	4	
4.2	4.3	7	1	100	3	234	658	187	528	0	0	0	0	2.82353	0.986948	2	4	
4.2	4.3	2	2	57	3	1079	143348	1074	142936	0.000666057	0.000335285	0	0.00156428	133.088	104.9	2	704	
4.2	4.3	7	3	75	3	3	62	3	62	0.000792857	0.000686866	0	0.00120714	20.6667	16.1658	2	30	
4.2	4.3	2	4	73	3	14	1547	21	2125	0.000272618	0.000271588	0	0.000564284	101.19	167.532	2	582	
4.2	4.3	7	5	101	3	460	1206	452	1182	0	0	0	0	2.61504	0.923958	2	4	
4.2	4.3	5	6	38	3	7	137	7	137	0.000605101	0.000299644	0.000457142	0.00127857	19.5714	9.28901	12	38	
4.2	4.3	5	7	39	3	4	65	3	63	0.000510713	0	0.000510713	0.000510713	21	0	21	21	
4.2	4.3	7	8	104	3	94	22322	106	23128	0.000884669	0.00135554	0	0.00471429	218.189	433.561	2	1449	
4.2	4.3	2	9	79	3	285	882	247	764	0	0	0	0	3.09312	0.997677	2	4	
4.2	4.3	7	10	77	3	7	187	7	187	0.00158877	0.00214999	0	0.00471429	26.7143	24.3017	2	62	
4.2	4.3	7	11	98	3	191	81278	151	79582	0.000866674	0.00151052	0	0.00471429	527.033	707.874	2	4342	
4.2	4.3	7	12	105	3	26	2304	10	159	0.00033857	0.000291395	0	0.000564284	15.9	14.2786	2	49	
4.2	4.3	7	13	114	3	502	1120	494	1102	0	0	0	0	2.23077	0.639619	2	4	
4.2	4.3	3	14	69	3	5	124	5	124	0.00110357	0.000322023	0.00052857	0.00127857	24.8	12.3774	12	40	
4.2	4.3	3	15	57	3	7	120	2	60	0.000564284	0	0.000564284	0.000564284	30	0	30	30	
4.2	4.3	3	16	70	3	303	20459	179	18388	0.000524919	0.000543881	0	0.00277857	102.726	200.66	2	1370	
4.2	4.3	7	17	117	3	372	1058	350	1002	0	0	0	0	2.86286	0.991969	2	4	
4.2	4.3	8	18	23	3	417	40913	318	38562	0.000515924	0.000471572	0	0.00281428	121.264	155.623	2	743	
4.2	4.3	7	19	107	3	1118	117805	849	92342	0.00065654	0.000426633	0	0.00274286	108.766	104.486	2	593	
4.2	4.3	2	20	84	3	30	637	22	470	0.000349188	0.000558246	0	0.00131428	21.3636	36.6106	2	104	
4.2	4.3	7	21	120	3	265	688	251	650	0	0	0	0	2.58964	0.913746	2	4	
4.3	4.4	7	1	100	3	236	664	187	528	0	0	0	0	2.82353	0.986948	2	4	
4.3	4.4	2	2	57	3	1079	143348	1074	142936	0.000666057	0.000335285	0	0.00156428	133.088	104.9	2	704	
4.3	4.4	7	3	75	3	3	62	3	62	0.000792857	0.000686866	0	0.00120714	20.6667	16.1658	2	30	
4.3	4.4	2	4	73	3	14	1547	21	2125	0.000272618	0.000271588	0	0.000564284	101.19	167.532	2	582	
4.3	4.4	7	5	101	3	462	1210	452	1182	0	0	0	0	2.61504	0.923958	2	4	
4.3	4.4	5	6	38	3	7	137	7	137	0.000605101	0.000299644	0.000457142	0.00127857	19.5714	9.28901	12	38	
4.3	4.4	5	7	39	3	4	65	3	63	0.000510713	0	0.000510713	0.000510713	21	0	21	21	
4.3	4.4	7	8	104	3	94	22322	106	23128	0.000884669	0.00135554	0	0.00471429	218.189	433.561	2	1449	
4.3	4.4	7	9	112	3	286	884	247	764	0	0	0	0	3.09312	0.997677	2	4	
4.3	4.4	7	10	77	3	7	187	7	187	0.00158877	0.00214999	0	0.00471429	26.7143	24.3017	2	62	
4.3	4.4	7	11	98	3	191	81278	151	79582	0.000866674	0.00151052	0	0.00471429	527.033	707.874	2	4342	
4.3	4.4	7	12	105	3	33	2590	10	159	0.00033857	0.000291395	0	0.000564284	15.9	14.2786	2	49	
4.3	4.4	7	13	114	3	504	1124	494	1102	0	0	0	0	2.23077	0.639619	2	4	
4.3	4.4	3	14	69	3	5	124	5	124	0.00110357	0.000322023	0.00052857	0.00127857	24.8	12.3774	12	40	
4.3	4.4	3	15	57	3	7	120	2	60	0.000564284	0	0.000564284	0.000564284	30	0	30	30	
4.3	4.4	3	16	70	3	303	20459	179	18388	0.000524919	0.000543881	0	0.00277857	102.726	200.66	2	1370	
4.3	4.4	7	17	117	3	372	1058	350	1002	0	0	0	0	2.86286	0.991969	2	4	
4.3	4.4	7	18	118	3	422	41523	318	38562	0.000515924	0.000471572	0	0.00281428	121.264	155.623	2	743	
4.3	4.4	7	19	107	3	1120	117811	850	92344	0.000655768	0.000426976	0	0.00274286	108.64	104.489	2	593	
4.3	4.4	2	20	84	3	30	637	22	470	0.000349188	0.000558246	0	0.00131428	21.3636	36.6106	2	104	
4.3	4.4	7	21	120	3	269	700	251	650	0	0	0	0	2.58964	0.913746	2	4	
4.4	4.5	7	1	100	3	243	682	187	528	0	0	0	0	2.82353	0.986948	2	4	
4.4	4.5	2	2	57	3	1079	143348	1074	142936	0.000666057	0.000335285	0	0.00156428	133.088	104.9	2	704	
4.4	4.5	7	3	75	3	3	62	3	62	0.000792857	0.000686866	0	0.00120714	20.6667	16.1658	2	30	
4.4	4.5	2	4	73	3	14	1547	21	2125	0.000272618	0.000271588	0	0.000564284	101.19	167.532	2	582	
4.4	4.5	7	5	101	3	462	1210	452	1182	0	0	0	0	2.61504	0.923958	2	4	
4.4	4.5	5	6	38	3	7	137	7	137	0.000605101	0.000299644	0.000457142	0.00127857	19.5714	9.28901	12	38	
4.4	4.5	5	7	39	3	4	65	3	63	0.000510713	0	0.000510713	0.000510713	21	0	21	21	
4.4	4.5	7	8	104	3	94	22322	106	23128	0.000884669	0.00135554	0	0.00471429	218.189	433.561	2	1449	
4.4	4.5	7	9	112	3	289	890	247	764	0	0	0	0	3.09312	0.997677	2	4	
4.4	4.5	1	10	16	3	10	5981	10	5981	0.00252643	0.00231539	0	0.00471429	598.1	1000.96	2	2896	
4.4	4.5	7	11	98	3	191	81278	151	79582	0.000866674	0.00151052	0	0.00471429	527.033	707.874	2	4342	
4.4	4.5	7	12	105	3	33	2590	10	159	0.00033857	0.000291395	0	0.000564284	15.9	14.2786	2	49	
4.4	4.5	7	13	114	3	509	1138	494	1102	0	0	0	0	2.23077	0.639619	2	4	
4.4	4.5	3	14	69	3	5	124	5	124	0.00110357	0.000322023	0.00052857	0.00127857	24.8	12.3774	12	40	
4.4	4.5	3	15	57	3	7	120	2	60	0.000564284	0	0.000564284	0.000564284	30	0	30	30	
4.4	4.5	3	16	70	3	303	20459	179	18388	0.000524919	0.000543881	0	0.00277857	102.726	200.66	2	1370	
4.4	4.5	7	17	117	3	372	1058	350	1002	0	0	0	0	2.86286	0.991969	2	4	
4.4	4.5	7	18	118	3	422	41523	318	38562	0.000515924	0.000471572	0	0.00281428	121.264	155.623	2	743	
4.4	4.5	7	19	107	3	1120	117811	850	92344	0.000655768	0.000426976	0	0.00274286	108.64	104.489	2	593	
4.4	4.5	2	20	84	3	30	637	22	470	0.000349188	0.000558246	0	0.00131428	21.3636	36.6106	2	104	
4.4	4.5	7	21	120	3	270	702	251	650	0	0	0	0	2.58964	0.913746	2	4	
4.5	4.6	5	1	47	3	244	684	187	528	0	0	0	0	2.82353	0.986948	2	4	
4.5	4.6	2	2	57	3	1079	143348	1074	142936	0.000666057	0.000335285	0	0.00156428	133.088	104.9	2	704	
4.5	4.6	7	3	75	3	3	62	3	62	0.000792857	0.000686866	0	0.00120714	20.6667	16.1658	2	30	
4.5	4.6	2	4	73	3	14	1547	21	2125	0.000272618	0.000271588	0	0.000564284	101.19	167.532	2	582	
4.5	4.6	5	5	51	3	464	1214	453	1184	0	0	0	0	2.61369	0.923387	2	4	
4.5	4.6	5	6	38	3	7	137	7	137	0.000605101	0.000299644	0.000457142	0.00127857	19.5714	9.28901	12	38	
4.5	4.6	5	7	39	3	4	65	3	63	0.000510713	0	0.000510713	0.000510713	21	0	21	21	
4.5	4.6	7	8	104	3	94	22322	106	23128	0.000884669	0.00135554	0	0.00471429	218.189	433.561	2	1449	
4.5	4.6	5	9	55	3	298	908	255	780	0	0	0	0	3.05882	1.00023	2	4	
4.5	4.6	5	10	56	3	26	20429	20	20839	0.00220607	0.00233554	0	0.00471429	1041.95	1984.87	2	7924	
4.5	4.6	7	11	98	3	191	81278	151	79582	0.000866674	0.00151052	0	0.00471429	527.033	707.874	2	4342	
4.5	4.6	7	12	105	3	33	2590	10	159	0.00033857	0.000291395	0	0.000564284	15.9	14.2786	2	49	
4.5	4.6	5	13	59	3	516	1164	500	1124	0	0	0	0	2.248	0.659823	2	4	
4.5	4.6	3	14	69	3	5	124	5	124	0.00110357	0.000322023	0.00052857	0.00127857	24.8	12.3774	12	40	
4.5	4.6	3	15	57	3	7	120	2	60	0.000564284	0	0.000564284	0.000564284	30	0	30	30	
4.5	4.6	5	16	62	3	304	20461	180	18390	0.000522003	0.000543769	0	0.00277857	102.167	200.24	2	1370	
4.5	4.6	5	17	63	3	378	1076	356	1020	0	0	0	0	2.86517	0.992263	2	4	
4.5	4.6	7	18	118	3	422	41523	318	38562	0.000515924	0.000471572	0	0.00281428	121.264	155.623	2	743	
4.5	4.6	5	19	65	3	1121	117813	851	92346	0.000654997	0.000427316	0	0.00274286	108.515	104.491	2	593	
4.5	4.6	5	20	66	3	43	1025	22	470	0.000349188	0.000558246	0	0.00131428	21.3636	36.6106	2	104	
4.5	4.6	7	21	67	3	270	702	251	650	0	0	0	0	2.58964	0.913746	2	4	
4.6	4.7	5	1	47	3	244	684	187	528	0	0	0	0	2.82353	0.986948	2	4	
4.6	4.7	2	2	57	3	1079	143348	1074	142936	0.000666057	0.000335285	0	0.00156428	133.088	104.9	2	704	
4.6	4.7	7	3	75	3	3	62	3	62	0.000792857	0.000686866	0	0.00120714	20.6667	16.1658	2	30	
4.6	4.7	2	4	73	3	14	1547	21	2125	0.000272618	0.000271588	0	0.000564284	101.19	167.532	2	582	
4.6	4.7	5	5	51	3	467	1220	453	1184	0	0	0	0	2.61369	0.923387	2	4	
4.6	4.7	5	6	38	3	7	137	7	137	0.000605101	0.000299644	0.000457142	0.00127857	19.5714	9.28901	12	38	
4.6	4.7	5	7	39	3	4	65	3	63	0.000510713	0	0.000510713	0.000510713	21	0	21	21	
4.6	4.7	5	8	54	3	95	22324	107	23130	0.000876401	0.00135183	0	0.00471429	216.168	432.017	2	1449	
4.6	4.7	5	9	55	3	307	930	265	804	0	0	0	0	3.03396	1.00131	2	4	
4.6	4.7	5	10	56	3	37	20618	20	20839	0.00220607	0.00233554	0	0.00471429	1041.95	1984.87	2	7924	
4.6	4.7	7	11	98	3	191	81278	151	79582	0.000866674	0.00151052	0	0.00471429	527.033	707.874	2	4342	
4.6	4.7	7	12	105	3	33	2590	10	159	0.00033857	0.000291395	0	0.000564284	15.9	14.2786	2	49	
4.6	4.7	5	13	59	3	523	1190	507	1150	0	0	0	0	2.26824	0.68224	2	4	
4.6	4.7	3	14	69	3	5	124	5	124	0.00110357	0.000322023	0.00052857	0.00127857	24.8	12.3774	12	40	
4.6	4.7	3	15	57	3	7	120	2	60	0.000564284	0	0.000564284	0.000564284	30	0	30	30	
4.6	4.7	5	16	62	3	305	20463	181	18392	0.000519119	0.000543643	0	0.00277857	101.613	199.821	2	1370	
4.6	4.7	5	17	63	3	381	1088	359	1032	0	0	0	0	2.87465	0.993497	2	4	
4.6	4.7	7	18	118	3	422	41523	318	38562	0.000515924	0.000471572	0	0.00281428	121.264	155.623	2	743	
4.6	4.7	5	19	65	3	1121	117813	851	92346	0.000654997	0.000427316	0	0.00274286	108.515	104.491	2	593	
4.6	4.7	5	20	66	3	67	3771	22	470	0.000349188	0.000558246	0	0.00131428	21.3636	36.6106	2	104	
4.6	4.7	5	21	67	3	273	708	251	650	0	0	0	0	2.58964	0.913746	2	4	
4.7	4.8	7	1	121	3	252	708	195	552	0	0	0	0	2.83077	0.988113	2	4	
4.7	4.8	2	2	57	3	1079	143348	1074	142936	0.000666057	0.000335285	0	0.00156428	133.088	104.9	2	704	
4.7	4.8	7	3	75	3	3	62	3	62	0.000792857	0.000686866	0	0.00120714	20.6667	16.1658	2	30	
4.7	4.8	2	4	73	3	14	1547	21	2125	0.000272618	0.000271588	0	0.000564284	101.19	167.532	2	582	
4.7	4.8	3	5	87	3	476	1252	462	1216	0	0	0	0	2.63203	0.930847	2	4	
4.7	4.8	5	6	38	3	7	137	7	137	0.000605101	0.000299644	0.000457142	0.00127857	19.5714	9.28901	12	38	
4.7	4.8	5	7	39	3	4	65	3	63	0.000510713	0	0.000510713	0.000510713	21	0	21	21	
4.7	4.8	3	8	89	3	96	22326	108	23132	0.000868286	0.00134814	0	0.00471429	214.185	430.487	2	1449	
4.7	4.8	8	9	28	3	312	940	269	812	0	0	0	0	3.01859	1.00169	2	4	
4.7	4.8	7	10	124	3	243	56109	224	56159	0.000832396	0.0008621	0	0.00471429	250.71	640.573	2	7924	
4.7	4.8	7	11	98	3	191	81278	151	79582	0.000866674	0.00151052	0	0.00471429	527.033	707.874	2	4342	
4.7	4.8	7	12	105	3	33	2590	10	159	0.00033857	0.000291395	0	0.000564284	15.9	14.2786	2	49	
4.7	4.8	3	13	95	3	527	1200	510	1158	0	0	0	0	2.27059	0.684747	2	4	
4.7	4.8	3	14	69	3	5	124	5	124	0.00110357	0.000322023	0.00052857	0.00127857	24.8	12.3774	12	40	
4.7	4.8	3	15	57	3	7	120	2	60	0.000564284	0	0.000564284	0.000564284	30	0	30	30	
4.7	4.8	5	16	62	3	305	20463	181	18392	0.000519119	0.000543643	0	0.00277857	101.613	199.821	2	1370	
4.7	4.8	3	17	91	3	389	1114	367	1058	0	0	0	0	2.88283	0.994468	2	4	
4.7	4.8	8	18	32	3	424	41527	320	38566	0.0005127	0.000471852	0	0.00281428	120.519	155.42	2	743	
4.7	4.8	3	19	92	3	1125	117821	855	92354	0.000651933	0.000428653	0	0.00274286	108.016	104.499	2	593	
4.7	4.8	3	20	93	3	98	7375	56	4358	0.000482524	0.000436192	0	0.00152857	77.8214	123.469	2	512	
4.7	4.8	3	21	94	3	283	740	260	680	0	0	0	0	2.61538	0.924857	2	4	
4.8	4.9	7	1	121	3	259	734	202	578	0	0	0	0	2.86139	0.992807	2	4	
4.8	4.9	2	2	57	3	1079	143348	1074	142936	0.000666057	0.000335285	0	0.00156428	133.088	104.9	2	704	
4.8	4.9	7	3	75	3	3	62	3	62	0.000792857	0.000686866	0	0.00120714	20.6667	16.1658	2	30	
4.8	4.9	2	4	73	3	14	1547	21	2125	0.000272618	0.000271588	0	0.000564284	101.19	167.532	2	582	
4.8	4.9	3	5	87	3	485	1286	471	1250	0	0	0	0	2.65393	0.939205	2	4	
4.8	4.9	5	6	38	3	7	137	7	137	0.000605101	0.000299644	0.000457142	0.00127857	19.5714	9.28901	12	38	
4.8	4.9	5	7	39	3	4	65	3	63	0.000510713	0	0.000510713	0.000510713	21	0	21	21	
4.8	4.9	3	8	89	3	100	22475	109	23134	0.00086032	0.00134446	0	0.00471429	212.239	428.971	2	1449	
4.8	4.9	8	9	28	3	319	958	276	830	0	0	0	0	3.00725	1.00179	2	4	
4.8	4.9	7	10	124	3	310	68542	293	68727	0.000786347	0.000776665	0	0.00471429	234.563	563.002	2	7924	
4.8	4.9	7	11	98	3	191	81278	151	79582	0.000866674	0.00151052	0	0.00471429	527.033	707.874	2	4342	
4.8	4.9	7	12	105	3	33	2590	10	159	0.00033857	0.000291395	0	0.000564284	15.9	14.2786	2	49	
4.8	4.9	3	13	95	3	531	1208	514	1166	0	0	0	0	2.26848	0.682487	2	4	
4.8	4.9	3	14	69	3	5	124	5	124	0.00110357	0.000322023	0.00052857	0.00127857	24.8	12.3774	12	40	
4.8	4.9	3	15	57	3	7	120	2	60	0.000564284	0	0.000564284	0.000564284	30	0	30	30	
4.8	4.9	5	16	62	3	305	20463	181	18392	0.000519119	0.000543643	0	0.00277857	101.613	199.821	2	1370	
4.8	4.9	3	17	91	3	399	1142	376	1084	0	0	0	0	2.88298	0.994453	2	4	
4.8	4.9	8	18	32	3	428	41535	324	38574	0.00050637	0.000472336	0	0.00281428	119.056	155.009	2	743	
4.8	4.9	3	19	92	3	1129	117829	859	92362	0.000648897	0.000429953	0	0.00274286	107.523	104.505	2	593	
4.8	4.9	3	20	93	3	129	10337	88	7590	0.000486484	0.000378545	0	0.00152857	86.25	118.017	2	512	
4.8	4.9	3	21	94	3	288	760	264	696	0	0	0	0	2.63636	0.93331	2	4	
4.9	5	7	1	121	3	259	734	202	578	0	0	0	0	2.86139	0.992807	2	4	
4.9	5	5	2	69	3	1081	143352	1076	142940	0.000664819	0.0003362	0	0.00156428	132.844	104.954	2	704	
4.9	5	5	3	71	3	7	186	7	186	0.000754081	0.000476699	0	0.00127857	26.5714	15.894	2	49	
4.9	5	5	4	74	3	19	1673	25	2215	0.000274142	0.000273399	0	0.000564284	88.6	155.828	2	582	
4.9	5	5	5	70	3	489	1300	474	1260	0	0	0	0	2.65823	0.940776	2	4	
4.9	5	5	6	38	3	7	137	7	137	0.000605101	0.000299644	0.000457142	0.00127857	19.5714	9.28901	12	38	
4.9	5	5	7	39	3	4	65	3	63	0.000510713	0	0.000510713	0.000510713	21	0	21	21	
4.9	5	3	8	89	3	100	22475	109	23134	0.00086032	0.00134446	0	0.00471429	212.239	428.971	2	1449	
4.9	5	5	9	75	3	329	988	286	860	0	0	0	0	3.00699	1.00173	2	4	
4.9	5	7	10	124	3	311	68600	294	68785	0.000785045	0.00077566	0	0.00471429	233.963	562.135	2	7924	
4.9	5	7	11	98	3	191	81278	151	79582	0.000866674	0.00151052	0	0.00471429	527.033	707.874	2	4342	
4.9	5	7	12	105	3	33	2590	10	159	0.00033857	0.000291395	0	0.000564284	15.9	14.2786	2	49	
4.9	5	5	13	79	3	533	1212	514	1166	0	0	0	0	2.26848	0.682487	2	4	
4.9	5	3	14	69	3	5	124	5	124	0.00110357	0.000322023	0.00052857	0.00127857	24.8	12.3774	12	40	
4.9	5	3	15	57	3	7	120	2	60	0.000564284	0	0.000564284	0.000564284	30	0	30	30	
4.9	5	5	16	82	3	306	20465	182	18394	0.000516267	0.000543503	0	0.00277857	101.066	199.405	2	1370	
4.9	5	5	17	85	3	401	1146	377	1086	0	0	0	0	2.88064	0.99417	2	4	
4.9	5	8	18	32	3	428	41535	324	38574	0.00050637	0.000472336	0	0.00281428	119.056	155.009	2	743	
4.9	5	3	19	92	3	1129	117829	859	92362	0.000648897	0.000429953	0	0.00274286	107.523	104.505	2	593	
4.9	5	5	20	87	3	165	12453	126	9887	0.000516807	0.000376256	0	0.00152857	78.4683	100.996	2	512	
4.9	5	3	21	94	3	288	760	264	696	0	0	0	0	2.63636	0.93331	2	4	
