% time	cellId	IMSI	frame	sframe	RNTI	mcs	size	ccId
0.12	0	0	13	1	5	0	349	0
0.121	0	0	13	2	11	0	349	0
0.122	0	0	13	3	8	0	349	0
0.123	0	0	13	4	12	0	349	0
0.124	0	0	13	5	15	0	349	0
0.125	0	0	13	6	20	0	349	0
0.126	0	0	13	7	5	0	349	0
0.127	0	0	13	8	11	0	349	0
0.128	0	0	13	9	8	0	349	0
0.129	0	0	13	10	12	0	349	0
0.13	0	0	14	1	15	0	349	0
0.131	0	0	14	2	20	0	349	0
0.133	0	0	14	4	3	0	349	0
0.134	0	0	14	5	4	0	349	0
0.135	0	0	14	6	7	0	349	0
0.136	0	0	14	7	9	0	349	0
0.137	0	0	14	8	19	0	349	0
0.143	0	0	15	4	5	0	349	0
0.144	0	0	15	5	11	0	349	0
0.145	0	0	15	6	8	0	349	0
0.146	0	0	15	7	12	0	349	0
0.147	0	0	15	8	15	0	349	0
0.148	0	0	15	9	20	0	349	0
0.149	0	0	15	10	5	0	349	0
0.15	0	0	16	1	11	0	349	0
0.151	0	0	16	2	8	0	349	0
0.152	0	0	16	3	12	0	349	0
0.153	0	0	16	4	15	0	349	0
0.154	0	0	16	5	20	0	349	0
0.161	0	0	17	2	5	0	349	0
0.162	0	0	17	3	11	0	349	0
0.163	0	0	17	4	8	0	349	0
0.164	0	0	17	5	12	0	349	0
0.165	0	0	17	6	15	0	349	0
0.166	0	0	17	7	20	0	349	0
0.167	0	0	17	8	5	0	349	0
0.168	0	0	17	9	11	0	349	0
0.169	0	0	17	10	8	0	349	0
0.17	0	0	18	1	12	0	349	0
0.171	0	0	18	2	15	0	349	0
0.172	0	0	18	3	20	0	349	0
0.179	0	0	18	10	5	0	349	0
0.18	0	0	19	1	11	0	349	0
0.181	0	0	19	2	8	0	349	0
0.182	0	0	19	3	12	0	349	0
0.183	0	0	19	4	15	0	349	0
0.184	0	0	19	5	20	0	349	0
0.185	0	0	19	6	5	0	349	0
0.186	0	0	19	7	11	0	349	0
0.187	0	0	19	8	8	0	349	0
0.188	0	0	19	9	12	0	349	0
0.189	0	0	19	10	15	0	349	0
0.19	0	0	20	1	20	0	349	0
0.197	0	0	20	8	5	0	349	0
0.198	0	0	20	9	11	0	349	0
0.199	0	0	20	10	8	0	349	0
0.2	0	0	21	1	12	0	349	0
0.201	0	0	21	2	15	0	349	0
0.202	0	0	21	3	20	0	349	0
0.203	0	0	21	4	5	0	349	0
0.204	0	0	21	5	11	0	349	0
0.205	0	0	21	6	8	0	349	0
0.206	0	0	21	7	12	0	349	0
0.207	0	0	21	8	15	0	349	0
0.208	0	0	21	9	20	0	349	0
0.215	0	0	22	6	5	0	349	0
0.216	0	0	22	7	11	0	349	0
0.217	0	0	22	8	8	0	349	0
0.218	0	0	22	9	12	0	349	0
0.219	0	0	22	10	15	0	349	0
0.22	0	0	23	1	20	0	349	0
0.221	0	0	23	2	5	0	349	0
0.222	0	0	23	3	11	0	349	0
0.223	0	0	23	4	8	0	349	0
0.224	0	0	23	5	12	0	349	0
0.225	0	0	23	6	15	0	349	0
0.226	0	0	23	7	20	0	349	0
0.228	0	0	23	9	11	0	349	0
0.231	0	0	24	2	15	0	349	0
0.233	0	0	24	4	5	0	349	0
0.235	0	0	24	6	8	0	349	0
0.236	0	0	24	7	12	0	349	0
0.238	0	0	24	9	20	0	349	0
0.239	0	0	24	10	5	0	349	0
0.24	0	0	25	1	11	0	349	0
0.241	0	0	25	2	8	0	349	0
0.242	0	0	25	3	12	0	349	0
0.243	0	0	25	4	15	0	349	0
0.244	0	0	25	5	20	0	349	0
0.246	0	0	25	7	11	0	349	0
0.249	0	0	25	10	15	0	349	0
0.251	0	0	26	2	5	0	349	0
0.253	0	0	26	4	8	0	349	0
0.254	0	0	26	5	12	0	349	0
0.256	0	0	26	7	20	0	349	0
0.257	0	0	26	8	5	0	349	0
0.258	0	0	26	9	11	0	349	0
0.259	0	0	26	10	8	0	349	0
0.26	0	0	27	1	12	0	349	0
0.262	0	0	27	3	20	0	349	0
0.264	0	0	27	5	11	0	349	0
0.267	0	0	27	8	15	0	349	0
0.269	0	0	27	10	5	0	349	0
0.271	0	0	28	2	8	0	349	0
0.272	0	0	28	3	12	0	349	0
0.273	0	0	28	4	15	0	349	0
0.274	0	0	28	5	20	0	349	0
0.275	0	0	28	6	5	0	349	0
0.276	0	0	28	7	11	0	349	0
0.277	0	0	28	8	8	0	349	0
0.278	0	0	28	9	12	0	349	0
0.28	0	0	29	1	20	0	349	0
0.282	0	0	29	3	11	0	349	0
0.287	0	0	29	8	5	0	349	0
0.289	0	0	29	10	8	0	349	0
0.29	0	0	30	1	12	0	349	0
0.291	0	0	30	2	15	0	349	0
0.292	0	0	30	3	20	0	349	0
0.293	0	0	30	4	5	0	349	0
0.294	0	0	30	5	11	0	349	0
0.295	0	0	30	6	8	0	349	0
0.296	0	0	30	7	12	0	349	0
0.297	0	0	30	8	15	0	349	0
0.298	0	0	30	9	20	0	349	0
0.3	0	0	31	1	11	0	349	0
0.303	0	0	31	4	15	0	349	0
0.305	0	0	31	6	5	0	349	0
0.307	0	0	31	8	8	0	349	0
0.308	0	0	31	9	12	0	349	0
0.31	0	0	32	1	20	0	349	0
0.311	0	0	32	2	5	0	349	0
0.312	0	0	32	3	11	0	349	0
0.313	0	0	32	4	4	0	173	0
0.313	0	0	32	4	8	0	173	0
0.314	0	0	32	5	12	0	173	0
0.314	0	0	32	5	4	0	173	0
0.315	0	0	32	6	15	0	173	0
0.315	0	0	32	6	4	0	173	0
0.316	0	0	32	7	20	0	173	0
0.316	0	0	32	7	4	0	173	0
0.317	0	0	32	8	4	0	349	0
0.318	0	0	32	9	4	0	349	0
0.319	0	0	32	10	11	0	173	0
0.319	0	0	32	10	4	0	173	0
0.32	0	0	33	1	4	0	349	0
0.321	0	0	33	2	4	0	349	0
0.322	0	0	33	3	15	0	173	0
0.322	0	0	33	3	4	0	173	0
0.323	0	0	33	4	4	0	349	0
0.324	0	0	33	5	5	0	173	0
0.324	0	0	33	5	4	26	3822	0
0.325	0	0	33	6	4	26	7708	0
0.326	0	0	33	7	8	0	349	0
0.327	0	0	33	8	12	0	173	0
0.327	0	0	33	8	4	26	3822	0
0.328	0	0	33	9	4	26	7708	0
0.33	0	0	34	1	20	0	349	0
0.331	0	0	34	2	5	26	7708	0
0.332	0	0	34	3	11	26	7708	0
0.333	0	0	34	4	8	26	7708	0
0.334	0	0	34	5	12	24	6882	0
0.335	0	0	34	6	15	26	7708	0
0.336	0	0	34	7	20	0	349	0
0.338	0	0	34	9	11	26	7708	0
0.342	0	0	35	3	15	26	7708	0
0.344	0	0	35	5	5	26	7708	0
0.346	0	0	35	7	8	26	7708	0
0.347	0	0	35	8	12	24	6882	0
0.349	0	0	35	10	20	28	9422	0
0.35	0	0	36	1	5	26	7708	0
0.351	0	0	36	2	11	26	7708	0
0.352	0	0	36	3	8	26	7708	0
0.353	0	0	36	4	12	24	6882	0
0.354	0	0	36	5	15	26	3822	0
0.354	0	0	36	5	4	26	3822	0
0.355	0	0	36	6	4	26	7708	0
0.356	0	0	36	7	20	28	9422	0
0.358	0	0	36	9	4	26	7708	0
0.36	0	0	37	1	4	26	7708	0
0.361	0	0	37	2	4	26	7708	0
0.366	0	0	37	7	5	26	7708	0
0.368	0	0	37	9	8	26	7708	0
0.37	0	0	38	1	12	24	6882	0
0.372	0	0	38	3	20	28	9422	0
0.373	0	0	38	4	5	26	7708	0
0.374	0	0	38	5	11	26	7708	0
0.375	0	0	38	6	8	26	7708	0
0.376	0	0	38	7	12	24	6882	0
0.377	0	0	38	8	15	26	7708	0
0.378	0	0	38	9	20	28	9422	0
0.38	0	0	39	1	11	26	7708	0
0.383	0	0	39	4	15	26	7708	0
0.385	0	0	39	6	5	26	7708	0
0.387	0	0	39	8	8	26	7708	0
0.388	0	0	39	9	12	24	6882	0
0.39	0	0	40	1	20	28	9422	0
0.391	0	0	40	2	4	26	7708	0
0.392	0	0	40	3	5	26	7708	0
0.393	0	0	40	4	11	26	7708	0
0.394	0	0	40	5	8	26	7708	0
0.395	0	0	40	6	12	24	6882	0
0.396	0	0	40	7	15	26	7708	0
0.397	0	0	40	8	20	28	9422	0
0.399	0	0	40	10	11	26	7708	0
0.402	0	0	41	3	15	26	7708	0
0.404	0	0	41	5	5	26	7708	0
0.407	0	0	41	8	8	26	7708	0
0.408	0	0	41	9	12	24	6882	0
0.41	0	0	42	1	20	28	9422	0
0.411	0	0	42	2	5	26	7708	0
0.412	0	0	42	3	11	26	7708	0
0.413	0	0	42	4	8	26	7708	0
0.414	0	0	42	5	12	24	6882	0
0.415	0	0	42	6	15	26	7708	0
0.416	0	0	42	7	20	28	9422	0
0.418	0	0	42	9	11	26	7708	0
0.421	0	0	43	2	15	26	7708	0
0.423	0	0	43	4	5	26	7708	0
0.425	0	0	43	6	8	26	7708	0
0.426	0	0	43	7	12	24	6882	0
0.428	0	0	43	9	4	26	7708	0
0.429	0	0	43	10	20	28	9422	0
0.43	0	0	44	1	5	26	7708	0
0.431	0	0	44	2	11	26	7708	0
0.432	0	0	44	3	8	26	7708	0
0.433	0	0	44	4	12	24	6882	0
0.434	0	0	44	5	15	26	7708	0
0.435	0	0	44	6	20	28	9422	0
0.437	0	0	44	8	11	26	7708	0
0.44	0	0	45	1	15	26	3822	0
0.44	0	0	45	1	4	26	3822	0
0.442	0	0	45	3	5	26	7708	0
0.445	0	0	45	6	8	26	7708	0
0.446	0	0	45	7	12	24	6882	0
0.448	0	0	45	9	20	28	9422	0
0.449	0	0	45	10	5	26	7708	0
0.45	0	0	46	1	11	26	7708	0
0.451	0	0	46	2	8	26	7708	0
0.452	0	0	46	3	12	24	6882	0
0.453	0	0	46	4	15	26	7708	0
0.454	0	0	46	5	20	28	9422	0
0.457	0	0	46	8	11	26	7708	0
0.458	0	0	46	9	21	28	9422	0
0.462	0	0	47	3	21	28	9422	0
0.464	0	0	47	5	5	26	7708	0
0.465	0	0	47	6	4	26	7708	0
0.467	0	0	47	8	8	26	7708	0
0.468	0	0	47	9	12	24	6882	0
0.47	0	0	48	1	20	28	9422	0
0.471	0	0	48	2	5	26	7708	0
0.472	0	0	48	3	11	26	7708	0
0.473	0	0	48	4	8	26	7708	0
0.474	0	0	48	5	12	24	6882	0
0.476	0	0	48	7	15	26	7708	0
0.477	0	0	48	8	4	26	7708	0
0.483	0	0	49	4	21	28	9422	0
0.487	0	0	49	8	5	26	7708	0
0.488	0	0	49	9	21	28	9422	0
0.49	0	0	50	1	8	26	7708	0
0.491	0	0	50	2	12	24	6882	0
0.493	0	0	50	4	20	28	9422	0
0.494	0	0	50	5	5	26	7708	0
0.495	0	0	50	6	11	26	7708	0
0.496	0	0	50	7	8	26	7708	0
0.497	0	0	50	8	12	24	6882	0
0.498	0	0	50	9	15	26	3822	0
0.498	0	0	50	9	4	26	3822	0
0.499	0	0	50	10	20	28	9422	0
0.501	0	0	51	2	11	26	7708	0
0.502	0	0	51	3	4	26	7708	0
0.503	0	0	51	4	4	26	7708	0
0.508	0	0	51	9	21	28	9422	0
0.509	0	0	51	10	5	26	7708	0
0.511	0	0	52	2	8	26	7708	0
0.512	0	0	52	3	12	24	6882	0
0.515	0	0	52	6	20	28	9422	0
0.516	0	0	52	7	5	26	7708	0
0.518	0	0	52	9	11	26	7708	0
0.521	0	0	53	2	15	26	7708	0
0.522	0	0	53	3	20	28	9422	0
0.524	0	0	53	5	11	26	7708	0
0.527	0	0	53	8	15	26	7708	0
0.529	0	0	53	10	5	26	7708	0
0.53	0	0	54	1	4	26	7708	0
0.531	0	0	54	2	8	26	7708	0
0.532	0	0	54	3	12	24	3422	0
0.532	0	0	54	3	4	26	3822	0
0.534	0	0	54	5	20	28	9422	0
0.535	0	0	54	6	4	26	7708	0
0.536	0	0	54	7	4	26	7708	0
0.537	0	0	54	8	21	28	9422	0
0.539	0	0	54	10	11	26	7708	0
0.542	0	0	55	3	15	26	7708	0
0.545	0	0	55	6	11	26	7708	0
0.548	0	0	55	9	15	26	7708	0
0.55	0	0	56	1	5	26	7708	0
0.552	0	0	56	3	8	26	7708	0
0.553	0	0	56	4	12	24	6882	0
0.555	0	0	56	6	20	28	9422	0
0.556	0	0	56	7	5	26	7708	0
0.557	0	0	56	8	11	26	7708	0
0.558	0	0	56	9	4	26	3822	0
0.558	0	0	56	9	8	26	3822	0
0.559	0	0	56	10	12	24	3422	0
0.559	0	0	56	10	4	26	3822	0
0.56	0	0	57	1	15	26	7708	0
0.561	0	0	57	2	20	28	9422	0
0.563	0	0	57	4	11	26	7708	0
0.565	0	0	57	6	4	26	7708	0
0.566	0	0	57	7	15	26	3822	0
0.566	0	0	57	7	4	26	3822	0
0.567	0	0	57	8	4	26	7708	0
0.568	0	0	57	9	4	26	7708	0
0.57	0	0	58	1	5	26	7708	0
0.571	0	0	58	2	21	28	9422	0
0.573	0	0	58	4	8	26	7708	0
0.574	0	0	58	5	12	24	6882	0
0.575	0	0	58	6	21	28	9422	0
0.576	0	0	58	7	21	28	9422	0
0.578	0	0	58	9	20	28	9422	0
0.581	0	0	59	2	11	26	7708	0
0.586	0	0	59	7	15	26	7708	0
0.588	0	0	59	9	5	26	7708	0
0.591	0	0	60	2	21	28	9422	0
0.592	0	0	60	3	12	24	6882	0
0.593	0	0	60	4	15	26	7708	0
0.595	0	0	60	6	21	28	9422	0
0.597	0	0	60	8	21	28	9422	0
0.599	0	0	60	10	8	26	7708	0
0.602	0	0	61	3	4	26	7708	0
0.605	0	0	61	6	20	28	9422	0
0.606	0	0	61	7	5	26	7708	0
0.607	0	0	61	8	11	26	7708	0
0.61	0	0	62	1	15	26	7708	0
0.611	0	0	62	2	20	28	9422	0
0.612	0	0	62	3	5	26	7708	0
0.613	0	0	62	4	11	26	7708	0
0.615	0	0	62	6	12	24	6882	0
0.616	0	0	62	7	15	26	7708	0
0.62	0	0	63	1	21	28	9422	0
0.622	0	0	63	3	8	26	7708	0
0.625	0	0	63	6	20	28	9422	0
0.626	0	0	63	7	5	26	7708	0
0.627	0	0	63	8	11	26	7708	0
0.628	0	0	63	9	8	26	7708	0
0.63	0	0	64	1	15	26	7708	0
0.631	0	0	64	2	20	28	9422	0
0.632	0	0	64	3	5	26	7708	0
0.633	0	0	64	4	11	26	7708	0
0.635	0	0	64	6	12	24	6882	0
0.636	0	0	64	7	15	26	7708	0
0.639	0	0	64	10	21	28	4587	0
0.639	0	0	64	10	4	26	3822	0
0.64	0	0	65	1	4	26	7708	0
0.641	0	0	65	2	8	26	7708	0
0.642	0	0	65	3	12	24	6882	0
0.644	0	0	65	5	20	28	9422	0
0.645	0	0	65	6	21	28	9422	0
0.646	0	0	65	7	5	26	7708	0
0.647	0	0	65	8	11	26	7708	0
0.648	0	0	65	9	8	26	7708	0
0.653	0	0	66	4	5	26	7708	0
0.657	0	0	66	8	21	28	9422	0
0.658	0	0	66	9	12	26	7708	0
0.659	0	0	66	10	15	26	7708	0
0.662	0	0	67	3	21	28	9422	0
0.664	0	0	67	5	8	26	7708	0
0.665	0	0	67	6	12	26	7708	0
0.666	0	0	67	7	15	26	7708	0
0.667	0	0	67	8	20	28	9422	0
0.668	0	0	67	9	5	26	7708	0
0.669	0	0	67	10	11	26	7708	0
0.67	0	0	68	1	8	26	7708	0
0.674	0	0	68	5	20	28	9422	0
0.675	0	0	68	6	5	26	7708	0
0.676	0	0	68	7	4	26	7708	0
0.679	0	0	68	10	12	26	7708	0
0.684	0	0	69	5	8	26	7708	0
0.685	0	0	69	6	12	26	7708	0
0.686	0	0	69	7	15	26	7708	0
0.687	0	0	69	8	20	28	9422	0
0.688	0	0	69	9	5	26	7708	0
0.689	0	0	69	10	11	26	7708	0
0.69	0	0	70	1	8	26	7708	0
0.692	0	0	70	3	21	28	9422	0
0.699	0	0	70	10	12	26	7708	0
0.704	0	0	71	5	8	26	7708	0
0.705	0	0	71	6	12	26	7708	0
0.707	0	0	71	8	20	28	9422	0
0.708	0	0	71	9	5	26	7708	0
0.709	0	0	71	10	11	26	7708	0
0.71	0	0	72	1	8	26	7708	0
0.712	0	0	72	3	15	26	7708	0
0.713	0	0	72	4	4	26	7708	0
0.714	0	0	72	5	20	28	9422	0
0.715	0	0	72	6	5	26	7708	0
0.716	0	0	72	7	11	26	7708	0
0.718	0	0	72	9	12	26	7708	0
0.719	0	0	72	10	15	26	7708	0
0.723	0	0	73	4	8	26	7708	0
0.724	0	0	73	5	12	26	7708	0
0.726	0	0	73	7	21	28	9422	0
0.727	0	0	73	8	20	28	9422	0
0.729	0	0	73	10	5	26	7708	0
0.73	0	0	74	1	11	26	7708	0
0.731	0	0	74	2	21	28	9422	0
0.735	0	0	74	6	15	26	7708	0
0.744	0	0	75	5	8	26	7708	0
0.745	0	0	75	6	12	26	7708	0
0.747	0	0	75	8	20	28	9422	0
0.748	0	0	75	9	5	26	7708	0
0.749	0	0	75	10	11	26	7708	0
0.75	0	0	76	1	4	26	7708	0
0.751	0	0	76	2	8	26	7708	0
0.752	0	0	76	3	12	26	3822	0
0.752	0	0	76	3	4	26	3822	0
0.753	0	0	76	4	4	26	7708	0
0.754	0	0	76	5	20	28	9422	0
0.755	0	0	76	6	5	26	7708	0
0.756	0	0	76	7	11	26	7708	0
0.757	0	0	76	8	21	28	9422	0
0.76	0	0	77	1	15	26	7708	0
0.763	0	0	77	4	21	28	9422	0
0.766	0	0	77	7	8	26	7708	0
0.767	0	0	77	8	12	26	7708	0
0.769	0	0	77	10	20	28	9422	0
0.77	0	0	78	1	5	26	7708	0
0.772	0	0	78	3	11	26	7708	0
0.773	0	0	78	4	8	26	7708	0
0.774	0	0	78	5	12	26	7708	0
0.776	0	0	78	7	20	28	9422	0
0.777	0	0	78	8	5	26	7708	0
0.778	0	0	78	9	11	26	7708	0
0.781	0	0	79	2	15	26	7708	0
0.785	0	0	79	6	8	26	7708	0
0.786	0	0	79	7	12	26	3822	0
0.786	0	0	79	7	4	26	3822	0
0.787	0	0	79	8	4	26	7708	0
0.788	0	0	79	9	15	26	7708	0
0.789	0	0	79	10	20	28	9422	0
0.79	0	0	80	1	5	26	7708	0
0.791	0	0	80	2	21	28	9422	0
0.792	0	0	80	3	11	26	7708	0
0.796	0	0	80	7	20	28	9422	0
0.797	0	0	80	8	5	26	7708	0
0.798	0	0	80	9	21	28	9422	0
0.804	0	0	81	5	12	26	7708	0
0.805	0	0	81	6	15	26	7708	0
0.807	0	0	81	8	20	28	9422	0
0.808	0	0	81	9	5	26	7708	0
0.81	0	0	82	1	8	26	7708	0
0.811	0	0	82	2	12	26	7708	0
0.812	0	0	82	3	15	26	7708	0
0.813	0	0	82	4	20	28	9422	0
0.814	0	0	82	5	5	26	7708	0
0.815	0	0	82	6	11	26	7708	0
0.816	0	0	82	7	8	26	7708	0
0.821	0	0	83	2	11	26	7708	0
0.822	0	0	83	3	4	26	7708	0
0.823	0	0	83	4	4	26	7708	0
0.824	0	0	83	5	12	26	7708	0
0.825	0	0	83	6	15	26	7708	0
0.826	0	0	83	7	21	28	9422	0
0.827	0	0	83	8	20	28	9422	0
0.828	0	0	83	9	5	26	7708	0
0.83	0	0	84	1	8	26	7708	0
0.831	0	0	84	2	12	26	7708	0
0.832	0	0	84	3	15	26	7708	0
0.833	0	0	84	4	20	28	9422	0
0.834	0	0	84	5	5	26	7708	0
0.838	0	0	84	9	11	26	7708	0
0.844	0	0	85	5	11	26	7708	0
0.845	0	0	85	6	21	28	9422	0
0.847	0	0	85	8	12	26	7708	0
0.848	0	0	85	9	15	26	7708	0
0.849	0	0	85	10	20	28	9422	0
0.85	0	0	86	1	5	26	7708	0
0.851	0	0	86	2	21	28	9422	0
0.853	0	0	86	4	8	26	7708	0
0.854	0	0	86	5	12	26	7708	0
0.855	0	0	86	6	15	26	7708	0
0.856	0	0	86	7	20	28	9422	0
0.859	0	0	86	10	4	26	7708	0
0.86	0	0	87	1	11	26	7708	0
0.863	0	0	87	4	15	26	7708	0
0.864	0	0	87	5	21	28	9422	0
0.867	0	0	87	8	11	26	7708	0
0.869	0	0	87	10	21	28	9422	0
0.87	0	0	88	1	12	26	7708	0
0.872	0	0	88	3	20	28	9422	0
0.873	0	0	88	4	5	26	7708	0
0.876	0	0	88	7	8	26	7708	0
0.877	0	0	88	8	12	26	7708	0
0.879	0	0	88	10	20	28	9422	0
0.88	0	0	89	1	5	26	7708	0
0.881	0	0	89	2	11	26	7708	0
0.882	0	0	89	3	8	26	7708	0
0.884	0	0	89	5	15	26	7708	0
0.887	0	0	89	8	11	26	7708	0
0.889	0	0	89	10	12	26	7708	0
0.89	0	0	90	1	15	26	7708	0
0.891	0	0	90	2	20	28	9422	0
0.892	0	0	90	3	5	26	7708	0
0.894	0	0	90	5	8	26	7708	0
0.895	0	0	90	6	12	26	7708	0
0.896	0	0	90	7	4	26	7708	0
0.898	0	0	90	9	20	28	9422	0
0.899	0	0	90	10	5	26	7708	0
0.9	0	0	91	1	11	26	7708	0
0.901	0	0	91	2	8	26	7708	0
0.903	0	0	91	4	15	26	7708	0
0.906	0	0	91	7	11	26	7708	0
0.908	0	0	91	9	12	26	7708	0
0.909	0	0	91	10	15	26	7708	0
0.91	0	0	92	1	20	28	9422	0
0.912	0	0	92	3	5	26	7708	0
0.914	0	0	92	5	8	26	7708	0
0.915	0	0	92	6	21	28	9422	0
0.919	0	0	92	10	5	26	7708	0
0.92	0	0	93	1	21	28	9422	0
0.921	0	0	93	2	11	26	7708	0
0.924	0	0	93	5	15	26	7708	0
0.927	0	0	93	8	11	26	7708	0
0.93	0	0	94	1	12	26	7708	0
0.931	0	0	94	2	15	26	7708	0
0.933	0	0	94	4	4	26	7708	0
0.934	0	0	94	5	20	28	9422	0
0.935	0	0	94	6	5	26	7708	0
0.937	0	0	94	8	8	26	7708	0
0.94	0	0	95	1	20	28	9422	0
0.941	0	0	95	2	5	26	7708	0
0.942	0	0	95	3	11	26	7708	0
0.943	0	0	95	4	8	26	7708	0
0.945	0	0	95	6	15	26	7708	0
0.949	0	0	95	10	11	26	7708	0
0.951	0	0	96	2	12	26	7708	0
0.952	0	0	96	3	21	28	9422	0
0.954	0	0	96	5	20	28	9422	0
0.955	0	0	96	6	5	26	7708	0
0.957	0	0	96	8	21	28	9422	0
0.959	0	0	96	10	8	26	7708	0
0.962	0	0	97	3	9	26	7708	0
0.965	0	0	97	6	11	26	7708	0
0.966	0	0	97	7	8	26	7708	0
0.968	0	0	97	9	15	26	7708	0
0.969	0	0	97	10	4	26	7708	0
0.97	0	0	98	1	4	26	7708	0
0.972	0	0	98	3	11	26	7708	0
0.974	0	0	98	5	12	26	7708	0
0.975	0	0	98	6	15	26	7708	0
0.976	0	0	98	7	20	28	9422	0
0.977	0	0	98	8	5	26	7708	0
0.979	0	0	98	10	8	26	7708	0
0.98	0	0	99	1	12	26	7708	0
0.982	0	0	99	3	20	28	9422	0
0.983	0	0	99	4	5	26	7708	0
0.985	0	0	99	6	11	26	7708	0
0.986	0	0	99	7	8	26	7708	0
0.988	0	0	99	9	15	26	7708	0
0.991	0	0	100	2	9	26	7708	0
0.992	0	0	100	3	11	26	7708	0
0.994	0	0	100	5	12	26	7708	0
0.995	0	0	100	6	15	26	7708	0
0.996	0	0	100	7	9	26	7708	0
0.997	0	0	100	8	20	28	9422	0
0.998	0	0	100	9	5	26	7708	0
1	0	0	101	1	8	26	7708	0
1.001	0	0	101	2	12	26	7708	0
1.003	0	0	101	4	20	28	9422	0
1.004	0	0	101	5	5	26	7708	0
1.005	0	0	101	6	11	26	7708	0
1.006	0	0	101	7	4	26	7708	0
1.007	0	0	101	8	8	26	7708	0
1.01	0	0	102	1	15	26	7708	0
1.015	0	0	102	6	12	26	7708	0
1.016	0	0	102	7	15	26	7708	0
1.017	0	0	102	8	20	28	9422	0
1.018	0	0	102	9	5	26	7708	0
1.02	0	0	103	1	8	26	7708	0
1.022	0	0	103	3	9	26	7708	0
1.027	0	0	103	8	11	26	7708	0
1.03	0	0	104	1	15	26	7708	0
1.033	0	0	104	4	11	26	7708	0
1.035	0	0	104	6	12	26	7708	0
1.036	0	0	104	7	15	26	7708	0
1.037	0	0	104	8	20	28	9422	0
1.038	0	0	104	9	5	26	7708	0
1.04	0	0	105	1	8	26	7708	0
1.041	0	0	105	2	12	26	7708	0
1.042	0	0	105	3	4	26	7708	0
1.043	0	0	105	4	20	28	4587	0
1.043	0	0	105	4	4	26	3822	0
1.044	0	0	105	5	5	26	3822	0
1.044	0	0	105	5	4	26	3822	0
1.045	0	0	105	6	11	26	7708	0
1.046	0	0	105	7	8	26	7708	0
1.048	0	0	105	9	15	26	7708	0
1.051	0	0	106	2	11	26	7708	0
1.053	0	0	106	4	12	26	7708	0
1.054	0	0	106	5	15	26	7708	0
1.055	0	0	106	6	20	28	9422	0
1.056	0	0	106	7	5	26	7708	0
1.059	0	0	106	10	8	26	7708	0
1.06	0	0	107	1	12	26	7708	0
1.062	0	0	107	3	20	28	9422	0
1.063	0	0	107	4	5	26	7708	0
1.064	0	0	107	5	11	26	7708	0
1.065	0	0	107	6	8	26	7708	0
1.067	0	0	107	8	15	26	7708	0
1.07	0	0	108	1	11	26	7708	0
1.072	0	0	108	3	12	26	7708	0
1.073	0	0	108	4	15	26	7708	0
1.074	0	0	108	5	20	28	9422	0
1.075	0	0	108	6	5	26	7708	0
1.077	0	0	108	8	8	26	7708	0
1.078	0	0	108	9	12	26	7708	0
1.079	0	0	108	10	4	26	7708	0
1.081	0	0	109	2	20	28	9422	0
1.082	0	0	109	3	5	26	7708	0
1.083	0	0	109	4	11	26	7708	0
1.084	0	0	109	5	8	26	7708	0
1.086	0	0	109	7	15	26	7708	0
1.089	0	0	109	10	11	26	7708	0
1.091	0	0	110	2	12	26	7708	0
1.092	0	0	110	3	15	26	7708	0
1.093	0	0	110	4	20	28	9422	0
1.095	0	0	110	6	5	26	7708	0
1.097	0	0	110	8	8	26	7708	0
1.098	0	0	110	9	12	26	7708	0
1.1	0	0	111	1	20	28	9422	0
1.101	0	0	111	2	5	26	7708	0
1.102	0	0	111	3	11	26	7708	0
1.103	0	0	111	4	8	26	7708	0
1.105	0	0	111	6	15	26	7708	0
1.108	0	0	111	9	11	26	7708	0
1.11	0	0	112	1	12	26	7708	0
1.111	0	0	112	2	15	26	7708	0
1.112	0	0	112	3	20	28	9422	0
1.113	0	0	112	4	5	26	7708	0
1.115	0	0	112	6	8	26	7708	0
1.116	0	0	112	7	4	26	7708	0
1.117	0	0	112	8	12	26	7708	0
1.119	0	0	112	10	20	28	9422	0
1.12	0	0	113	1	5	26	7708	0
1.121	0	0	113	2	11	26	7708	0
1.122	0	0	113	3	8	26	7708	0
1.124	0	0	113	5	15	26	7708	0
1.127	0	0	113	8	11	26	7708	0
1.129	0	0	113	10	12	26	7708	0
1.13	0	0	114	1	15	26	7708	0
1.132	0	0	114	3	20	28	9422	0
1.133	0	0	114	4	5	26	7708	0
1.135	0	0	114	6	8	26	7708	0
1.136	0	0	114	7	12	26	7708	0
1.138	0	0	114	9	9	26	7708	0
1.139	0	0	114	10	9	26	7708	0
1.14	0	0	115	1	3	24	6882	0
1.142	0	0	115	3	11	26	7708	0
1.143	0	0	115	4	9	26	7708	0
1.144	0	0	115	5	9	26	7708	0
1.145	0	0	115	6	9	26	7708	0
1.147	0	0	115	8	12	26	7708	0
1.149	0	0	115	10	15	26	7708	0
1.151	0	0	116	2	20	28	9422	0
1.153	0	0	116	4	4	26	7708	0
1.154	0	0	116	5	3	24	6882	0
1.156	0	0	116	7	9	26	7708	0
1.157	0	0	116	8	9	26	7708	0
1.158	0	0	116	9	9	26	7708	0
1.159	0	0	116	10	5	26	7708	0
1.16	0	0	117	1	9	26	7708	0
1.161	0	0	117	2	9	26	7708	0
1.162	0	0	117	3	21	28	9422	0
1.163	0	0	117	4	11	26	7708	0
1.164	0	0	117	5	8	26	7708	0
1.165	0	0	117	6	12	26	7708	0
1.168	0	0	117	9	3	24	6882	0
1.175	0	0	118	6	15	26	7708	0
1.176	0	0	118	7	20	28	9422	0
1.177	0	0	118	8	3	24	6882	0
1.178	0	0	118	9	5	26	3822	0
1.178	0	0	118	9	3	24	3422	0
1.179	0	0	118	10	9	26	7708	0
1.18	0	0	119	1	21	28	9422	0
1.181	0	0	119	2	3	24	3422	0
1.181	0	0	119	2	11	26	3822	0
1.182	0	0	119	3	8	26	7708	0
1.184	0	0	119	5	12	26	7708	0
1.19	0	0	120	1	4	26	7708	0
1.192	0	0	120	3	8	26	7708	0
1.194	0	0	120	5	15	26	7708	0
1.195	0	0	120	6	20	28	4587	0
1.195	0	0	120	6	3	24	3422	0
1.196	0	0	120	7	5	26	7708	0
1.197	0	0	120	8	9	26	7708	0
1.199	0	0	120	10	8	26	7708	0
1.207	0	0	121	8	11	26	7708	0
1.209	0	0	121	10	12	26	3822	0
1.209	0	0	121	10	3	24	3422	0
1.213	0	0	122	4	11	26	7708	0
1.215	0	0	122	6	3	24	6882	0
1.216	0	0	122	7	14	24	6882	0
1.217	0	0	122	8	8	26	7708	0
1.219	0	0	122	10	15	26	7708	0
1.22	0	0	123	1	20	28	9422	0
1.221	0	0	123	2	5	26	7708	0
1.222	0	0	123	3	3	24	6882	0
1.223	0	0	123	4	8	26	7708	0
1.225	0	0	123	6	15	26	7708	0
1.226	0	0	123	7	9	26	7708	0
1.227	0	0	123	8	20	28	9422	0
1.228	0	0	123	9	5	26	7708	0
1.229	0	0	123	10	11	26	7708	0
1.232	0	0	124	3	3	24	6882	0
1.233	0	0	124	4	9	26	7708	0
1.235	0	0	124	6	12	26	7708	0
1.236	0	0	124	7	3	24	6882	0
1.24	0	0	125	1	8	26	7708	0
1.242	0	0	125	3	12	26	7708	0
1.243	0	0	125	4	15	26	7708	0
1.244	0	0	125	5	20	28	9422	0
1.245	0	0	125	6	5	26	7708	0
1.248	0	0	125	9	11	26	7708	0
1.25	0	0	126	1	3	24	6882	0
1.252	0	0	126	3	3	24	6882	0
1.255	0	0	126	6	11	26	7708	0
1.257	0	0	126	8	12	26	7708	0
1.261	0	0	127	2	9	26	7708	0
1.263	0	0	127	4	3	24	3422	0
1.263	0	0	127	4	8	26	3822	0
1.264	0	0	127	5	12	26	7708	0
1.266	0	0	127	7	15	26	7708	0
1.267	0	0	127	8	20	28	9422	0
1.268	0	0	127	9	5	26	7708	0
1.269	0	0	127	10	3	24	6882	0
1.27	0	0	128	1	11	26	7708	0
1.273	0	0	128	4	4	26	7708	0
1.277	0	0	128	8	11	26	3822	0
1.277	0	0	128	8	3	24	3422	0
1.28	0	0	129	1	9	26	7708	0
1.281	0	0	129	2	12	26	7708	0
1.283	0	0	129	4	7	24	6882	0
1.284	0	0	129	5	14	24	6882	0
1.287	0	0	129	8	3	24	6882	0
1.288	0	0	129	9	8	26	7708	0
1.29	0	0	130	1	15	26	3822	0
1.29	0	0	130	1	3	24	3422	0
1.291	0	0	130	2	20	28	9422	0
1.293	0	0	130	4	5	26	7708	0
1.294	0	0	130	5	11	26	7708	0
1.295	0	0	130	6	8	26	7708	0
1.297	0	0	130	8	15	26	7708	0
1.304	0	0	131	5	3	24	3422	0
1.304	0	0	131	5	12	26	3822	0
1.309	0	0	131	10	8	26	7708	0
1.311	0	0	132	2	12	26	7708	0
1.312	0	0	132	3	15	26	7708	0
1.313	0	0	132	4	20	28	9422	0
1.314	0	0	132	5	3	24	6882	0
1.315	0	0	132	6	5	26	7708	0
1.316	0	0	132	7	11	26	7708	0
1.318	0	0	132	9	3	24	6882	0
1.319	0	0	132	10	15	26	7708	0
1.32	0	0	133	1	7	24	6882	0
1.321	0	0	133	2	9	26	7708	0
1.323	0	0	133	4	9	26	7708	0
1.327	0	0	133	8	12	26	7708	0
1.328	0	0	133	9	3	24	6882	0
1.331	0	0	134	2	3	24	6882	0
1.333	0	0	134	4	8	26	7708	0
1.334	0	0	134	5	12	26	7708	0
1.335	0	0	134	6	15	26	7708	0
1.336	0	0	134	7	20	28	9422	0
1.337	0	0	134	8	5	26	7708	0
1.338	0	0	134	9	11	26	7708	0
1.339	0	0	134	10	8	26	7708	0
1.341	0	0	135	2	15	26	7708	0
1.342	0	0	135	3	20	28	9422	0
1.344	0	0	135	5	9	26	7708	0
1.345	0	0	135	6	3	24	3422	0
1.345	0	0	135	6	9	26	3822	0
1.349	0	0	135	10	12	26	7708	0
1.35	0	0	136	1	4	26	7708	0
1.351	0	0	136	2	7	24	6882	0
1.352	0	0	136	3	14	24	6882	0
1.353	0	0	136	4	4	26	7708	0
1.354	0	0	136	5	20	28	9422	0
1.355	0	0	136	6	5	26	7708	0
1.356	0	0	136	7	11	26	7708	0
1.357	0	0	136	8	8	26	7708	0
1.359	0	0	136	10	15	26	3822	0
1.359	0	0	136	10	3	24	3422	0
1.361	0	0	137	2	20	28	9422	0
1.362	0	0	137	3	5	26	7708	0
1.363	0	0	137	4	11	26	7708	0
1.364	0	0	137	5	8	26	7708	0
1.365	0	0	137	6	3	24	6882	0
1.367	0	0	137	8	12	26	7708	0
1.372	0	0	138	3	3	24	6882	0
1.373	0	0	138	4	12	26	7708	0
1.376	0	0	138	7	20	28	9422	0
1.377	0	0	138	8	5	26	7708	0
1.378	0	0	138	9	11	26	7708	0
1.379	0	0	138	10	8	26	7708	0
1.381	0	0	139	2	15	26	7708	0
1.382	0	0	139	3	20	28	9422	0
1.383	0	0	139	4	5	26	7708	0
1.384	0	0	139	5	11	26	7708	0
1.385	0	0	139	6	8	26	7708	0
1.386	0	0	139	7	12	26	3822	0
1.386	0	0	139	7	3	24	3422	0
1.387	0	0	139	8	15	26	7708	0
1.392	0	0	140	3	12	26	7708	0
1.393	0	0	140	4	3	24	6882	0
1.394	0	0	140	5	20	28	9422	0
1.395	0	0	140	6	5	26	7708	0
1.397	0	0	140	8	3	24	6882	0
1.398	0	0	140	9	11	26	7708	0
1.399	0	0	140	10	8	26	7708	0
1.401	0	0	141	2	15	26	7708	0
1.404	0	0	141	5	11	26	7708	0
1.405	0	0	141	6	8	26	7708	0
1.406	0	0	141	7	9	26	7708	0
1.407	0	0	141	8	12	26	7708	0
1.408	0	0	141	9	15	26	7708	0
1.413	0	0	142	4	9	26	7708	0
1.414	0	0	142	5	12	26	3822	0
1.414	0	0	142	5	3	24	3422	0
1.415	0	0	142	6	4	26	7708	0
1.416	0	0	142	7	3	24	6882	0
1.417	0	0	142	8	20	28	9422	0
1.418	0	0	142	9	5	26	7708	0
1.419	0	0	142	10	11	26	7708	0
1.42	0	0	143	1	8	26	7708	0
1.424	0	0	143	5	3	24	6882	0
1.425	0	0	143	6	15	26	7708	0
1.431	0	0	144	2	12	26	7708	0
1.432	0	0	144	3	15	26	7708	0
1.437	0	0	144	8	12	26	7708	0
1.439	0	0	144	10	20	28	9422	0
1.44	0	0	145	1	5	26	7708	0
1.441	0	0	145	2	9	26	7708	0
1.442	0	0	145	3	11	26	7708	0
1.443	0	0	145	4	8	26	7708	0
1.445	0	0	145	6	15	26	7708	0
1.446	0	0	145	7	20	28	9422	0
1.447	0	0	145	8	5	26	7708	0
1.448	0	0	145	9	11	26	7708	0
1.449	0	0	145	10	8	26	7708	0
1.45	0	0	146	1	12	26	7708	0
1.451	0	0	146	2	15	26	7708	0
1.452	0	0	146	3	4	26	7708	0
1.457	0	0	146	8	12	26	7708	0
1.459	0	0	146	10	20	28	9422	0
1.46	0	0	147	1	5	26	7708	0
1.461	0	0	147	2	11	26	7708	0
1.462	0	0	147	3	8	26	7708	0
1.464	0	0	147	5	15	26	7708	0
1.465	0	0	147	6	20	28	9422	0
1.466	0	0	147	7	5	26	7708	0
1.468	0	0	147	9	11	26	7708	0
1.469	0	0	147	10	8	26	7708	0
1.47	0	0	148	1	12	26	7708	0
1.471	0	0	148	2	15	26	7708	0
1.476	0	0	148	7	12	26	7708	0
1.478	0	0	148	9	20	28	9422	0
1.479	0	0	148	10	5	26	7708	0
1.48	0	0	149	1	11	26	7708	0
1.481	0	0	149	2	8	26	7708	0
1.483	0	0	149	4	15	26	7708	0
1.484	0	0	149	5	20	28	9422	0
1.485	0	0	149	6	5	26	7708	0
1.486	0	0	149	7	11	26	7708	0
1.487	0	0	149	8	8	26	7708	0
1.488	0	0	149	9	12	26	7708	0
1.489	0	0	149	10	14	24	2196	0
1.489	0	0	149	10	3	24	2196	0
1.489	0	0	149	10	4	26	2481	0
1.49	0	0	150	1	4	26	7708	0
1.498	0	0	150	9	20	28	9422	0
1.499	0	0	150	10	5	26	7708	0
1.5	0	0	151	1	4	26	7708	0
1.501	0	0	151	2	11	26	7708	0
1.502	0	0	151	3	8	26	7708	0
1.503	0	0	151	4	3	24	6882	0
1.506	0	0	151	7	15	26	7708	0
1.511	0	0	152	2	12	26	7708	0
1.512	0	0	152	3	15	26	7708	0
1.517	0	0	152	8	3	24	3422	0
1.517	0	0	152	8	12	26	3822	0
1.52	0	0	153	1	20	28	9422	0
1.521	0	0	153	2	5	26	7708	0
1.522	0	0	153	3	11	26	7708	0
1.523	0	0	153	4	8	26	7708	0
1.525	0	0	153	6	15	26	7708	0
1.526	0	0	153	7	20	28	9422	0
1.527	0	0	153	8	5	26	7708	0
1.528	0	0	153	9	11	26	7708	0
1.529	0	0	153	10	8	26	7708	0
1.53	0	0	154	1	12	26	7708	0
1.531	0	0	154	2	15	26	7708	0
1.536	0	0	154	7	12	26	7708	0
1.538	0	0	154	9	20	28	9422	0
1.539	0	0	154	10	5	26	7708	0
1.54	0	0	155	1	11	26	3822	0
1.54	0	0	155	1	3	24	3422	0
1.541	0	0	155	2	8	26	7708	0
1.543	0	0	155	4	9	26	7708	0
1.544	0	0	155	5	3	24	6882	0
1.545	0	0	155	6	15	26	7708	0
1.548	0	0	155	9	11	26	7708	0
1.55	0	0	156	1	12	26	7708	0
1.551	0	0	156	2	15	26	7708	0
1.554	0	0	156	5	11	26	7708	0
1.557	0	0	156	8	14	24	3422	0
1.557	0	0	156	8	3	24	3422	0
1.558	0	0	156	9	3	24	6882	0
1.56	0	0	157	1	20	28	9422	0
1.561	0	0	157	2	5	26	7708	0
1.562	0	0	157	3	3	24	6882	0
1.564	0	0	157	5	8	26	7708	0
1.566	0	0	157	7	15	26	7708	0
1.567	0	0	157	8	20	28	9422	0
1.568	0	0	157	9	5	26	7708	0
1.569	0	0	157	10	11	26	7708	0
1.57	0	0	158	1	8	26	7708	0
1.571	0	0	158	2	3	24	6882	0
1.573	0	0	158	4	12	26	7708	0
1.577	0	0	158	8	3	24	6882	0
1.58	0	0	159	1	12	26	7708	0
1.581	0	0	159	2	4	26	7708	0
1.582	0	0	159	3	3	24	6882	0
1.584	0	0	159	5	20	28	9422	0
1.585	0	0	159	6	5	26	7708	0
1.587	0	0	159	8	11	26	7708	0
1.588	0	0	159	9	7	24	6882	0
1.589	0	0	159	10	8	26	7708	0
1.591	0	0	160	2	15	26	7708	0
1.592	0	0	160	3	3	24	6882	0
1.594	0	0	160	5	11	26	7708	0
1.595	0	0	160	6	3	24	6882	0
1.596	0	0	160	7	8	26	7708	0
1.597	0	0	160	8	12	26	7708	0
1.598	0	0	160	9	15	26	7708	0
1.603	0	0	161	4	12	26	7708	0
1.606	0	0	161	7	20	28	9422	0
1.607	0	0	161	8	5	26	7708	0
1.608	0	0	161	9	3	24	6882	0
1.609	0	0	161	10	11	26	7708	0
1.61	0	0	162	1	8	26	7708	0
1.612	0	0	162	3	15	26	3822	0
1.612	0	0	162	3	3	24	3422	0
1.613	0	0	162	4	9	26	7708	0
1.614	0	0	162	5	3	24	6882	0
1.616	0	0	162	7	9	26	7708	0
1.619	0	0	162	10	9	26	7708	0
1.621	0	0	163	2	12	26	7708	0
1.624	0	0	163	5	20	28	9422	0
1.625	0	0	163	6	14	24	6882	0
1.626	0	0	163	7	3	24	3422	0
1.626	0	0	163	7	5	26	3822	0
1.629	0	0	163	10	3	24	6882	0
1.63	0	0	164	1	4	26	7708	0
1.631	0	0	164	2	11	26	7708	0
1.632	0	0	164	3	8	26	7708	0
1.634	0	0	164	5	15	26	7708	0
1.637	0	0	164	8	11	26	7708	0
1.638	0	0	164	9	8	26	7708	0
1.639	0	0	164	10	12	26	7708	0
1.64	0	0	165	1	15	26	7708	0
1.642	0	0	165	3	20	28	9422	0
1.644	0	0	165	5	9	26	7708	0
1.648	0	0	165	9	9	26	7708	0
1.651	0	0	166	2	5	26	7708	0
1.652	0	0	166	3	11	26	7708	0
1.653	0	0	166	4	3	24	3422	0
1.653	0	0	166	4	8	26	3822	0
1.654	0	0	166	5	3	24	6882	0
1.655	0	0	166	6	15	26	7708	0
1.657	0	0	166	8	5	26	7708	0
1.659	0	0	166	10	11	26	7708	0
1.66	0	0	167	1	8	26	7708	0
1.661	0	0	167	2	12	26	7708	0
1.662	0	0	167	3	15	26	7708	0
1.663	0	0	167	4	20	28	9422	0
1.667	0	0	167	8	12	26	7708	0
1.668	0	0	167	9	1	26	7708	0
1.669	0	0	167	10	20	28	9422	0
1.67	0	0	168	1	5	26	7708	0
1.671	0	0	168	2	11	26	7708	0
1.672	0	0	168	3	8	26	7708	0
1.673	0	0	168	4	3	24	6882	0
1.674	0	0	168	5	15	26	7708	0
1.676	0	0	168	7	5	26	7708	0
1.677	0	0	168	8	3	24	6882	0
1.678	0	0	168	9	11	26	7708	0
1.679	0	0	168	10	8	26	7708	0
1.68	0	0	169	1	12	26	7708	0
1.681	0	0	169	2	15	26	3822	0
1.681	0	0	169	2	3	24	3422	0
1.682	0	0	169	3	20	28	9422	0
1.687	0	0	169	8	12	26	7708	0
1.691	0	0	170	2	5	26	7708	0
1.692	0	0	170	3	11	26	7708	0
1.693	0	0	170	4	9	26	7708	0
1.694	0	0	170	5	3	24	3422	0
1.694	0	0	170	5	8	26	3822	0
1.695	0	0	170	6	9	26	7708	0
1.696	0	0	170	7	9	26	7708	0
1.697	0	0	170	8	9	26	7708	0
1.698	0	0	170	9	12	26	7708	0
1.699	0	0	170	10	15	26	7708	0
1.7	0	0	171	1	20	28	9422	0
1.704	0	0	171	5	12	26	7708	0
1.705	0	0	171	6	1	26	7708	0
1.706	0	0	171	7	15	26	7708	0
1.707	0	0	171	8	20	28	9422	0
1.708	0	0	171	9	3	24	3422	0
1.708	0	0	171	9	14	24	3422	0
1.71	0	0	172	1	3	24	6882	0
1.711	0	0	172	2	11	26	7708	0
1.712	0	0	172	3	8	26	7708	0
1.713	0	0	172	4	4	26	7708	0
1.714	0	0	172	5	3	24	6882	0
1.715	0	0	172	6	4	26	7708	0
1.716	0	0	172	7	12	26	7708	0
1.717	0	0	172	8	15	26	3822	0
1.717	0	0	172	8	9	26	3822	0
1.718	0	0	172	9	20	28	9422	0
1.719	0	0	172	10	5	26	7708	0
1.72	0	0	173	1	9	26	7708	0
1.721	0	0	173	2	9	26	7708	0
1.722	0	0	173	3	9	26	7708	0
1.724	0	0	173	5	9	26	7708	0
1.731	0	0	174	2	11	26	3822	0
1.731	0	0	174	2	9	26	3822	0
1.734	0	0	174	5	8	26	7708	0
1.735	0	0	174	6	12	26	3822	0
1.735	0	0	174	6	3	24	3422	0
1.736	0	0	174	7	15	26	7708	0
1.737	0	0	174	8	20	28	4587	0
1.737	0	0	174	8	1	26	3822	0
1.738	0	0	174	9	5	26	7708	0
1.74	0	0	175	1	8	26	7708	0
1.741	0	0	175	2	9	26	3822	0
1.741	0	0	175	2	12	26	3822	0
1.742	0	0	175	3	15	26	3822	0
1.742	0	0	175	3	3	24	3422	0
1.743	0	0	175	4	20	28	9422	0
1.744	0	0	175	5	5	26	3822	0
1.744	0	0	175	5	9	26	3822	0
1.749	0	0	175	10	3	24	6882	0
1.751	0	0	176	2	3	24	6882	0
1.756	0	0	176	7	5	26	7708	0
1.757	0	0	176	8	11	26	7708	0
1.758	0	0	176	9	8	26	3822	0
1.758	0	0	176	9	9	26	3822	0
1.759	0	0	176	10	12	26	7708	0
1.76	0	0	177	1	15	26	7708	0
1.762	0	0	177	3	3	24	3422	0
1.762	0	0	177	3	9	26	3822	0
1.763	0	0	177	4	20	28	9422	0
1.769	0	0	177	10	20	28	9422	0
1.772	0	0	178	3	3	24	3422	0
1.772	0	0	178	3	9	26	3822	0
1.775	0	0	178	6	14	24	6882	0
1.776	0	0	178	7	3	24	6882	0
1.778	0	0	178	9	14	24	6882	0
1.779	0	0	178	10	9	26	7708	0
1.78	0	0	179	1	15	26	7708	0
1.781	0	0	179	2	20	28	9422	0
1.782	0	0	179	3	5	26	7708	0
1.783	0	0	179	4	11	26	7708	0
1.784	0	0	179	5	8	26	7708	0
1.785	0	0	179	6	9	26	3822	0
1.785	0	0	179	6	12	26	3822	0
1.786	0	0	179	7	15	26	7708	0
1.788	0	0	179	9	20	28	9422	0
1.789	0	0	179	10	5	26	7708	0
1.79	0	0	180	1	11	26	3822	0
1.79	0	0	180	1	3	24	3422	0
1.791	0	0	180	2	8	26	7708	0
1.792	0	0	180	3	12	26	7708	0
1.795	0	0	180	6	9	26	7708	0
1.799	0	0	180	10	9	26	7708	0
1.8	0	0	181	1	3	24	6882	0
1.802	0	0	181	3	15	26	7708	0
1.803	0	0	181	4	20	28	4587	0
1.803	0	0	181	4	3	24	3422	0
1.804	0	0	181	5	5	26	7708	0
1.805	0	0	181	6	1	26	7708	0
1.806	0	0	181	7	11	26	7708	0
1.807	0	0	181	8	8	26	7708	0
1.808	0	0	181	9	12	26	7708	0
1.813	0	0	182	4	9	26	7708	0
1.817	0	0	182	8	3	24	6882	0
1.821	0	0	183	2	20	28	9422	0
1.822	0	0	183	3	5	26	7708	0
1.823	0	0	183	4	9	26	7708	0
1.826	0	0	183	7	9	26	7708	0
1.827	0	0	183	8	3	24	6882	0
1.828	0	0	183	9	15	26	7708	0
1.831	0	0	184	2	3	24	3422	0
1.831	0	0	184	2	11	26	3822	0
1.833	0	0	184	4	8	26	7708	0
1.834	0	0	184	5	12	26	7708	0
1.836	0	0	184	7	9	26	7708	0
1.84	0	0	185	1	8	26	3822	0
1.84	0	0	185	1	9	26	3822	0
1.841	0	0	185	2	12	26	3822	0
1.841	0	0	185	2	9	26	3822	0
1.842	0	0	185	3	1	26	7708	0
1.844	0	0	185	5	3	24	3422	0
1.844	0	0	185	5	20	28	4587	0
1.845	0	0	185	6	5	26	7708	0
1.849	0	0	185	10	15	26	7708	0
1.85	0	0	186	1	20	28	4587	0
1.85	0	0	186	1	9	26	3822	0
1.851	0	0	186	2	5	26	3822	0
1.851	0	0	186	2	9	26	3822	0
1.852	0	0	186	3	11	26	7708	0
1.854	0	0	186	5	9	26	7708	0
1.855	0	0	186	6	3	24	6882	0
1.856	0	0	186	7	12	26	7708	0
1.858	0	0	186	9	3	24	6882	0
1.861	0	0	187	2	8	26	7708	0
1.862	0	0	187	3	12	26	7708	0
1.864	0	0	187	5	20	28	9422	0
1.866	0	0	187	7	5	26	7708	0
1.867	0	0	187	8	9	26	7708	0
1.868	0	0	187	9	8	26	7708	0
1.871	0	0	188	2	4	26	7708	0
1.872	0	0	188	3	15	26	3822	0
1.872	0	0	188	3	3	24	3422	0
1.873	0	0	188	4	14	24	3422	0
1.873	0	0	188	4	1	26	3822	0
1.876	0	0	188	7	11	26	7708	0
1.878	0	0	188	9	12	26	7708	0
1.879	0	0	188	10	15	26	7708	0
1.881	0	0	189	2	9	26	7708	0
1.883	0	0	189	4	11	26	7708	0
1.884	0	0	189	5	8	26	7708	0
1.885	0	0	189	6	12	26	3822	0
1.885	0	0	189	6	3	24	3422	0
1.889	0	0	189	10	9	26	7708	0
1.89	0	0	190	1	20	28	9422	0
1.891	0	0	190	2	5	26	3822	0
1.891	0	0	190	2	9	26	3822	0
1.892	0	0	190	3	3	24	6882	0
1.893	0	0	190	4	4	26	7708	0
1.895	0	0	190	6	9	26	3822	0
1.895	0	0	190	6	14	24	3422	0
1.897	0	0	190	8	12	26	7708	0
1.898	0	0	190	9	15	26	7708	0
1.899	0	0	190	10	3	24	6882	0
1.902	0	0	191	3	11	26	7708	0
1.908	0	0	191	9	9	26	7708	0
1.909	0	0	191	10	3	24	6882	0
1.91	0	0	192	1	1	26	7708	0
1.911	0	0	192	2	5	26	7708	0
1.913	0	0	192	4	8	26	3822	0
1.913	0	0	192	4	3	24	3422	0
1.915	0	0	192	6	12	26	7708	0
1.916	0	0	192	7	15	26	7708	0
1.917	0	0	192	8	20	28	9422	0
1.921	0	0	193	2	11	26	7708	0
1.922	0	0	193	3	9	26	7708	0
1.926	0	0	193	7	3	24	6882	0
1.927	0	0	193	8	9	26	7708	0
1.93	0	0	194	1	4	26	7708	0
1.931	0	0	194	2	8	26	7708	0
1.935	0	0	194	6	5	26	7708	0
1.936	0	0	194	7	9	26	7708	0
1.938	0	0	194	9	8	26	7708	0
1.939	0	0	194	10	12	26	7708	0
1.94	0	0	195	1	15	26	3822	0
1.94	0	0	195	1	3	24	3422	0
1.941	0	0	195	2	1	26	7708	0
1.942	0	0	195	3	20	28	9422	0
1.945	0	0	195	6	11	28	9422	0
1.949	0	0	195	10	20	28	4587	0
1.949	0	0	195	10	9	26	3822	0
1.952	0	0	196	3	11	28	9422	0
1.953	0	0	196	4	8	26	7708	0
1.954	0	0	196	5	3	24	6882	0
1.957	0	0	196	8	4	26	7708	0
1.958	0	0	196	9	4	26	7708	0
1.959	0	0	196	10	9	26	7708	0
1.96	0	0	197	1	15	26	7708	0
1.961	0	0	197	2	20	28	9422	0
1.962	0	0	197	3	5	26	7708	0
1.963	0	0	197	4	9	26	3822	0
1.963	0	0	197	4	3	24	3422	0
1.964	0	0	197	5	3	24	6882	0
1.965	0	0	197	6	11	28	9422	0
1.967	0	0	197	8	12	26	3822	0
1.967	0	0	197	8	3	24	3422	0
1.971	0	0	198	2	14	24	6882	0
1.975	0	0	198	6	8	26	7708	0
1.977	0	0	198	8	9	26	7708	0
1.978	0	0	198	9	1	26	7708	0
1.979	0	0	198	10	20	28	9422	0
1.98	0	0	199	1	5	26	7708	0
1.981	0	0	199	2	3	24	6882	0
1.982	0	0	199	3	8	26	7708	0
1.985	0	0	199	6	12	26	7708	0
1.986	0	0	199	7	15	26	7708	0
1.987	0	0	199	8	9	26	7708	0
1.99	0	0	200	1	11	28	4587	0
1.99	0	0	200	1	9	26	3822	0
1.992	0	0	200	3	12	26	7708	0
1.993	0	0	200	4	15	26	7708	0
1.995	0	0	200	6	3	24	6882	0
1.999	0	0	200	10	8	26	7708	0
2	0	0	201	1	9	26	7708	0
2.002	0	0	201	3	20	28	9422	0
2.003	0	0	201	4	14	24	6882	0
2.004	0	0	201	5	5	26	3822	0
2.004	0	0	201	5	9	26	3822	0
2.005	0	0	201	6	9	26	7708	0
2.006	0	0	201	7	8	26	7708	0
2.007	0	0	201	8	12	26	7708	0
2.008	0	0	201	9	15	26	3822	0
2.008	0	0	201	9	3	24	3422	0
2.009	0	0	201	10	20	28	9422	0
2.01	0	0	202	1	1	26	7708	0
2.011	0	0	202	2	5	26	7708	0
2.012	0	0	202	3	4	26	7708	0
2.013	0	0	202	4	11	28	9422	0
2.014	0	0	202	5	9	26	7708	0
2.018	0	0	202	9	3	24	3422	0
2.018	0	0	202	9	9	26	3822	0
2.019	0	0	202	10	9	26	7708	0
2.02	0	0	203	1	11	28	9422	0
2.021	0	0	203	2	8	26	7708	0
2.022	0	0	203	3	3	24	6882	0
2.026	0	0	203	7	20	28	9422	0
2.027	0	0	203	8	5	26	7708	0
2.031	0	0	204	2	12	26	7708	0
2.033	0	0	204	4	15	26	7708	0
2.036	0	0	204	7	3	24	3422	0
2.036	0	0	204	7	11	28	4587	0
2.038	0	0	204	9	12	26	7708	0
2.039	0	0	204	10	15	26	7708	0
2.043	0	0	205	4	11	28	9422	0
2.044	0	0	205	5	8	26	7708	0
2.046	0	0	205	7	3	24	6882	0
2.047	0	0	205	8	1	26	7708	0
2.049	0	0	205	10	3	24	3422	0
2.049	0	0	205	10	20	28	4587	0
2.05	0	0	206	1	5	26	7708	0
2.051	0	0	206	2	9	26	7708	0
2.054	0	0	206	5	12	26	7708	0
2.056	0	0	206	7	15	26	7708	0
2.059	0	0	206	10	3	24	3422	0
2.059	0	0	206	10	11	28	4587	0
2.061	0	0	207	2	12	26	7708	0
2.062	0	0	207	3	15	26	7708	0
2.063	0	0	207	4	3	24	6882	0
2.065	0	0	207	6	11	28	9422	0
2.066	0	0	207	7	8	26	7708	0
2.069	0	0	207	10	20	28	9422	0
2.07	0	0	208	1	5	26	7708	0
2.072	0	0	208	3	8	26	7708	0
2.073	0	0	208	4	12	26	7708	0
2.074	0	0	208	5	15	26	7708	0
2.075	0	0	208	6	20	28	9422	0
2.076	0	0	208	7	5	26	7708	0
2.077	0	0	208	8	11	28	4587	0
2.077	0	0	208	8	3	24	3422	0
2.078	0	0	208	9	1	26	7708	0
2.08	0	0	209	1	12	26	7708	0
2.081	0	0	209	2	15	26	7708	0
2.084	0	0	209	5	11	28	9422	0
2.085	0	0	209	6	8	26	7708	0
2.088	0	0	209	9	20	28	9422	0
2.089	0	0	209	10	5	26	7708	0
2.09	0	0	210	1	3	24	6882	0
2.091	0	0	210	2	8	26	7708	0
2.094	0	0	210	5	12	26	7708	0
2.095	0	0	210	6	15	26	7708	0
2.097	0	0	210	8	4	26	7708	0
2.099	0	0	210	10	11	28	9422	0
2.1	0	0	211	1	3	24	6882	0
2.104	0	0	211	5	3	24	6882	0
2.108	0	0	211	9	8	26	7708	0
2.111	0	0	212	2	20	28	4587	0
2.111	0	0	212	2	4	26	3822	0
2.112	0	0	212	3	5	26	3822	0
2.112	0	0	212	3	4	26	3822	0
2.115	0	0	212	6	1	26	7708	0
2.117	0	0	212	8	3	24	3422	0
2.117	0	0	212	8	12	26	3822	0
2.118	0	0	212	9	15	26	7708	0
2.121	0	0	213	2	11	28	9422	0
2.123	0	0	213	4	12	26	7708	0
2.125	0	0	213	6	15	26	7708	0
2.127	0	0	213	8	3	24	3422	0
2.127	0	0	213	8	4	26	3822	0
2.129	0	0	213	10	20	28	9422	0
2.13	0	0	214	1	5	26	7708	0
2.131	0	0	214	2	3	24	6882	0
2.132	0	0	214	3	8	26	7708	0
2.135	0	0	214	6	20	28	9422	0
2.136	0	0	214	7	5	26	7708	0
2.139	0	0	214	10	11	28	9422	0
2.141	0	0	215	2	12	26	3822	0
2.141	0	0	215	2	3	24	3422	0
2.142	0	0	215	3	15	26	7708	0
2.145	0	0	215	6	3	24	3422	0
2.145	0	0	215	6	11	28	4587	0
2.146	0	0	215	7	1	26	2481	0
2.146	0	0	215	7	3	24	2196	0
2.146	0	0	215	7	8	26	2481	0
2.147	0	0	215	8	12	26	7708	0
2.149	0	0	215	10	4	26	7708	0
2.151	0	0	216	2	20	28	9422	0
2.152	0	0	216	3	5	26	7708	0
2.158	0	0	216	9	20	28	4587	0
2.158	0	0	216	9	3	24	3422	0
2.159	0	0	216	10	5	26	7708	0
2.16	0	0	217	1	11	28	9422	0
2.163	0	0	217	4	12	26	7708	0
2.164	0	0	217	5	4	26	7708	0
2.165	0	0	217	6	15	26	7708	0
2.169	0	0	217	10	8	26	7708	0
2.17	0	0	218	1	12	26	7708	0
2.171	0	0	218	2	15	26	7708	0
2.172	0	0	218	3	20	28	4587	0
2.172	0	0	218	3	3	24	3422	0
2.174	0	0	218	5	4	26	3822	0
2.174	0	0	218	5	5	26	3822	0
2.176	0	0	218	7	8	26	7708	0
2.178	0	0	218	9	3	24	6882	0
2.181	0	0	219	2	5	26	7708	0
2.183	0	0	219	4	1	26	7708	0
2.184	0	0	219	5	11	28	9422	0
2.186	0	0	219	7	12	26	3822	0
2.186	0	0	219	7	3	24	3422	0
2.188	0	0	219	9	15	26	7708	0
2.19	0	0	220	1	20	28	9422	0
2.193	0	0	220	4	8	26	7708	0
2.196	0	0	220	7	3	24	6882	0
2.197	0	0	220	8	20	28	9422	0
2.198	0	0	220	9	5	26	7708	0
2.199	0	0	220	10	3	24	6882	0
2.2	0	0	221	1	8	26	7708	0
2.204	0	0	221	5	5	26	7708	0
2.205	0	0	221	6	11	28	9422	0
2.206	0	0	221	7	8	26	7708	0
2.207	0	0	221	8	12	26	7708	0
2.208	0	0	221	9	15	26	7708	0
2.209	0	0	221	10	20	28	4587	0
2.209	0	0	221	10	3	24	3422	0
2.211	0	0	222	2	4	26	7708	0
2.212	0	0	222	3	11	28	9422	0
2.213	0	0	222	4	3	24	3422	0
2.213	0	0	222	4	8	26	3822	0
2.214	0	0	222	5	12	26	2481	0
2.214	0	0	222	5	1	26	2481	0
2.214	0	0	222	5	3	24	2196	0
2.215	0	0	222	6	15	26	7708	0
2.216	0	0	222	7	20	28	9422	0
2.217	0	0	222	8	5	26	7708	0
2.223	0	0	223	4	5	26	7708	0
2.225	0	0	223	6	11	28	9422	0
2.227	0	0	223	8	3	24	3422	0
2.227	0	0	223	8	8	26	3822	0
2.228	0	0	223	9	12	26	7708	0
2.23	0	0	224	1	15	26	7708	0
2.231	0	0	224	2	20	28	9422	0
2.234	0	0	224	5	8	26	7708	0
2.235	0	0	224	6	12	26	7708	0
2.236	0	0	224	7	15	26	7708	0
2.237	0	0	224	8	20	28	9422	0
2.238	0	0	224	9	5	26	7708	0
2.24	0	0	225	1	3	24	6882	0
2.245	0	0	225	6	5	26	7708	0
2.246	0	0	225	7	3	24	6882	0
2.247	0	0	225	8	11	28	9422	0
2.248	0	0	225	9	4	26	7708	0
2.249	0	0	225	10	8	26	7708	0
2.25	0	0	226	1	12	26	7708	0
2.251	0	0	226	2	1	26	7708	0
2.252	0	0	226	3	15	26	7708	0
2.253	0	0	226	4	20	28	9422	0
2.254	0	0	226	5	3	24	6882	0
2.259	0	0	226	10	15	26	7708	0
2.26	0	0	227	1	20	28	9422	0
2.261	0	0	227	2	5	26	7708	0
2.264	0	0	227	5	3	24	6882	0
2.268	0	0	227	9	3	24	6882	0
2.271	0	0	228	2	11	28	9422	0
2.272	0	0	228	3	8	26	7708	0
2.273	0	0	228	4	12	26	7708	0
2.274	0	0	228	5	15	26	7708	0
2.275	0	0	228	6	20	28	9422	0
2.278	0	0	228	9	11	28	9422	0
2.279	0	0	228	10	8	26	7708	0
2.28	0	0	229	1	12	26	7708	0
2.281	0	0	229	2	15	26	3822	0
2.281	0	0	229	2	3	24	3422	0
2.282	0	0	229	3	20	28	9422	0
2.283	0	0	229	4	1	26	3822	0
2.283	0	0	229	4	5	26	3822	0
2.285	0	0	229	6	4	26	7708	0
2.291	0	0	230	2	3	24	6882	0
2.293	0	0	230	4	11	28	9422	0
2.294	0	0	230	5	8	26	7708	0
2.295	0	0	230	6	12	26	3822	0
2.295	0	0	230	6	3	24	3422	0
2.296	0	0	230	7	15	26	7708	0
2.297	0	0	230	8	20	28	9422	0
2.305	0	0	231	6	3	24	6882	0
2.306	0	0	231	7	5	26	7708	0
2.309	0	0	231	10	3	24	6882	0
2.312	0	0	232	3	5	26	7708	0
2.313	0	0	232	4	11	28	9422	0
2.314	0	0	232	5	8	26	7708	0
2.315	0	0	232	6	12	26	7708	0
2.316	0	0	232	7	15	26	7708	0
2.317	0	0	232	8	20	28	9422	0
2.319	0	0	232	10	11	28	9422	0
2.32	0	0	233	1	1	26	7708	0
2.322	0	0	233	3	3	24	3422	0
2.322	0	0	233	3	4	26	3822	0
2.327	0	0	233	8	5	26	7708	0
2.333	0	0	234	4	5	26	7708	0
2.334	0	0	234	5	11	28	9422	0
2.335	0	0	234	6	8	26	7708	0
2.336	0	0	234	7	12	26	3822	0
2.336	0	0	234	7	3	24	3422	0
2.339	0	0	234	10	15	26	7708	0
2.34	0	0	235	1	20	28	9422	0
2.342	0	0	235	3	3	24	6882	0
2.346	0	0	235	7	15	26	7708	0
2.347	0	0	235	8	20	28	9422	0
2.348	0	0	235	9	5	26	7708	0
2.351	0	0	236	2	1	26	7708	0
2.355	0	0	236	6	5	26	7708	0
2.356	0	0	236	7	11	28	9422	0
2.357	0	0	236	8	8	26	7708	0
2.358	0	0	236	9	12	26	7708	0
2.359	0	0	236	10	4	26	7708	0
2.36	0	0	237	1	15	26	7708	0
2.361	0	0	237	2	20	28	9422	0
2.363	0	0	237	4	3	24	3422	0
2.363	0	0	237	4	11	28	4587	0
2.364	0	0	237	5	8	26	7708	0
2.365	0	0	237	6	12	26	7708	0
2.367	0	0	237	8	15	26	7708	0
2.368	0	0	237	9	20	28	9422	0
2.369	0	0	237	10	5	26	7708	0
2.37	0	0	238	1	3	24	6882	0
2.375	0	0	238	6	3	24	6882	0
2.376	0	0	238	7	3	24	6882	0
2.377	0	0	238	8	3	24	6882	0
2.381	0	0	239	2	11	28	9422	0
2.382	0	0	239	3	8	26	7708	0
2.383	0	0	239	4	12	26	7708	0
2.384	0	0	239	5	15	26	7708	0
2.386	0	0	239	7	20	28	9422	0
2.387	0	0	239	8	5	26	7708	0
2.388	0	0	239	9	1	26	7708	0
2.391	0	0	240	2	3	24	6882	0
2.393	0	0	240	4	20	28	9422	0
2.394	0	0	240	5	5	26	7708	0
2.396	0	0	240	7	4	26	7708	0
2.404	0	0	241	5	11	28	4587	0
2.404	0	0	241	5	3	24	3422	0
2.405	0	0	241	6	8	26	7708	0
2.408	0	0	241	9	12	26	7708	0
2.409	0	0	241	10	15	26	7708	0
2.41	0	0	242	1	20	28	9422	0
2.412	0	0	242	3	4	26	3822	0
2.412	0	0	242	3	5	26	3822	0
2.413	0	0	242	4	4	26	7708	0
2.414	0	0	242	5	3	24	6882	0
2.415	0	0	242	6	12	26	7708	0
2.416	0	0	242	7	4	26	7708	0
2.418	0	0	242	9	3	24	6882	0
2.419	0	0	242	10	5	26	7708	0
2.426	0	0	243	7	11	28	9422	0
2.428	0	0	243	9	3	24	6882	0
2.43	0	0	244	1	8	26	7708	0
2.431	0	0	244	2	12	26	3822	0
2.431	0	0	244	2	3	24	3422	0
2.432	0	0	244	3	15	26	7708	0
2.433	0	0	244	4	20	28	9422	0
2.434	0	0	244	5	5	26	7708	0
2.436	0	0	244	7	8	26	7708	0
2.437	0	0	244	8	12	26	7708	0
2.438	0	0	244	9	15	26	7708	0
2.439	0	0	244	10	20	28	9422	0
2.44	0	0	245	1	5	26	7708	0
2.445	0	0	245	6	3	24	6882	0
2.448	0	0	245	9	11	28	9422	0
2.449	0	0	245	10	4	26	7708	0
2.45	0	0	246	1	8	26	7708	0
2.451	0	0	246	2	3	24	6882	0
2.452	0	0	246	3	12	26	7708	0
2.453	0	0	246	4	15	26	7708	0
2.454	0	0	246	5	20	28	9422	0
2.455	0	0	246	6	4	26	3822	0
2.455	0	0	246	6	5	26	3822	0
2.457	0	0	246	8	8	26	7708	0
2.458	0	0	246	9	12	26	7708	0
2.459	0	0	246	10	15	26	3822	0
2.459	0	0	246	10	3	24	3422	0
2.471	0	0	248	2	11	28	9422	0
2.472	0	0	248	3	3	24	3422	0
2.472	0	0	248	3	8	26	3822	0
2.473	0	0	248	4	12	26	7708	0
2.475	0	0	248	6	15	26	7708	0
2.476	0	0	248	7	20	28	9422	0
2.477	0	0	248	8	5	26	7708	0
2.478	0	0	248	9	11	28	9422	0
2.479	0	0	248	10	8	26	7708	0
2.48	0	0	249	1	4	26	7708	0
2.482	0	0	249	3	3	24	6882	0
2.486	0	0	249	7	3	24	6882	0
2.493	0	0	250	4	3	24	6882	0
2.494	0	0	250	5	11	28	9422	0
2.495	0	0	250	6	8	26	7708	0
2.496	0	0	250	7	4	26	7708	0
2.498	0	0	250	9	12	26	7708	0
2.5	0	0	251	1	15	26	7708	0
2.501	0	0	251	2	20	28	9422	0
2.502	0	0	251	3	5	26	7708	0
2.505	0	0	251	6	12	26	7708	0
2.506	0	0	251	7	15	26	3822	0
2.506	0	0	251	7	4	26	3822	0
2.507	0	0	251	8	20	28	9422	0
2.508	0	0	251	9	5	26	7708	0
2.515	0	0	252	6	11	28	9422	0
2.516	0	0	252	7	8	26	7708	0
2.517	0	0	252	8	12	26	7708	0
2.518	0	0	252	9	15	26	7708	0
2.52	0	0	253	1	20	28	9422	0
2.522	0	0	253	3	5	26	7708	0
2.526	0	0	253	7	3	24	6882	0
2.529	0	0	253	10	5	26	7708	0
2.536	0	0	254	7	11	28	9422	0
2.537	0	0	254	8	8	26	7708	0
2.538	0	0	254	9	12	26	7708	0
2.539	0	0	254	10	15	26	7708	0
2.54	0	0	255	1	20	28	9422	0
2.541	0	0	255	2	5	26	7708	0
2.543	0	0	255	4	4	26	7708	0
2.544	0	0	255	5	3	24	6882	0
2.557	0	0	256	8	11	28	9422	0
2.559	0	0	256	10	8	26	7708	0
2.56	0	0	257	1	12	26	7708	0
2.561	0	0	257	2	15	26	7708	0
2.562	0	0	257	3	20	28	9422	0
2.563	0	0	257	4	5	26	7708	0
2.564	0	0	257	5	11	28	9422	0
2.565	0	0	257	6	8	26	7708	0
2.566	0	0	257	7	12	26	7708	0
2.567	0	0	257	8	15	26	7708	0
2.568	0	0	257	9	3	24	6882	0
2.569	0	0	257	10	20	28	9422	0
2.57	0	0	258	1	5	26	7708	0
2.577	0	0	258	8	11	28	9422	0
2.578	0	0	258	9	8	26	7708	0
2.579	0	0	258	10	12	26	7708	0
2.58	0	0	259	1	4	26	7708	0
2.581	0	0	259	2	15	26	7708	0
2.583	0	0	259	4	20	28	9422	0
2.584	0	0	259	5	5	26	7708	0
2.588	0	0	259	9	15	26	7708	0
2.589	0	0	259	10	20	28	9422	0
2.59	0	0	260	1	5	26	7708	0
2.592	0	0	260	3	3	24	6882	0
2.596	0	0	260	7	3	24	6882	0
2.6	0	0	261	1	11	28	9422	0
2.601	0	0	261	2	8	26	7708	0
2.602	0	0	261	3	12	26	7708	0
2.603	0	0	261	4	15	26	7708	0
2.604	0	0	261	5	20	28	9422	0
2.605	0	0	261	6	5	26	7708	0
2.606	0	0	261	7	11	28	9422	0
2.607	0	0	261	8	8	26	7708	0
2.608	0	0	261	9	12	26	7708	0
2.609	0	0	261	10	15	26	7708	0
2.61	0	0	262	1	20	28	9422	0
2.611	0	0	262	2	5	26	7708	0
2.617	0	0	262	8	4	26	7708	0
2.619	0	0	262	10	11	28	9422	0
2.62	0	0	263	1	8	26	7708	0
2.621	0	0	263	2	12	26	7708	0
2.622	0	0	263	3	15	26	7708	0
2.623	0	0	263	4	3	24	6882	0
2.624	0	0	263	5	20	28	9422	0
2.625	0	0	263	6	5	26	3822	0
2.625	0	0	263	6	14	24	3422	0
2.626	0	0	263	7	11	28	9422	0
2.627	0	0	263	8	8	26	7708	0
2.628	0	0	263	9	12	26	7708	0
2.629	0	0	263	10	15	26	7708	0
2.63	0	0	264	1	20	28	9422	0
2.631	0	0	264	2	5	26	7708	0
2.641	0	0	265	2	11	28	9422	0
2.642	0	0	265	3	8	26	7708	0
2.643	0	0	265	4	12	26	7708	0
2.644	0	0	265	5	15	26	7708	0
2.645	0	0	265	6	20	28	9422	0
2.646	0	0	265	7	5	26	7708	0
2.647	0	0	265	8	3	24	6882	0
2.648	0	0	265	9	11	28	9422	0
2.649	0	0	265	10	8	26	7708	0
2.65	0	0	266	1	12	26	7708	0
2.651	0	0	266	2	3	24	6882	0
2.654	0	0	266	5	4	26	7708	0
2.662	0	0	267	3	14	24	6882	0
2.663	0	0	267	4	11	28	9422	0
2.664	0	0	267	5	8	26	7708	0
2.665	0	0	267	6	12	26	7708	0
2.666	0	0	267	7	15	26	7708	0
2.667	0	0	267	8	20	28	9422	0
2.668	0	0	267	9	5	26	7708	0
2.67	0	0	268	1	11	28	9422	0
2.671	0	0	268	2	8	26	7708	0
2.672	0	0	268	3	12	26	7708	0
2.673	0	0	268	4	15	26	7708	0
2.674	0	0	268	5	20	28	9422	0
2.675	0	0	268	6	5	26	7708	0
2.678	0	0	268	9	3	24	6882	0
2.684	0	0	269	5	11	28	9422	0
2.685	0	0	269	6	8	26	7708	0
2.686	0	0	269	7	12	26	7708	0
2.687	0	0	269	8	15	26	7708	0
2.688	0	0	269	9	20	28	9422	0
2.689	0	0	269	10	5	26	7708	0
2.69	0	0	270	1	11	28	4587	0
2.69	0	0	270	1	4	26	3822	0
2.691	0	0	270	2	4	26	7708	0
2.698	0	0	270	9	14	24	6882	0
2.699	0	0	270	10	14	24	6882	0
2.701	0	0	271	2	3	24	6882	0
2.707	0	0	271	8	11	28	9422	0
2.708	0	0	271	9	8	26	7708	0
2.709	0	0	271	10	12	26	7708	0
2.71	0	0	272	1	15	26	7708	0
2.711	0	0	272	2	20	28	9422	0
2.712	0	0	272	3	5	26	7708	0
2.714	0	0	272	5	11	28	9422	0
2.715	0	0	272	6	8	26	7708	0
2.716	0	0	272	7	12	26	7708	0
2.717	0	0	272	8	15	26	7708	0
2.718	0	0	272	9	20	28	9422	0
2.719	0	0	272	10	5	26	7708	0
2.726	0	0	273	7	11	28	9422	0
2.727	0	0	273	8	4	26	7708	0
2.728	0	0	273	9	8	26	7708	0
2.729	0	0	273	10	12	26	7708	0
2.73	0	0	274	1	15	26	7708	0
2.731	0	0	274	2	20	28	9422	0
2.732	0	0	274	3	3	24	6882	0
2.733	0	0	274	4	5	26	7708	0
2.734	0	0	274	5	14	24	6882	0
2.735	0	0	274	6	14	24	6882	0
2.74	0	0	275	1	5	26	7708	0
2.745	0	0	275	6	4	26	7708	0
2.747	0	0	275	8	11	28	9422	0
2.748	0	0	275	9	8	26	7708	0
2.749	0	0	275	10	14	24	6882	0
2.75	0	0	276	1	12	26	7708	0
2.751	0	0	276	2	15	26	7708	0
2.752	0	0	276	3	20	28	9422	0
2.753	0	0	276	4	5	26	7708	0
2.754	0	0	276	5	11	28	9422	0
2.755	0	0	276	6	4	26	3822	0
2.755	0	0	276	6	8	26	3822	0
2.756	0	0	276	7	12	26	7708	0
2.757	0	0	276	8	15	26	7708	0
2.758	0	0	276	9	20	28	9422	0
2.759	0	0	276	10	3	24	6882	0
2.76	0	0	277	1	5	26	7708	0
2.768	0	0	277	9	11	28	9422	0
2.769	0	0	277	10	8	26	7708	0
2.77	0	0	278	1	14	24	6882	0
2.771	0	0	278	2	12	26	7708	0
2.772	0	0	278	3	15	26	7708	0
2.773	0	0	278	4	20	28	9422	0
2.774	0	0	278	5	5	26	7708	0
2.775	0	0	278	6	11	28	9422	0
2.776	0	0	278	7	8	26	7708	0
2.777	0	0	278	8	12	26	7708	0
2.778	0	0	278	9	15	26	7708	0
2.779	0	0	278	10	20	28	9422	0
2.78	0	0	279	1	5	26	7708	0
2.787	0	0	279	8	3	24	6882	0
2.789	0	0	279	10	11	28	9422	0
2.79	0	0	280	1	8	26	7708	0
2.791	0	0	280	2	12	26	7708	0
2.792	0	0	280	3	4	26	7708	0
2.793	0	0	280	4	15	26	7708	0
2.794	0	0	280	5	20	28	9422	0
2.795	0	0	280	6	5	26	7708	0
2.796	0	0	280	7	11	28	9422	0
2.797	0	0	280	8	8	26	7708	0
2.798	0	0	280	9	12	26	7708	0
2.799	0	0	280	10	15	26	7708	0
2.8	0	0	281	1	20	28	9422	0
2.801	0	0	281	2	5	26	7708	0
2.804	0	0	281	5	8	26	7708	0
2.809	0	0	281	10	11	28	9422	0
2.811	0	0	282	2	12	26	7708	0
2.812	0	0	282	3	15	26	7708	0
2.813	0	0	282	4	20	28	9422	0
2.814	0	0	282	5	3	24	3422	0
2.814	0	0	282	5	19	28	4587	0
2.815	0	0	282	6	5	26	7708	0
2.816	0	0	282	7	11	28	9422	0
2.817	0	0	282	8	14	24	3422	0
2.817	0	0	282	8	8	26	3822	0
2.818	0	0	282	9	12	26	7708	0
2.819	0	0	282	10	15	26	7708	0
2.82	0	0	283	1	20	28	9422	0
2.821	0	0	283	2	5	26	7708	0
2.823	0	0	283	4	8	26	7708	0
2.828	0	0	283	9	11	28	9422	0
2.829	0	0	283	10	4	26	7708	0
2.83	0	0	284	1	4	26	7708	0
2.831	0	0	284	2	8	26	7708	0
2.833	0	0	284	4	12	26	7708	0
2.834	0	0	284	5	15	26	7708	0
2.835	0	0	284	6	20	28	9422	0
2.836	0	0	284	7	5	26	7708	0
2.838	0	0	284	9	8	26	7708	0
2.839	0	0	284	10	12	26	7708	0
2.84	0	0	285	1	15	26	7708	0
2.841	0	0	285	2	3	24	6882	0
2.842	0	0	285	3	20	28	9422	0
2.843	0	0	285	4	5	26	7708	0
2.851	0	0	286	2	19	28	9422	0
2.852	0	0	286	3	11	28	9422	0
2.853	0	0	286	4	8	26	7708	0
2.854	0	0	286	5	12	26	7708	0
2.855	0	0	286	6	15	26	7708	0
2.856	0	0	286	7	20	28	9422	0
2.857	0	0	286	8	5	26	7708	0
2.858	0	0	286	9	11	28	9422	0
2.859	0	0	286	10	8	26	7708	0
2.86	0	0	287	1	12	26	7708	0
2.861	0	0	287	2	15	26	7708	0
2.862	0	0	287	3	20	28	9422	0
2.863	0	0	287	4	5	26	7708	0
2.865	0	0	287	6	4	26	7708	0
2.868	0	0	287	9	3	24	6882	0
2.871	0	0	288	2	11	28	9422	0
2.872	0	0	288	3	8	26	7708	0
2.873	0	0	288	4	12	26	7708	0
2.874	0	0	288	5	15	26	7708	0
2.875	0	0	288	6	20	28	4587	0
2.875	0	0	288	6	4	26	3822	0
2.876	0	0	288	7	5	26	7708	0
2.877	0	0	288	8	11	28	9422	0
2.878	0	0	288	9	8	26	7708	0
2.879	0	0	288	10	12	26	7708	0
2.88	0	0	289	1	15	26	7708	0
2.881	0	0	289	2	20	28	9422	0
2.883	0	0	289	4	5	26	3822	0
2.883	0	0	289	4	19	28	4587	0
2.885	0	0	289	6	14	24	6882	0
2.892	0	0	290	3	3	24	6882	0
2.893	0	0	290	4	8	26	7708	0
2.894	0	0	290	5	12	26	7708	0
2.895	0	0	290	6	15	26	7708	0
2.896	0	0	290	7	3	24	6882	0
2.897	0	0	290	8	20	28	9422	0
2.899	0	0	290	10	5	26	7708	0
2.901	0	0	291	2	11	28	9422	0
2.906	0	0	291	7	5	26	7708	0
2.907	0	0	291	8	11	28	9422	0
2.911	0	0	292	2	3	24	3422	0
2.911	0	0	292	2	4	26	3822	0
2.912	0	0	292	3	3	24	6882	0
2.915	0	0	292	6	8	26	7708	0
2.916	0	0	292	7	12	26	7708	0
2.917	0	0	292	8	15	26	7708	0
2.918	0	0	292	9	20	28	9422	0
2.919	0	0	292	10	5	26	7708	0
2.92	0	0	293	1	19	28	9422	0
2.922	0	0	293	3	14	24	6882	0
2.923	0	0	293	4	3	24	6882	0
2.932	0	0	294	3	11	28	9422	0
2.933	0	0	294	4	3	24	3422	0
2.933	0	0	294	4	8	26	3822	0
2.934	0	0	294	5	12	26	7708	0
2.935	0	0	294	6	15	26	7708	0
2.936	0	0	294	7	20	28	9422	0
2.937	0	0	294	8	3	24	6882	0
2.938	0	0	294	9	5	26	7708	0
2.939	0	0	294	10	11	28	9422	0
2.94	0	0	295	1	8	26	7708	0
2.941	0	0	295	2	12	26	7708	0
2.942	0	0	295	3	15	26	7708	0
2.943	0	0	295	4	20	28	9422	0
2.944	0	0	295	5	5	26	7708	0
2.947	0	0	295	8	3	24	6882	0
2.948	0	0	295	9	4	26	7708	0
2.95	0	0	296	1	3	24	6882	0
2.951	0	0	296	2	19	28	9422	0
2.955	0	0	296	6	8	26	7708	0
2.956	0	0	296	7	12	26	7708	0
2.957	0	0	296	8	15	26	7708	0
2.958	0	0	296	9	20	28	9422	0
2.959	0	0	296	10	5	26	7708	0
2.96	0	0	297	1	11	28	4587	0
2.96	0	0	297	1	3	24	3422	0
2.961	0	0	297	2	8	26	3822	0
2.961	0	0	297	2	3	24	3422	0
2.962	0	0	297	3	12	26	7708	0
2.964	0	0	297	5	15	26	3822	0
2.964	0	0	297	5	3	24	3422	0
2.965	0	0	297	6	20	28	4587	0
2.965	0	0	297	6	3	24	3422	0
2.974	0	0	298	5	3	24	6882	0
2.975	0	0	298	6	8	26	7708	0
2.977	0	0	298	8	12	26	7708	0
2.978	0	0	298	9	15	26	3822	0
2.978	0	0	298	9	3	24	3422	0
2.979	0	0	298	10	20	28	4587	0
2.979	0	0	298	10	3	24	3422	0
2.98	0	0	299	1	5	26	7708	0
2.982	0	0	299	3	8	26	7708	0
2.983	0	0	299	4	12	26	7708	0
2.984	0	0	299	5	15	26	7708	0
2.985	0	0	299	6	4	26	7708	0
2.986	0	0	299	7	20	28	9422	0
2.987	0	0	299	8	5	26	7708	0
2.988	0	0	299	9	19	28	9422	0
2.99	0	0	300	1	11	28	9422	0
2.991	0	0	300	2	3	24	6882	0
2.996	0	0	300	7	11	28	9422	0
2.997	0	0	300	8	8	26	7708	0
2.998	0	0	300	9	3	24	6882	0
2.999	0	0	300	10	12	26	7708	0
3.001	0	0	301	2	15	26	7708	0
3.002	0	0	301	3	20	28	9422	0
3.003	0	0	301	4	5	26	7708	0
3.005	0	0	301	6	3	24	6882	0
3.008	0	0	301	9	15	26	7708	0
3.009	0	0	301	10	20	28	9422	0
3.01	0	0	302	1	5	26	7708	0
3.011	0	0	302	2	3	24	6882	0
3.018	0	0	302	9	11	28	9422	0
3.019	0	0	302	10	19	28	3062	0
3.019	0	0	302	10	8	26	2481	0
3.019	0	0	302	10	9	26	2481	0
3.021	0	0	303	2	12	26	7708	0
3.022	0	0	303	3	15	26	3822	0
3.022	0	0	303	3	4	26	3822	0
3.023	0	0	303	4	14	24	3422	0
3.023	0	0	303	4	20	28	4587	0
3.024	0	0	303	5	5	26	7708	0
3.025	0	0	303	6	11	28	9422	0
3.026	0	0	303	7	8	26	7708	0
3.027	0	0	303	8	12	26	7708	0
3.028	0	0	303	9	3	24	6882	0
3.029	0	0	303	10	15	26	7708	0
3.03	0	0	304	1	20	28	9422	0
3.031	0	0	304	2	5	26	7708	0
3.032	0	0	304	3	4	26	7708	0
3.033	0	0	304	4	9	26	7708	0
3.043	0	0	305	4	8	26	7708	0
3.044	0	0	305	5	12	26	7708	0
3.046	0	0	305	7	15	26	7708	0
3.047	0	0	305	8	9	26	7708	0
3.049	0	0	305	10	20	28	9422	0
3.05	0	0	306	1	5	26	7708	0
3.051	0	0	306	2	11	28	9422	0
3.055	0	0	306	6	20	28	9422	0
3.056	0	0	306	7	9	26	7708	0
3.057	0	0	306	8	19	28	4587	0
3.057	0	0	306	8	9	26	3822	0
3.06	0	0	307	1	14	24	3422	0
3.06	0	0	307	1	9	26	3822	0
3.061	0	0	307	2	8	26	7708	0
3.063	0	0	307	4	12	26	7708	0
3.064	0	0	307	5	15	26	7708	0
3.065	0	0	307	6	3	24	6882	0
3.066	0	0	307	7	14	24	6882	0
3.067	0	0	307	8	20	28	9422	0
3.068	0	0	307	9	5	26	7708	0
3.069	0	0	307	10	4	26	7708	0
3.073	0	0	308	4	15	26	7708	0
3.074	0	0	308	5	20	28	4587	0
3.074	0	0	308	5	9	26	3822	0
3.075	0	0	308	6	5	26	7708	0
3.076	0	0	308	7	11	28	4587	0
3.076	0	0	308	7	21	28	4587	0
3.079	0	0	308	10	15	26	7708	0
3.082	0	0	309	3	21	28	4587	0
3.082	0	0	309	3	11	28	4587	0
3.083	0	0	309	4	8	26	7708	0
3.086	0	0	309	7	9	26	7708	0
3.087	0	0	309	8	12	26	3822	0
3.087	0	0	309	8	19	28	4587	0
3.088	0	0	309	9	9	26	7708	0
3.089	0	0	309	10	20	28	9422	0
3.09	0	0	310	1	5	26	7708	0
3.093	0	0	310	4	9	26	7708	0
3.095	0	0	310	6	21	28	9422	0
3.096	0	0	310	7	15	26	3822	0
3.096	0	0	310	7	21	28	4587	0
3.097	0	0	310	8	21	28	9422	0
3.099	0	0	310	10	11	28	9422	0
3.101	0	0	311	2	9	26	7708	0
3.103	0	0	311	4	21	28	9422	0
3.104	0	0	311	5	15	26	7708	0
3.105	0	0	311	6	10	28	2292	0
3.105	0	0	311	6	13	26	1908	0
3.105	0	0	311	6	16	28	2292	0
3.105	0	0	311	6	17	28	2292	0
3.106	0	0	311	7	4	26	7708	0
3.108	0	0	311	9	8	26	7708	0
3.109	0	0	311	10	12	26	7708	0
3.111	0	0	312	2	9	26	7708	0
3.113	0	0	312	4	21	28	9422	0
3.114	0	0	312	5	20	28	9422	0
3.115	0	0	312	6	5	26	3822	0
3.115	0	0	312	6	9	26	3822	0
3.116	0	0	312	7	4	26	7708	0
3.124	0	0	313	5	19	28	9422	0
3.126	0	0	313	7	15	26	7708	0
3.129	0	0	313	10	9	26	3822	0
3.129	0	0	313	10	11	28	4587	0
3.13	0	0	314	1	8	26	7708	0
3.132	0	0	314	3	12	26	7708	0
3.133	0	0	314	4	21	28	9422	0
3.136	0	0	314	7	20	28	9422	0
3.137	0	0	314	8	5	26	7708	0
3.139	0	0	314	10	9	26	7708	0
3.142	0	0	315	3	10	28	2292	0
3.142	0	0	315	3	13	26	1908	0
3.142	0	0	315	3	16	28	2292	0
3.142	0	0	315	3	9	26	1908	0
3.143	0	0	315	4	9	26	7708	0
3.144	0	0	315	5	15	26	7708	0
3.152	0	0	316	3	21	28	4587	0
3.152	0	0	316	3	9	26	3822	0
3.153	0	0	316	4	4	26	7708	0
3.154	0	0	316	5	21	28	9422	0
3.155	0	0	316	6	8	26	7708	0
3.156	0	0	316	7	9	26	2481	0
3.156	0	0	316	7	12	26	2481	0
3.156	0	0	316	7	19	28	3062	0
3.157	0	0	316	8	9	26	7708	0
3.162	0	0	317	3	15	26	7708	0
3.164	0	0	317	5	20	28	9422	0
3.165	0	0	317	6	5	26	7708	0
3.166	0	0	317	7	9	26	7708	0
3.167	0	0	317	8	11	28	9422	0
3.17	0	0	318	1	9	26	7708	0
3.176	0	0	318	7	21	28	9422	0
3.178	0	0	318	9	8	26	7708	0
3.179	0	0	318	10	12	26	7708	0
3.18	0	0	319	1	15	26	7708	0
3.183	0	0	319	4	9	26	7708	0
3.184	0	0	319	5	8	26	7708	0
3.185	0	0	319	6	12	26	7708	0
3.186	0	0	319	7	15	26	7708	0
3.187	0	0	319	8	20	28	9422	0
3.188	0	0	319	9	5	26	7708	0
3.189	0	0	319	10	11	28	9422	0
3.191	0	0	320	2	4	26	7708	0
3.193	0	0	320	4	19	28	9422	0
3.195	0	0	320	6	9	26	7708	0
3.197	0	0	320	8	9	26	7708	0
3.199	0	0	320	10	21	28	9422	0
3.2	0	0	321	1	8	26	7708	0
3.201	0	0	321	2	21	28	4587	0
3.201	0	0	321	2	4	26	3822	0
3.202	0	0	321	3	12	26	7708	0
3.204	0	0	321	5	15	26	7708	0
3.205	0	0	321	6	21	28	9422	0
3.206	0	0	321	7	20	28	9422	0
3.207	0	0	321	8	5	26	7708	0
3.211	0	0	322	2	9	26	7708	0
3.217	0	0	322	8	11	28	9422	0
3.218	0	0	322	9	8	26	7708	0
3.219	0	0	322	10	21	28	9422	0
3.221	0	0	323	2	9	26	3822	0
3.221	0	0	323	2	12	24	3422	0
3.222	0	0	323	3	15	24	6882	0
3.224	0	0	323	5	19	28	4587	0
3.224	0	0	323	5	9	26	3822	0
3.228	0	0	323	9	12	24	6882	0
3.229	0	0	323	10	15	24	6882	0
3.23	0	0	324	1	20	28	9422	0
3.231	0	0	324	2	5	26	7708	0
3.236	0	0	324	7	20	28	9422	0
3.237	0	0	324	8	4	26	3822	0
3.237	0	0	324	8	5	26	3822	0
3.238	0	0	324	9	4	26	7708	0
3.24	0	0	325	1	11	28	9422	0
3.241	0	0	325	2	8	26	7708	0
3.242	0	0	325	3	12	24	6882	0
3.243	0	0	325	4	15	24	6882	0
3.246	0	0	325	7	11	28	9422	0
3.247	0	0	325	8	21	28	9422	0
3.248	0	0	325	9	8	26	7708	0
3.249	0	0	325	10	12	24	6882	0
3.25	0	0	326	1	15	24	6882	0
3.251	0	0	326	2	20	28	9422	0
3.252	0	0	326	3	9	26	7708	0
3.253	0	0	326	4	5	26	7708	0
3.256	0	0	326	7	9	26	7708	0
3.26	0	0	327	1	5	26	7708	0
3.262	0	0	327	3	8	26	7708	0
3.263	0	0	327	4	12	24	6882	0
3.264	0	0	327	5	15	24	6882	0
3.265	0	0	327	6	9	26	7708	0
3.268	0	0	327	9	11	28	9422	0
3.269	0	0	327	10	8	26	7708	0
3.27	0	0	328	1	12	24	6882	0
3.271	0	0	328	2	15	24	6882	0
3.272	0	0	328	3	20	28	9422	0
3.273	0	0	328	4	4	26	3822	0
3.273	0	0	328	4	5	26	3822	0
3.274	0	0	328	5	11	28	9422	0
3.278	0	0	328	9	20	28	9422	0
3.279	0	0	328	10	5	26	3822	0
3.279	0	0	328	10	9	26	3822	0
3.282	0	0	329	3	8	26	7708	0
3.283	0	0	329	4	12	24	6882	0
3.284	0	0	329	5	15	24	6882	0
3.289	0	0	329	10	9	26	7708	0
3.293	0	0	330	4	9	26	7708	0
3.294	0	0	330	5	20	28	9422	0
3.295	0	0	330	6	5	26	7708	0
3.296	0	0	330	7	11	28	9422	0
3.3	0	0	331	1	20	28	9422	0
3.301	0	0	331	2	5	26	7708	0
3.302	0	0	331	3	9	26	7708	0
3.303	0	0	331	4	11	28	9422	0
3.305	0	0	331	6	8	26	7708	0
3.306	0	0	331	7	12	24	6882	0
3.308	0	0	331	9	15	24	6882	0
3.309	0	0	331	10	4	26	7708	0
3.31	0	0	332	1	4	26	7708	0
3.311	0	0	332	2	8	26	7708	0
3.312	0	0	332	3	9	26	3822	0
3.312	0	0	332	3	12	24	3422	0
3.313	0	0	332	4	15	24	6882	0
3.314	0	0	332	5	20	28	9422	0
3.315	0	0	332	6	5	26	7708	0
3.32	0	0	333	1	20	28	9422	0
3.321	0	0	333	2	5	26	3822	0
3.321	0	0	333	2	10	28	4587	0
3.322	0	0	333	3	11	28	4587	0
3.322	0	0	333	3	19	28	4587	0
3.323	0	0	333	4	8	26	7708	0
3.325	0	0	333	6	9	26	3822	0
3.325	0	0	333	6	12	24	3422	0
3.326	0	0	333	7	9	26	7708	0
3.328	0	0	333	9	15	24	6882	0
3.333	0	0	334	4	9	26	7708	0
3.334	0	0	334	5	15	24	6882	0
3.335	0	0	334	6	20	28	9422	0
3.338	0	0	334	9	5	26	7708	0
3.341	0	0	335	2	8	26	7708	0
3.345	0	0	335	6	4	26	3822	0
3.345	0	0	335	6	5	26	3822	0
3.346	0	0	335	7	11	28	9422	0
3.347	0	0	335	8	8	26	3822	0
3.347	0	0	335	8	9	26	3822	0
3.348	0	0	335	9	12	24	6882	0
3.349	0	0	335	10	9	26	7708	0
3.35	0	0	336	1	15	24	6882	0
3.353	0	0	336	4	11	28	9422	0
3.354	0	0	336	5	9	26	7708	0
3.355	0	0	336	6	12	24	6882	0
3.356	0	0	336	7	15	24	6882	0
3.357	0	0	336	8	20	28	9422	0
3.358	0	0	336	9	10	28	9422	0
3.359	0	0	336	10	19	28	9422	0
3.361	0	0	337	2	9	26	3822	0
3.361	0	0	337	2	19	28	4587	0
3.364	0	0	337	5	5	26	7708	0
3.365	0	0	337	6	11	28	9422	0
3.366	0	0	337	7	8	26	7708	0
3.367	0	0	337	8	12	24	6882	0
3.368	0	0	337	9	15	24	6882	0
3.37	0	0	338	1	5	26	7708	0
3.371	0	0	338	2	9	26	3822	0
3.371	0	0	338	2	11	28	4587	0
3.372	0	0	338	3	8	26	7708	0
3.374	0	0	338	5	9	26	7708	0
3.377	0	0	338	8	20	28	9422	0
3.382	0	0	339	3	4	26	7708	0
3.386	0	0	339	7	15	24	6882	0
3.388	0	0	339	9	5	26	3822	0
3.388	0	0	339	9	9	26	3822	0
3.39	0	0	340	1	8	26	7708	0
3.391	0	0	340	2	12	24	6882	0
3.393	0	0	340	4	15	24	6882	0
3.395	0	0	340	6	5	26	7708	0
3.396	0	0	340	7	19	28	9422	0
3.397	0	0	340	8	11	28	9422	0
3.398	0	0	340	9	9	26	7708	0
3.402	0	0	341	3	20	28	4587	0
3.402	0	0	341	3	9	26	3822	0
3.404	0	0	341	5	11	28	9422	0
3.407	0	0	341	8	15	24	6882	0
3.409	0	0	341	10	20	28	9422	0
3.41	0	0	342	1	5	26	7708	0
3.412	0	0	342	3	9	26	7708	0
3.413	0	0	342	4	8	26	7708	0
3.414	0	0	342	5	12	24	6882	0
3.415	0	0	342	6	9	26	7708	0
3.417	0	0	342	8	5	26	7708	0
3.418	0	0	342	9	11	28	9422	0
3.419	0	0	342	10	8	26	7708	0
3.42	0	0	343	1	12	24	6882	0
3.422	0	0	343	3	20	28	9422	0
3.424	0	0	343	5	11	28	9422	0
3.425	0	0	343	6	9	26	7708	0
3.427	0	0	343	8	15	24	6882	0
3.428	0	0	343	9	20	28	9422	0
3.429	0	0	343	10	5	26	3822	0
3.429	0	0	343	10	9	26	3822	0
3.43	0	0	344	1	9	26	7708	0
3.431	0	0	344	2	8	26	7708	0
3.432	0	0	344	3	12	24	6882	0
3.433	0	0	344	4	15	24	3422	0
3.433	0	0	344	4	19	28	4587	0
3.435	0	0	344	6	5	26	7708	0
3.437	0	0	344	8	8	26	7708	0
3.438	0	0	344	9	12	24	6882	0
3.441	0	0	345	2	20	28	9422	0
3.442	0	0	345	3	3	24	6882	0
3.443	0	0	345	4	9	26	3822	0
3.443	0	0	345	4	11	28	4587	0
3.446	0	0	345	7	15	24	6882	0
3.447	0	0	345	8	20	28	9422	0
3.449	0	0	345	10	5	26	7708	0
3.45	0	0	346	1	11	28	9422	0
3.451	0	0	346	2	8	26	7708	0
3.452	0	0	346	3	12	24	6882	0
3.453	0	0	346	4	15	24	6882	0
3.455	0	0	346	6	5	26	7708	0
3.456	0	0	346	7	9	26	3822	0
3.456	0	0	346	7	3	24	3422	0
3.462	0	0	347	3	9	26	7708	0
3.463	0	0	347	4	20	28	9422	0
3.468	0	0	347	9	15	24	6882	0
3.469	0	0	347	10	19	28	3062	0
3.469	0	0	347	10	20	28	3062	0
3.469	0	0	347	10	3	24	2196	0
3.47	0	0	348	1	5	26	3822	0
3.47	0	0	348	1	9	26	3822	0
3.473	0	0	348	4	11	28	9422	0
3.474	0	0	348	5	8	26	7708	0
3.475	0	0	348	6	12	24	6882	0
3.479	0	0	348	10	3	24	6882	0
3.48	0	0	349	1	11	28	9422	0
3.481	0	0	349	2	8	26	7708	0
3.482	0	0	349	3	12	24	6882	0
3.483	0	0	349	4	3	24	6882	0
3.484	0	0	349	5	9	26	7708	0
3.487	0	0	349	8	20	28	9422	0
3.488	0	0	349	9	5	26	7708	0
3.492	0	0	350	3	15	24	6882	0
3.494	0	0	350	5	20	28	9422	0
3.495	0	0	350	6	5	26	7708	0
3.496	0	0	350	7	11	28	9422	0
3.497	0	0	350	8	19	28	2292	0
3.497	0	0	350	8	3	24	1692	0
3.497	0	0	350	8	8	26	1908	0
3.497	0	0	350	8	9	26	1908	0
3.498	0	0	350	9	12	24	6882	0
3.504	0	0	351	5	3	24	6882	0
3.51	0	0	352	1	20	28	4587	0
3.51	0	0	352	1	3	24	3422	0
3.511	0	0	352	2	5	26	3822	0
3.511	0	0	352	2	9	26	3822	0
3.515	0	0	352	6	8	26	7708	0
3.518	0	0	352	9	3	24	6882	0
3.519	0	0	352	10	12	24	6882	0
3.52	0	0	353	1	15	24	3422	0
3.52	0	0	353	1	3	24	3422	0
3.521	0	0	353	2	9	26	7708	0
3.524	0	0	353	5	11	28	4587	0
3.524	0	0	353	5	3	24	3422	0
3.525	0	0	353	6	9	26	7708	0
3.529	0	0	353	10	20	28	9422	0
3.53	0	0	354	1	5	26	7708	0
3.531	0	0	354	2	11	28	9422	0
3.538	0	0	354	9	3	24	3422	0
3.538	0	0	354	9	9	26	3822	0
3.54	0	0	355	1	8	26	7708	0
3.541	0	0	355	2	3	24	6882	0
3.542	0	0	355	3	12	24	6882	0
3.543	0	0	355	4	15	24	6882	0
3.546	0	0	355	7	11	28	9422	0
3.547	0	0	355	8	8	26	7708	0
3.548	0	0	355	9	3	24	6882	0
3.549	0	0	355	10	9	26	7708	0
3.551	0	0	356	2	3	24	6882	0
3.552	0	0	356	3	9	26	7708	0
3.553	0	0	356	4	20	28	9422	0
3.554	0	0	356	5	5	26	7708	0
3.557	0	0	356	8	3	24	6882	0
3.56	0	0	357	1	20	28	9422	0
3.561	0	0	357	2	5	26	7708	0
3.563	0	0	357	4	8	26	7708	0
3.565	0	0	357	6	12	24	2196	0
3.565	0	0	357	6	19	28	3062	0
3.565	0	0	357	6	3	24	2196	0
3.566	0	0	357	7	9	26	7708	0
3.567	0	0	357	8	15	24	6882	0
3.57	0	0	358	1	11	28	9422	0
3.572	0	0	358	3	12	24	6882	0
3.573	0	0	358	4	15	24	6882	0
3.574	0	0	358	5	20	28	9422	0
3.575	0	0	358	6	3	24	3422	0
3.575	0	0	358	6	9	26	3822	0
3.576	0	0	358	7	5	26	3822	0
3.576	0	0	358	7	9	26	3822	0
3.577	0	0	358	8	11	28	9422	0
3.579	0	0	358	10	3	24	3422	0
3.579	0	0	358	10	9	26	3822	0
3.588	0	0	359	9	3	24	6882	0
3.589	0	0	359	10	8	26	3822	0
3.589	0	0	359	10	3	24	3422	0
3.591	0	0	360	2	12	24	6882	0
3.592	0	0	360	3	15	24	3422	0
3.592	0	0	360	3	3	24	3422	0
3.593	0	0	360	4	9	26	3822	0
3.593	0	0	360	4	20	28	4587	0
3.594	0	0	360	5	5	26	7708	0
3.595	0	0	360	6	11	28	9422	0
3.598	0	0	360	9	12	24	6882	0
3.599	0	0	360	10	15	24	6882	0
3.6	0	0	361	1	20	28	9422	0
3.601	0	0	361	2	5	26	7708	0
3.602	0	0	361	3	19	28	9422	0
3.606	0	0	361	7	3	24	6882	0
3.607	0	0	361	8	9	26	7708	0
3.612	0	0	362	3	3	24	6882	0
3.614	0	0	362	5	8	26	7708	0
3.615	0	0	362	6	12	24	6882	0
3.616	0	0	362	7	15	24	6882	0
3.617	0	0	362	8	20	28	4587	0
3.617	0	0	362	8	9	26	3822	0
3.618	0	0	362	9	5	26	7708	0
3.619	0	0	362	10	11	28	9422	0
3.62	0	0	363	1	8	26	3822	0
3.62	0	0	363	1	9	26	3822	0
3.622	0	0	363	3	12	24	6882	0
3.623	0	0	363	4	15	24	6882	0
3.624	0	0	363	5	20	28	9422	0
3.625	0	0	363	6	5	26	7708	0
3.626	0	0	363	7	11	28	9422	0
3.63	0	0	364	1	3	24	3422	0
3.63	0	0	364	1	9	26	3822	0
3.633	0	0	364	4	3	24	6882	0
3.634	0	0	364	5	9	26	3822	0
3.634	0	0	364	5	19	28	4587	0
3.635	0	0	364	6	8	26	7708	0
3.636	0	0	364	7	12	24	6882	0
3.637	0	0	364	8	15	24	6882	0
3.638	0	0	364	9	20	28	9422	0
3.639	0	0	364	10	5	26	7708	0
3.64	0	0	365	1	11	28	9422	0
3.641	0	0	365	2	8	26	7708	0
3.642	0	0	365	3	12	24	6882	0
3.644	0	0	365	5	3	24	6882	0
3.646	0	0	365	7	3	24	6882	0
3.647	0	0	365	8	9	26	3822	0
3.647	0	0	365	8	3	24	3422	0
3.65	0	0	366	1	3	24	6882	0
3.653	0	0	366	4	8	26	7708	0
3.654	0	0	366	5	9	26	7708	0
3.655	0	0	366	6	12	24	6882	0
3.656	0	0	366	7	15	24	6882	0
3.657	0	0	366	8	20	28	9422	0
3.658	0	0	366	9	5	26	7708	0
3.66	0	0	367	1	8	26	7708	0
3.661	0	0	367	2	9	26	3822	0
3.661	0	0	367	2	3	24	3422	0
3.667	0	0	367	8	11	28	9422	0
3.67	0	0	368	1	3	24	6882	0
3.671	0	0	368	2	3	24	6882	0
3.674	0	0	368	5	11	28	4587	0
3.674	0	0	368	5	3	24	3422	0
3.675	0	0	368	6	8	26	3822	0
3.675	0	0	368	6	9	26	3822	0
3.677	0	0	368	8	12	24	6882	0
3.678	0	0	368	9	15	24	6882	0
3.679	0	0	368	10	20	28	9422	0
3.68	0	0	369	1	5	26	7708	0
3.682	0	0	369	3	8	26	3822	0
3.682	0	0	369	3	9	26	3822	0
3.685	0	0	369	6	9	26	7708	0
3.688	0	0	369	9	3	24	3422	0
3.688	0	0	369	9	9	26	3822	0
3.698	0	0	370	9	11	28	9422	0
3.699	0	0	370	10	8	26	7708	0
3.7	0	0	371	1	12	24	6882	0
3.701	0	0	371	2	15	24	6882	0
3.702	0	0	371	3	19	28	3062	0
3.702	0	0	371	3	20	28	3062	0
3.702	0	0	371	3	9	26	2481	0
3.703	0	0	371	4	5	26	7708	0
3.704	0	0	371	5	11	28	9422	0
3.705	0	0	371	6	8	26	7708	0
3.706	0	0	371	7	12	24	6882	0
3.707	0	0	371	8	3	24	6882	0
3.708	0	0	371	9	15	24	6882	0
3.709	0	0	371	10	20	28	9422	0
3.71	0	0	372	1	5	26	7708	0
3.711	0	0	372	2	3	24	6882	0
3.712	0	0	372	3	9	26	7708	0
3.715	0	0	372	6	3	24	6882	0
3.716	0	0	372	7	9	26	7708	0
3.723	0	0	373	4	8	26	7708	0
3.724	0	0	373	5	12	24	6882	0
3.725	0	0	373	6	15	24	3422	0
3.725	0	0	373	6	3	24	3422	0
3.726	0	0	373	7	20	28	9422	0
3.727	0	0	373	8	5	26	7708	0
3.728	0	0	373	9	11	28	9422	0
3.729	0	0	373	10	8	26	3822	0
3.729	0	0	373	10	9	26	3822	0
3.73	0	0	374	1	12	24	6882	0
3.731	0	0	374	2	15	24	6882	0
3.732	0	0	374	3	20	28	9422	0
3.733	0	0	374	4	5	26	7708	0
3.734	0	0	374	5	11	28	9422	0
3.739	0	0	374	10	19	28	9422	0
3.741	0	0	375	2	9	26	7708	0
3.743	0	0	375	4	9	26	7708	0
3.744	0	0	375	5	3	24	6882	0
3.745	0	0	375	6	5	26	7708	0
3.746	0	0	375	7	11	28	9422	0
3.747	0	0	375	8	8	26	7708	0
3.748	0	0	375	9	3	24	6882	0
3.75	0	0	376	1	12	24	6882	0
3.751	0	0	376	2	15	24	6882	0
3.752	0	0	376	3	20	28	9422	0
3.757	0	0	376	8	9	26	3822	0
3.757	0	0	376	8	12	24	3422	0
3.758	0	0	376	9	15	24	6882	0
3.759	0	0	376	10	20	28	9422	0
3.767	0	0	377	8	5	26	3822	0
3.767	0	0	377	8	9	26	3822	0
3.768	0	0	377	9	11	28	9422	0
3.769	0	0	377	10	8	26	7708	0
3.77	0	0	378	1	9	26	2481	0
3.77	0	0	378	1	12	24	2196	0
3.77	0	0	378	1	19	28	3062	0
3.771	0	0	378	2	9	26	3822	0
3.771	0	0	378	2	15	24	3422	0
3.772	0	0	378	3	20	28	9422	0
3.773	0	0	378	4	5	26	7708	0
3.774	0	0	378	5	11	28	9422	0
3.775	0	0	378	6	8	26	7708	0
3.776	0	0	378	7	12	24	6882	0
3.777	0	0	378	8	15	24	6882	0
3.779	0	0	378	10	20	28	9422	0
3.78	0	0	379	1	9	26	7708	0
3.784	0	0	379	5	9	26	7708	0
3.787	0	0	379	8	5	26	7708	0
3.789	0	0	379	10	8	26	7708	0
3.79	0	0	380	1	12	24	6882	0
3.791	0	0	380	2	15	24	6882	0
3.792	0	0	380	3	20	28	9422	0
3.793	0	0	380	4	5	26	7708	0
3.794	0	0	380	5	9	26	3822	0
3.794	0	0	380	5	11	28	4587	0
3.795	0	0	380	6	8	26	3822	0
3.795	0	0	380	6	9	26	3822	0
3.796	0	0	380	7	12	24	6882	0
3.797	0	0	380	8	15	24	6882	0
3.798	0	0	380	9	20	28	4587	0
3.798	0	0	380	9	9	26	3822	0
3.799	0	0	380	10	9	26	7708	0
3.8	0	0	381	1	11	28	9422	0
3.805	0	0	381	6	5	26	7708	0
3.807	0	0	381	8	19	28	9422	0
3.808	0	0	381	9	8	26	7708	0
3.81	0	0	382	1	12	24	6882	0
3.811	0	0	382	2	15	24	3422	0
3.811	0	0	382	2	9	26	3822	0
3.812	0	0	382	3	20	28	9422	0
3.815	0	0	382	6	8	26	7708	0
3.816	0	0	382	7	12	24	6882	0
3.817	0	0	382	8	15	24	6882	0
3.818	0	0	382	9	20	28	9422	0
3.82	0	0	383	1	11	28	9422	0
3.825	0	0	383	6	5	26	3822	0
3.825	0	0	383	6	9	26	3822	0
3.827	0	0	383	8	11	28	9422	0
3.828	0	0	383	9	8	26	7708	0
3.829	0	0	383	10	12	24	6882	0
3.83	0	0	384	1	15	24	6882	0
3.831	0	0	384	2	9	26	7708	0
3.832	0	0	384	3	20	28	9422	0
3.835	0	0	384	6	8	26	7708	0
3.836	0	0	384	7	12	24	6882	0
3.837	0	0	384	8	15	24	6882	0
3.838	0	0	384	9	19	28	4587	0
3.838	0	0	384	9	20	28	4587	0
3.846	0	0	385	7	5	26	7708	0
3.847	0	0	385	8	11	28	9422	0
3.848	0	0	385	9	9	26	7708	0
3.849	0	0	385	10	8	26	3822	0
3.849	0	0	385	10	9	26	3822	0
3.85	0	0	386	1	12	24	6882	0
3.851	0	0	386	2	15	24	6882	0
3.852	0	0	386	3	20	28	4587	0
3.852	0	0	386	3	9	26	3822	0
3.856	0	0	386	7	8	26	7708	0
3.857	0	0	386	8	12	24	6882	0
3.866	0	0	387	7	9	26	7708	0
3.867	0	0	387	8	5	26	7708	0
3.869	0	0	387	10	11	28	9422	0
3.87	0	0	388	1	8	26	7708	0
3.871	0	0	388	2	9	26	7708	0
3.872	0	0	388	3	12	24	6882	0
3.873	0	0	388	4	15	24	6882	0
3.874	0	0	388	5	20	28	9422	0
3.875	0	0	388	6	19	28	9422	0
3.879	0	0	388	10	12	24	6882	0
3.88	0	0	389	1	15	24	3422	0
3.88	0	0	389	1	9	26	3822	0
3.885	0	0	389	6	9	26	7708	0
3.89	0	0	390	1	5	26	7708	0
3.891	0	0	390	2	11	28	9422	0
3.892	0	0	390	3	8	26	7708	0
3.893	0	0	390	4	12	24	6882	0
3.894	0	0	390	5	15	24	6882	0
3.896	0	0	390	7	20	28	9422	0
3.897	0	0	390	8	5	26	7708	0
3.898	0	0	390	9	11	28	9422	0
3.899	0	0	390	10	8	26	7708	0
3.9	0	0	391	1	12	24	6882	0
3.901	0	0	391	2	15	24	6882	0
3.902	0	0	391	3	20	28	9422	0
3.903	0	0	391	4	9	26	7708	0
3.91	0	0	392	1	1	26	7708	0
3.911	0	0	392	2	5	26	7708	0
3.913	0	0	392	4	8	26	7708	0
3.914	0	0	392	5	12	24	6882	0
3.915	0	0	392	6	15	24	6882	0
3.916	0	0	392	7	20	28	9422	0
3.917	0	0	392	8	5	26	7708	0
3.918	0	0	392	9	11	28	9422	0
3.919	0	0	392	10	8	26	7708	0
3.92	0	0	393	1	12	24	6882	0
3.921	0	0	393	2	15	24	6882	0
3.922	0	0	393	3	20	28	9422	0
3.924	0	0	393	5	11	28	9422	0
3.929	0	0	393	10	5	26	7708	0
3.931	0	0	394	2	8	26	7708	0
3.932	0	0	394	3	12	24	6882	0
3.933	0	0	394	4	15	24	6882	0
3.934	0	0	394	5	20	28	9422	0
3.935	0	0	394	6	5	26	7708	0
3.937	0	0	394	8	8	26	7708	0
3.938	0	0	394	9	12	24	6882	0
3.939	0	0	394	10	15	24	6882	0
3.94	0	0	395	1	20	28	9422	0
3.942	0	0	395	3	11	28	9422	0
3.947	0	0	395	8	5	26	7708	0
3.948	0	0	395	9	1	26	7708	0
3.949	0	0	395	10	3	24	6882	0
3.95	0	0	396	1	10	28	9422	0
3.951	0	0	396	2	1	26	7708	0
3.953	0	0	396	4	8	26	3822	0
3.953	0	0	396	4	14	24	3422	0
3.954	0	0	396	5	12	24	6882	0
3.955	0	0	396	6	15	24	6882	0
3.956	0	0	396	7	20	28	9422	0
3.959	0	0	396	10	8	26	7708	0
3.96	0	0	397	1	12	24	6882	0
3.961	0	0	397	2	15	24	6882	0
3.963	0	0	397	4	20	28	9422	0
3.965	0	0	397	6	11	28	9422	0
3.971	0	0	398	2	5	26	7708	0
3.972	0	0	398	3	9	26	7708	0
3.974	0	0	398	5	8	26	7708	0
3.975	0	0	398	6	12	24	6882	0
3.976	0	0	398	7	15	24	6882	0
3.977	0	0	398	8	20	28	9422	0
3.978	0	0	398	9	5	26	7708	0
3.98	0	0	399	1	8	26	7708	0
3.981	0	0	399	2	12	24	6882	0
3.982	0	0	399	3	15	24	6882	0
3.984	0	0	399	5	20	28	9422	0
3.99	0	0	400	1	14	24	6882	0
3.992	0	0	400	3	5	26	7708	0
3.993	0	0	400	4	11	28	9422	0
3.994	0	0	400	5	8	26	7708	0
3.995	0	0	400	6	12	24	6882	0
3.996	0	0	400	7	15	24	6882	0
3.997	0	0	400	8	20	28	9422	0
3.998	0	0	400	9	5	26	7708	0
3.999	0	0	400	10	11	28	9422	0
4	0	0	401	1	8	26	7708	0
4.001	0	0	401	2	12	24	6882	0
4.002	0	0	401	3	15	24	6882	0
4.003	0	0	401	4	9	26	7708	0
4.004	0	0	401	5	20	28	9422	0
4.012	0	0	402	3	5	26	7708	0
4.014	0	0	402	5	8	26	7708	0
4.015	0	0	402	6	12	24	6882	0
4.016	0	0	402	7	15	24	6882	0
4.017	0	0	402	8	20	28	9422	0
4.018	0	0	402	9	5	26	7708	0
4.019	0	0	402	10	11	28	9422	0
4.02	0	0	403	1	8	26	7708	0
4.021	0	0	403	2	12	24	6882	0
4.022	0	0	403	3	15	24	6882	0
4.023	0	0	403	4	20	28	9422	0
4.025	0	0	403	6	11	28	9422	0
4.03	0	0	404	1	5	26	7708	0
4.032	0	0	404	3	8	26	7708	0
4.033	0	0	404	4	12	24	6882	0
4.034	0	0	404	5	15	24	6882	0
4.035	0	0	404	6	20	28	9422	0
4.036	0	0	404	7	5	26	7708	0
4.038	0	0	404	9	8	26	7708	0
4.039	0	0	404	10	12	24	6882	0
4.04	0	0	405	1	15	24	6882	0
4.041	0	0	405	2	20	28	9422	0
4.043	0	0	405	4	11	28	9422	0
4.048	0	0	405	9	5	26	7708	0
4.049	0	0	405	10	11	28	9422	0
4.05	0	0	406	1	8	26	7708	0
4.051	0	0	406	2	12	24	6882	0
4.052	0	0	406	3	15	24	6882	0
4.053	0	0	406	4	20	28	9422	0
4.054	0	0	406	5	5	26	7708	0
4.055	0	0	406	6	9	26	7708	0
4.056	0	0	406	7	8	26	3822	0
4.056	0	0	406	7	9	26	3822	0
4.057	0	0	406	8	12	24	3422	0
4.057	0	0	406	8	9	26	3822	0
4.058	0	0	406	9	15	24	6882	0
4.059	0	0	406	10	20	28	9422	0
4.066	0	0	407	7	5	26	7708	0
4.067	0	0	407	8	11	28	9422	0
4.068	0	0	407	9	8	26	7708	0
4.069	0	0	407	10	12	24	6882	0
4.071	0	0	408	2	15	24	6882	0
4.072	0	0	408	3	20	28	9422	0
4.073	0	0	408	4	5	26	7708	0
4.074	0	0	408	5	11	28	9422	0
4.075	0	0	408	6	19	28	4587	0
4.075	0	0	408	6	9	26	3822	0
4.076	0	0	408	7	9	26	7708	0
4.078	0	0	408	9	15	24	6882	0
4.079	0	0	408	10	20	28	9422	0
4.083	0	0	409	4	1	26	7708	0
4.087	0	0	409	8	5	26	7708	0
4.089	0	0	409	10	8	26	7708	0
4.09	0	0	410	1	12	24	6882	0
4.092	0	0	410	3	9	26	7708	0
4.093	0	0	410	4	9	26	7708	0
4.094	0	0	410	5	9	26	7708	0
4.095	0	0	410	6	15	24	3422	0
4.095	0	0	410	6	9	26	3822	0
4.096	0	0	410	7	20	28	9422	0
4.098	0	0	410	9	11	28	9422	0
4.101	0	0	411	2	15	24	6882	0
4.102	0	0	411	3	20	28	9422	0
4.104	0	0	411	5	11	28	9422	0
4.11	0	0	412	1	5	26	7708	0
4.112	0	0	412	3	8	26	7708	0
4.113	0	0	412	4	12	24	6882	0
4.114	0	0	412	5	15	24	6882	0
4.115	0	0	412	6	20	28	9422	0
4.116	0	0	412	7	5	26	7708	0
4.118	0	0	412	9	8	26	7708	0
4.119	0	0	412	10	12	24	6882	0
4.12	0	0	413	1	15	24	6882	0
4.121	0	0	413	2	20	28	9422	0
4.123	0	0	413	4	11	28	9422	0
4.124	0	0	413	5	1	26	7708	0
4.128	0	0	413	9	5	26	7708	0
4.13	0	0	414	1	11	28	9422	0
4.131	0	0	414	2	8	26	7708	0
4.132	0	0	414	3	12	24	6882	0
4.133	0	0	414	4	15	24	6882	0
4.134	0	0	414	5	20	28	9422	0
4.135	0	0	414	6	5	26	7708	0
4.137	0	0	414	8	8	26	7708	0
4.138	0	0	414	9	12	24	6882	0
4.14	0	0	415	1	9	26	7708	0
4.141	0	0	415	2	9	26	7708	0
4.143	0	0	415	4	7	22	5861	0
4.149	0	0	415	10	19	28	4587	0
4.149	0	0	415	10	5	26	3822	0
4.15	0	0	416	1	11	28	9422	0
4.151	0	0	416	2	8	26	7708	0
4.152	0	0	416	3	12	24	6882	0
4.153	0	0	416	4	15	24	3422	0
4.153	0	0	416	4	9	26	3822	0
4.154	0	0	416	5	20	28	9422	0
4.156	0	0	416	7	5	26	7708	0
4.157	0	0	416	8	11	28	9422	0
4.161	0	0	417	2	1	26	7708	0
4.163	0	0	417	4	9	26	7708	0
4.17	0	0	418	1	20	28	9422	0
4.171	0	0	418	2	5	26	7708	0
4.172	0	0	418	3	11	28	9422	0
4.173	0	0	418	4	8	26	7708	0
4.174	0	0	418	5	12	24	6882	0
4.175	0	0	418	6	15	24	6882	0
4.176	0	0	418	7	20	28	4587	0
4.176	0	0	418	7	9	26	3822	0
4.178	0	0	418	9	9	26	7708	0
4.18	0	0	419	1	7	22	2865	0
4.18	0	0	419	1	9	26	3822	0
4.181	0	0	419	2	9	26	7708	0
4.185	0	0	419	6	20	28	9422	0
4.186	0	0	419	7	19	28	9422	0
4.192	0	0	420	3	1	26	3822	0
4.192	0	0	420	3	5	26	3822	0
4.194	0	0	420	5	9	26	3822	0
4.194	0	0	420	5	20	28	4587	0
4.195	0	0	420	6	11	28	9422	0
4.196	0	0	420	7	8	26	7708	0
4.197	0	0	420	8	12	24	6882	0
4.198	0	0	420	9	15	24	6882	0
4.199	0	0	420	10	20	28	9422	0
4.201	0	0	421	2	11	28	9422	0
4.202	0	0	421	3	8	26	7708	0
4.203	0	0	421	4	12	24	6882	0
4.204	0	0	421	5	15	24	6882	0
4.207	0	0	421	8	9	26	7708	0
4.211	0	0	422	2	7	22	5861	0
4.212	0	0	422	3	7	22	5861	0
4.213	0	0	422	4	12	24	6882	0
4.215	0	0	422	6	9	26	7708	0
4.216	0	0	422	7	20	28	9422	0
4.217	0	0	422	8	5	26	2481	0
4.217	0	0	422	8	9	26	2481	0
4.217	0	0	422	8	19	28	3062	0
4.219	0	0	422	10	8	26	7708	0
4.22	0	0	423	1	12	24	6882	0
4.221	0	0	423	2	15	24	3422	0
4.221	0	0	423	2	9	26	3822	0
4.223	0	0	423	4	20	28	9422	0
4.224	0	0	423	5	5	26	7708	0
4.225	0	0	423	6	11	28	9422	0
4.226	0	0	423	7	8	26	7708	0
4.227	0	0	423	8	14	24	6882	0
4.229	0	0	423	10	1	26	7708	0
4.235	0	0	424	6	9	26	7708	0
4.236	0	0	424	7	12	24	6882	0
4.238	0	0	424	9	20	28	9422	0
4.239	0	0	424	10	5	26	7708	0
4.241	0	0	425	2	8	26	7708	0
4.243	0	0	425	4	12	24	6882	0
4.244	0	0	425	5	15	24	6882	0
4.245	0	0	425	6	20	28	9422	0
4.246	0	0	425	7	5	26	7708	0
4.247	0	0	425	8	11	28	9422	0
4.248	0	0	425	9	8	26	3822	0
4.248	0	0	425	9	9	26	3822	0
4.251	0	0	426	2	15	24	6882	0
4.252	0	0	426	3	7	22	5861	0
4.253	0	0	426	4	5	26	7708	0
4.254	0	0	426	5	19	28	9422	0
4.257	0	0	426	8	12	24	6882	0
4.259	0	0	426	10	20	28	9422	0
4.26	0	0	427	1	1	26	7708	0
4.262	0	0	427	3	8	26	3822	0
4.262	0	0	427	3	9	26	3822	0
4.264	0	0	427	5	14	24	6882	0
4.266	0	0	427	7	15	24	6882	0
4.267	0	0	427	8	20	28	9422	0
4.268	0	0	427	9	5	26	7708	0
4.269	0	0	427	10	1	26	7708	0
4.272	0	0	428	3	9	26	7708	0
4.273	0	0	428	4	15	24	6882	0
4.274	0	0	428	5	20	28	9422	0
4.275	0	0	428	6	5	26	7708	0
4.276	0	0	428	7	9	26	3822	0
4.276	0	0	428	7	11	28	4587	0
4.279	0	0	428	10	7	22	5861	0
4.28	0	0	429	1	12	24	3422	0
4.28	0	0	429	1	7	22	2865	0
4.286	0	0	429	7	8	26	3822	0
4.286	0	0	429	7	19	28	4587	0
4.287	0	0	429	8	12	24	6882	0
4.288	0	0	429	9	15	24	6882	0
4.289	0	0	429	10	20	28	4587	0
4.289	0	0	429	10	9	26	3822	0
4.29	0	0	430	1	5	26	7708	0
4.292	0	0	430	3	8	26	7708	0
4.293	0	0	430	4	12	24	6882	0
4.295	0	0	430	6	15	24	6882	0
4.296	0	0	430	7	20	28	9422	0
4.297	0	0	430	8	5	26	7708	0
4.298	0	0	430	9	11	28	9422	0
4.3	0	0	431	1	9	26	7708	0
4.302	0	0	431	3	14	24	6882	0
4.303	0	0	431	4	9	26	7708	0
4.306	0	0	431	7	1	26	7708	0
4.307	0	0	431	8	20	28	9422	0
4.308	0	0	431	9	5	26	7708	0
4.309	0	0	431	10	11	28	9422	0
4.31	0	0	432	1	8	26	7708	0
4.311	0	0	432	2	15	24	6882	0
4.312	0	0	432	3	12	24	6882	0
4.313	0	0	432	4	20	28	9422	0
4.314	0	0	432	5	5	26	7708	0
4.315	0	0	432	6	11	28	9422	0
4.316	0	0	432	7	7	22	2865	0
4.316	0	0	432	7	9	26	3822	0
4.323	0	0	433	4	19	28	9422	0
4.326	0	0	433	7	9	26	7708	0
4.329	0	0	433	10	15	24	3422	0
4.329	0	0	433	10	1	26	3822	0
4.33	0	0	434	1	9	26	3822	0
4.33	0	0	434	1	20	28	4587	0
4.332	0	0	434	3	5	26	7708	0
4.333	0	0	434	4	11	28	9422	0
4.334	0	0	434	5	8	26	7708	0
4.335	0	0	434	6	12	24	6882	0
4.336	0	0	434	7	15	24	6882	0
4.337	0	0	434	8	20	28	9422	0
4.338	0	0	434	9	5	26	7708	0
4.339	0	0	434	10	14	24	6882	0
4.34	0	0	435	1	11	28	9422	0
4.341	0	0	435	2	8	26	7708	0
4.342	0	0	435	3	12	24	6882	0
4.344	0	0	435	5	9	26	7708	0
4.35	0	0	436	1	15	24	6882	0
4.351	0	0	436	2	20	28	9422	0
4.352	0	0	436	3	5	26	7708	0
4.354	0	0	436	5	9	26	3822	0
4.354	0	0	436	5	19	28	4587	0
4.355	0	0	436	6	9	26	7708	0
4.357	0	0	436	8	9	26	7708	0
4.358	0	0	436	9	8	26	7708	0
4.359	0	0	436	10	12	24	6882	0
4.36	0	0	437	1	15	24	6882	0
4.364	0	0	437	5	11	28	9422	0
4.365	0	0	437	6	8	26	7708	0
4.366	0	0	437	7	1	26	7708	0
4.367	0	0	437	8	9	26	7708	0
4.368	0	0	437	9	15	24	6882	0
4.37	0	0	438	1	20	28	9422	0
4.371	0	0	438	2	5	26	3822	0
4.371	0	0	438	2	9	26	3822	0
4.374	0	0	438	5	8	26	7708	0
4.375	0	0	438	6	4	28	9422	0
4.376	0	0	438	7	14	24	6882	0
4.377	0	0	438	8	12	24	6882	0
4.382	0	0	439	3	9	26	7708	0
4.385	0	0	439	6	9	26	7708	0
4.386	0	0	439	7	15	24	6882	0
4.389	0	0	439	10	11	28	9422	0
4.391	0	0	440	2	19	28	9422	0
4.395	0	0	440	6	9	26	3822	0
4.395	0	0	440	6	12	24	3422	0
4.396	0	0	440	7	15	24	6882	0
4.397	0	0	440	8	20	28	4587	0
4.397	0	0	440	8	4	28	4587	0
4.398	0	0	440	9	5	26	3822	0
4.398	0	0	440	9	9	26	3822	0
4.4	0	0	441	1	8	26	7708	0
4.401	0	0	441	2	12	24	6882	0
4.402	0	0	441	3	15	24	6882	0
4.403	0	0	441	4	1	26	7708	0
4.406	0	0	441	7	20	28	9422	0
4.412	0	0	442	3	9	26	7708	0
4.413	0	0	442	4	14	24	6882	0
4.417	0	0	442	8	12	24	6882	0
4.42	0	0	443	1	11	28	9422	0
4.422	0	0	443	3	15	24	2196	0
4.422	0	0	443	3	19	28	3062	0
4.422	0	0	443	3	9	26	2481	0
4.423	0	0	443	4	20	28	9422	0
4.424	0	0	443	5	5	26	7708	0
4.425	0	0	443	6	11	28	9422	0
4.426	0	0	443	7	8	26	3822	0
4.426	0	0	443	7	9	26	3822	0
4.429	0	0	443	10	15	24	6882	0
4.43	0	0	444	1	20	28	9422	0
4.431	0	0	444	2	5	26	7708	0
4.433	0	0	444	4	8	26	7708	0
4.436	0	0	444	7	9	26	7708	0
4.439	0	0	444	10	9	26	7708	0
4.44	0	0	445	1	1	26	7708	0
4.441	0	0	445	2	11	28	9422	0
4.443	0	0	445	4	12	24	6882	0
4.444	0	0	445	5	15	24	6882	0
4.446	0	0	445	7	20	28	9422	0
4.447	0	0	445	8	5	26	7708	0
4.448	0	0	445	9	11	28	9422	0
4.449	0	0	445	10	8	26	7708	0
4.45	0	0	446	1	14	24	6882	0
4.453	0	0	446	4	20	28	4587	0
4.453	0	0	446	4	9	26	3822	0
4.454	0	0	446	5	5	26	7708	0
4.459	0	0	446	10	19	28	9422	0
4.463	0	0	447	4	9	26	7708	0
4.464	0	0	447	5	11	28	9422	0
4.465	0	0	447	6	1	26	7708	0
4.467	0	0	447	8	9	26	3822	0
4.467	0	0	447	8	12	24	3422	0
4.469	0	0	447	10	15	24	6882	0
4.47	0	0	448	1	20	28	9422	0
4.471	0	0	448	2	5	26	7708	0
4.473	0	0	448	4	8	26	3822	0
4.473	0	0	448	4	16	28	4587	0
4.474	0	0	448	5	12	24	6882	0
4.475	0	0	448	6	15	24	6882	0
4.477	0	0	448	8	20	28	9422	0
4.478	0	0	448	9	5	26	7708	0
4.48	0	0	449	1	9	26	3822	0
4.48	0	0	449	1	16	28	4587	0
4.487	0	0	449	8	14	24	3422	0
4.487	0	0	449	8	16	28	4587	0
4.489	0	0	449	10	11	28	9422	0
4.49	0	0	450	1	19	28	4587	0
4.49	0	0	450	1	9	26	3822	0
4.491	0	0	450	2	8	26	7708	0
4.492	0	0	450	3	12	24	6882	0
4.493	0	0	450	4	15	24	6882	0
4.494	0	0	450	5	16	28	3062	0
4.494	0	0	450	5	20	28	3062	0
4.494	0	0	450	5	9	26	2481	0
4.495	0	0	450	6	5	26	3822	0
4.495	0	0	450	6	9	26	3822	0
4.496	0	0	450	7	11	28	9422	0
4.497	0	0	450	8	8	26	7708	0
4.498	0	0	450	9	12	24	6882	0
4.499	0	0	450	10	15	26	7708	0
4.501	0	0	451	2	20	28	9422	0
4.503	0	0	451	4	1	26	7708	0
4.504	0	0	451	5	9	26	7708	0
4.507	0	0	451	8	11	28	9422	0
4.508	0	0	451	9	9	26	7708	0
4.51	0	0	452	1	16	28	9422	0
4.511	0	0	452	2	9	26	7708	0
4.512	0	0	452	3	15	26	7708	0
4.513	0	0	452	4	20	28	9422	0
4.514	0	0	452	5	1	26	3822	0
4.514	0	0	452	5	16	28	4587	0
4.515	0	0	452	6	5	26	3822	0
4.515	0	0	452	6	16	28	4587	0
4.517	0	0	452	8	8	26	7708	0
4.518	0	0	452	9	12	24	6882	0
4.521	0	0	453	2	16	28	4587	0
4.521	0	0	453	2	9	26	3822	0
4.522	0	0	453	3	5	26	7708	0
4.524	0	0	453	5	14	24	6882	0
4.527	0	0	453	8	19	28	9422	0
4.532	0	0	454	3	11	28	9422	0
4.533	0	0	454	4	1	26	7708	0
4.534	0	0	454	5	12	24	6882	0
4.535	0	0	454	6	15	26	3822	0
4.535	0	0	454	6	9	26	3822	0
4.537	0	0	454	8	20	28	9422	0
4.538	0	0	454	9	5	26	7708	0
4.541	0	0	455	2	9	26	7708	0
4.542	0	0	455	3	16	28	4587	0
4.542	0	0	455	3	8	26	3822	0
4.543	0	0	455	4	12	24	6882	0
4.549	0	0	455	10	8	26	7708	0
4.552	0	0	456	3	16	28	9422	0
4.554	0	0	456	5	15	26	7708	0
4.555	0	0	456	6	16	28	4587	0
4.555	0	0	456	6	20	28	4587	0
4.556	0	0	456	7	5	26	3822	0
4.556	0	0	456	7	16	28	4587	0
4.557	0	0	456	8	11	28	9422	0
4.558	0	0	456	9	9	26	7708	0
4.559	0	0	456	10	9	26	7708	0
4.561	0	0	457	2	14	24	6882	0
4.562	0	0	457	3	16	28	4587	0
4.562	0	0	457	3	9	26	3822	0
4.569	0	0	457	10	16	28	4587	0
4.569	0	0	457	10	8	26	3822	0
4.57	0	0	458	1	1	26	7708	0
4.571	0	0	458	2	12	24	6882	0
4.572	0	0	458	3	9	26	7708	0
4.573	0	0	458	4	15	26	7708	0
4.574	0	0	458	5	20	28	9422	0
4.575	0	0	458	6	5	26	7708	0
4.576	0	0	458	7	9	26	7708	0
4.577	0	0	458	8	11	28	9422	0
4.584	0	0	459	5	11	28	9422	0
4.587	0	0	459	8	15	26	7708	0
4.589	0	0	459	10	16	28	9422	0
4.59	0	0	460	1	9	26	7708	0
4.592	0	0	460	3	16	28	9422	0
4.594	0	0	460	5	8	26	7708	0
4.595	0	0	460	6	12	24	6882	0
4.597	0	0	460	8	16	28	9422	0
4.598	0	0	460	9	20	28	3062	0
4.598	0	0	460	9	14	24	2196	0
4.598	0	0	460	9	16	28	3062	0
4.599	0	0	460	10	5	26	3822	0
4.599	0	0	460	10	16	28	4587	0
4.6	0	0	461	1	9	26	2481	0
4.6	0	0	461	1	11	28	3062	0
4.6	0	0	461	1	16	28	3062	0
4.601	0	0	461	2	8	26	7708	0
4.602	0	0	461	3	1	26	7708	0
4.603	0	0	461	4	9	26	3822	0
4.603	0	0	461	4	16	28	4587	0
4.604	0	0	461	5	16	28	9422	0
4.605	0	0	461	6	15	26	7708	0
4.61	0	0	462	1	16	28	9422	0
4.612	0	0	462	3	15	26	7708	0
4.616	0	0	462	7	16	28	9422	0
4.617	0	0	462	8	9	26	7708	0
4.619	0	0	462	10	11	28	9422	0
4.62	0	0	463	1	8	26	7708	0
4.621	0	0	463	2	12	24	6882	0
4.623	0	0	463	4	16	28	4587	0
4.623	0	0	463	4	9	26	3822	0
4.624	0	0	463	5	20	28	4587	0
4.624	0	0	463	5	9	26	3822	0
4.625	0	0	463	6	5	26	7708	0
4.626	0	0	463	7	11	28	9422	0
4.627	0	0	463	8	8	26	3822	0
4.627	0	0	463	8	9	26	3822	0
4.628	0	0	463	9	12	24	6882	0
4.63	0	0	464	1	16	28	9422	0
4.631	0	0	464	2	15	26	7708	0
4.634	0	0	464	5	4	28	9422	0
4.635	0	0	464	6	14	24	6882	0
4.637	0	0	464	8	16	28	4587	0
4.637	0	0	464	8	11	28	4587	0
4.639	0	0	464	10	1	26	7708	0
4.641	0	0	465	2	16	28	9422	0
4.642	0	0	465	3	8	26	7708	0
4.643	0	0	465	4	12	24	6882	0
4.644	0	0	465	5	16	28	4587	0
4.644	0	0	465	5	9	26	3822	0
4.645	0	0	465	6	19	28	9422	0
4.646	0	0	465	7	9	26	7708	0
4.648	0	0	465	9	20	28	9422	0
4.651	0	0	466	2	5	26	7708	0
4.657	0	0	466	8	16	28	9422	0
4.658	0	0	466	9	9	26	3822	0
4.658	0	0	466	9	15	26	3822	0
4.662	0	0	467	3	11	28	9422	0
4.663	0	0	467	4	8	26	7708	0
4.664	0	0	467	5	12	24	6882	0
4.665	0	0	467	6	15	26	7708	0
4.666	0	0	467	7	9	26	7708	0
4.667	0	0	467	8	20	28	9422	0
4.668	0	0	467	9	9	26	7708	0
4.669	0	0	467	10	11	28	9422	0
4.67	0	0	468	1	1	26	3822	0
4.67	0	0	468	1	8	26	3822	0
4.671	0	0	468	2	9	26	3822	0
4.671	0	0	468	2	4	28	4587	0
4.672	0	0	468	3	14	24	6882	0
4.676	0	0	468	7	19	28	9422	0
4.678	0	0	468	9	5	26	7708	0
4.68	0	0	469	1	8	26	7708	0
4.681	0	0	469	2	12	24	6882	0
4.682	0	0	469	3	15	26	7708	0
4.685	0	0	469	6	9	26	7708	0
4.689	0	0	469	10	11	28	9422	0
4.69	0	0	470	1	19	28	9422	0
4.692	0	0	470	3	12	24	6882	0
4.694	0	0	470	5	16	28	9422	0
4.696	0	0	470	7	20	28	9422	0
4.697	0	0	470	8	5	26	7708	0
4.699	0	0	470	10	8	26	3822	0
4.699	0	0	470	10	9	26	3822	0
4.701	0	0	471	2	15	26	7708	0
4.702	0	0	471	3	20	28	9422	0
4.703	0	0	471	4	9	26	7708	0
4.704	0	0	471	5	5	26	7708	0
4.706	0	0	471	7	8	26	7708	0
4.707	0	0	471	8	1	26	7708	0
4.708	0	0	471	9	4	28	9422	0
4.709	0	0	471	10	14	24	6882	0
4.71	0	0	472	1	12	24	6882	0
4.715	0	0	472	6	11	28	9422	0
4.717	0	0	472	8	12	24	6882	0
4.719	0	0	472	10	20	28	9422	0
4.72	0	0	473	1	5	26	7708	0
4.721	0	0	473	2	11	28	9422	0
4.722	0	0	473	3	9	26	7708	0
4.725	0	0	473	6	8	26	7708	0
4.727	0	0	473	8	9	26	3822	0
4.727	0	0	473	8	15	26	3822	0
4.731	0	0	474	2	8	26	7708	0
4.733	0	0	474	4	12	24	6882	0
4.734	0	0	474	5	15	26	7708	0
4.736	0	0	474	7	9	26	7708	0
4.738	0	0	474	9	11	28	4587	0
4.738	0	0	474	9	1	26	3822	0
4.74	0	0	475	1	12	24	6882	0
4.742	0	0	475	3	19	28	9422	0
4.743	0	0	475	4	16	28	9422	0
4.744	0	0	475	5	4	28	4587	0
4.744	0	0	475	5	16	28	4587	0
4.745	0	0	475	6	20	28	9422	0
4.746	0	0	475	7	9	26	3822	0
4.746	0	0	475	7	14	24	3422	0
4.747	0	0	475	8	16	28	9422	0
4.749	0	0	475	10	5	26	7708	0
4.752	0	0	476	3	8	26	7708	0
4.754	0	0	476	5	12	24	6882	0
4.755	0	0	476	6	15	26	7708	0
4.758	0	0	476	9	9	26	3822	0
4.758	0	0	476	9	11	28	4587	0
4.764	0	0	477	5	16	28	9422	0
4.765	0	0	477	6	16	28	9422	0
4.767	0	0	477	8	9	26	7708	0
4.768	0	0	477	9	20	28	9422	0
4.769	0	0	477	10	5	26	7708	0
4.771	0	0	478	2	16	28	9422	0
4.772	0	0	478	3	8	26	7708	0
4.774	0	0	478	5	12	24	6882	0
4.775	0	0	478	6	15	26	7708	0
4.778	0	0	478	9	11	28	9422	0
4.779	0	0	478	10	8	26	7708	0
4.78	0	0	479	1	12	24	3422	0
4.78	0	0	479	1	4	28	4587	0
4.781	0	0	479	2	15	26	3822	0
4.781	0	0	479	2	4	28	4587	0
4.782	0	0	479	3	9	26	3822	0
4.782	0	0	479	3	4	28	4587	0
4.783	0	0	479	4	14	24	6882	0
4.79	0	0	480	1	20	28	9422	0
4.791	0	0	480	2	5	26	7708	0
4.793	0	0	480	4	9	26	7708	0
4.794	0	0	480	5	8	26	3822	0
4.794	0	0	480	5	9	26	3822	0
4.796	0	0	480	7	9	26	7708	0
4.797	0	0	480	8	12	24	6882	0
4.799	0	0	480	10	15	26	7708	0
4.801	0	0	481	2	19	28	9422	0
4.803	0	0	481	4	11	28	9422	0
4.806	0	0	481	7	1	26	7708	0
4.808	0	0	481	9	9	26	3822	0
4.808	0	0	481	9	20	28	4587	0
4.809	0	0	481	10	4	28	4587	0
4.809	0	0	481	10	5	26	3822	0
4.81	0	0	482	1	16	28	9422	0
4.811	0	0	482	2	4	28	9422	0
4.812	0	0	482	3	9	26	7708	0
4.813	0	0	482	4	8	26	7708	0
4.814	0	0	482	5	16	28	9422	0
4.815	0	0	482	6	12	24	6882	0
4.816	0	0	482	7	4	28	9422	0
4.818	0	0	482	9	4	28	9422	0
4.82	0	0	483	1	14	24	6882	0
4.822	0	0	483	3	9	26	7708	0
4.824	0	0	483	5	21	28	9422	0
4.825	0	0	483	6	11	28	9422	0
4.83	0	0	484	1	19	28	9422	0
4.831	0	0	484	2	21	28	4587	0
4.831	0	0	484	2	15	26	3822	0
4.832	0	0	484	3	20	28	9422	0
4.833	0	0	484	4	5	26	7708	0
4.835	0	0	484	6	9	26	7708	0
4.836	0	0	484	7	8	26	7708	0
4.837	0	0	484	8	12	24	6882	0
4.838	0	0	484	9	15	26	3822	0
4.838	0	0	484	9	21	28	4587	0
4.839	0	0	484	10	4	28	9422	0
4.84	0	0	485	1	1	26	7708	0
4.843	0	0	485	4	1	26	7708	0
4.844	0	0	485	5	11	28	4587	0
4.844	0	0	485	5	21	28	4587	0
4.847	0	0	485	8	16	28	9422	0
4.848	0	0	485	9	4	28	9422	0
4.849	0	0	485	10	9	26	3822	0
4.849	0	0	485	10	4	28	4587	0
4.85	0	0	486	1	4	28	9422	0
4.851	0	0	486	2	15	26	3822	0
4.851	0	0	486	2	21	28	4587	0
4.852	0	0	486	3	20	28	9422	0
4.854	0	0	486	5	5	26	7708	0
4.856	0	0	486	7	8	26	7708	0
4.858	0	0	486	9	12	24	3422	0
4.858	0	0	486	9	21	28	4587	0
4.861	0	0	487	2	21	28	9422	0
4.863	0	0	487	4	9	26	7708	0
4.865	0	0	487	6	11	28	4587	0
4.865	0	0	487	6	21	28	4587	0
4.87	0	0	488	1	15	26	7708	0
4.871	0	0	488	2	20	28	9422	0
4.872	0	0	488	3	21	28	4587	0
4.872	0	0	488	3	5	26	3822	0
4.874	0	0	488	5	8	26	7708	0
4.876	0	0	488	7	9	26	3822	0
4.876	0	0	488	7	12	24	3422	0
4.877	0	0	488	8	15	26	3822	0
4.877	0	0	488	8	4	28	4587	0
4.879	0	0	488	10	21	28	3062	0
4.879	0	0	488	10	1	26	2481	0
4.879	0	0	488	10	4	28	3062	0
4.883	0	0	489	4	11	28	9422	0
4.884	0	0	489	5	4	28	9422	0
4.885	0	0	489	6	21	28	4587	0
4.885	0	0	489	6	4	28	4587	0
4.886	0	0	489	7	4	28	9422	0
4.887	0	0	489	8	4	28	9422	0
4.889	0	0	489	10	15	26	7708	0
4.89	0	0	490	1	20	28	4587	0
4.89	0	0	490	1	9	26	3822	0
4.892	0	0	490	3	21	28	4587	0
4.892	0	0	490	3	5	26	3822	0
4.897	0	0	490	8	8	26	7708	0
4.898	0	0	490	9	12	24	6882	0
4.899	0	0	490	10	21	28	9422	0
4.9	0	0	491	1	9	26	7708	0
4.904	0	0	491	5	9	26	7708	0
4.905	0	0	491	6	14	24	749	0
4.905	0	0	491	6	17	28	1031	0
4.905	0	0	491	6	18	28	1031	0
4.905	0	0	491	6	21	28	1031	0
4.905	0	0	491	6	1	26	839	0
4.905	0	0	491	6	2	24	749	0
4.905	0	0	491	6	3	24	749	0
4.905	0	0	491	6	6	28	1031	0
4.905	0	0	491	6	9	26	839	0
4.906	0	0	491	7	11	28	4587	0
4.906	0	0	491	7	9	26	3822	0
4.911	0	0	492	2	15	26	7708	0
4.912	0	0	492	3	20	28	9422	0
4.914	0	0	492	5	5	26	7708	0
4.916	0	0	492	7	1	26	7708	0
4.917	0	0	492	8	16	28	9422	0
4.918	0	0	492	9	4	28	9422	0
4.919	0	0	492	10	16	28	9422	0
4.925	0	0	493	6	21	28	4587	0
4.925	0	0	493	6	9	26	3822	0
4.927	0	0	493	8	21	28	4587	0
4.927	0	0	493	8	4	28	4587	0
4.928	0	0	493	9	9	26	3822	0
4.928	0	0	493	9	4	28	4587	0
4.929	0	0	493	10	8	26	3822	0
4.929	0	0	493	10	4	28	4587	0
4.93	0	0	494	1	12	24	6882	0
4.932	0	0	494	3	15	26	7708	0
4.933	0	0	494	4	13	24	6882	0
4.934	0	0	494	5	19	28	9422	0
4.937	0	0	494	8	4	28	4587	0
4.937	0	0	494	8	5	26	3822	0
4.938	0	0	494	9	11	28	4587	0
4.938	0	0	494	9	4	28	4587	0
4.941	0	0	495	2	21	28	9422	0
4.942	0	0	495	3	3	24	3422	0
4.942	0	0	495	3	14	24	3422	0
4.944	0	0	495	5	9	26	7708	0
4.947	0	0	495	8	8	26	7708	0
4.948	0	0	495	9	16	28	9422	0
4.949	0	0	495	10	12	24	6882	0
4.95	0	0	496	1	15	26	7708	0
4.951	0	0	496	2	21	28	9422	0
4.955	0	0	496	6	4	28	9422	0
4.961	0	0	497	2	5	26	7708	0
4.962	0	0	497	3	11	28	9422	0
4.964	0	0	497	5	4	28	9422	0
4.968	0	0	497	9	5	26	7708	0
4.969	0	0	497	10	11	28	9422	0
4.971	0	0	498	2	8	26	7708	0
4.972	0	0	498	3	9	26	3822	0
4.972	0	0	498	3	19	28	4587	0
4.973	0	0	498	4	12	24	6882	0
4.974	0	0	498	5	4	28	4587	0
4.974	0	0	498	5	9	26	3822	0
4.975	0	0	498	6	15	26	3822	0
4.975	0	0	498	6	4	28	4587	0
4.976	0	0	498	7	20	28	9422	0
4.977	0	0	498	8	20	28	9422	0
4.978	0	0	498	9	20	28	9422	0
4.979	0	0	498	10	20	28	9422	0
4.98	0	0	499	1	20	28	9422	0
4.981	0	0	499	2	11	28	9422	0
4.986	0	0	499	7	20	28	9422	0
4.988	0	0	499	9	11	28	9422	0
4.989	0	0	499	10	8	26	7708	0
4.992	0	0	500	3	4	28	9422	0
4.994	0	0	500	5	8	26	7708	0
4.995	0	0	500	6	12	24	6882	0
4.996	0	0	500	7	15	26	7708	0
4.999	0	0	500	10	12	24	6882	0
