% time	cellId	IMSI	RNTI	layer	mcs	size	rv	ndi	ccId
126	1	0	5	0	0	349	0	1	0
127	1	0	11	0	0	349	0	1	0
128	1	0	8	0	0	349	0	1	0
129	1	0	12	0	0	349	0	1	0
130	1	0	15	0	0	349	0	1	0
131	1	0	20	0	0	349	0	1	0
132	1	0	5	0	0	349	0	1	0
133	1	0	11	0	0	349	0	1	0
134	1	0	8	0	0	349	0	1	0
135	1	0	12	0	0	349	0	1	0
136	1	0	15	0	0	349	0	1	0
137	1	0	20	0	0	349	0	1	0
139	1	0	3	0	0	349	0	1	0
140	1	0	4	0	0	349	0	1	0
141	1	0	7	0	0	349	0	1	0
142	1	0	9	0	0	349	0	1	0
143	1	0	19	0	0	349	0	1	0
149	1	0	5	0	0	349	0	1	0
150	1	0	11	0	0	349	0	1	0
151	1	0	8	0	0	349	0	1	0
152	1	0	12	0	0	349	0	1	0
153	1	0	15	0	0	349	0	1	0
154	1	0	20	0	0	349	0	1	0
155	1	0	5	0	0	349	0	1	0
156	1	0	11	0	0	349	0	1	0
157	1	0	8	0	0	349	0	1	0
158	1	0	12	0	0	349	0	1	0
159	1	0	15	0	0	349	0	1	0
160	1	0	20	0	0	349	0	1	0
167	1	0	5	0	0	349	0	1	0
168	1	0	11	0	0	349	0	1	0
169	1	0	8	0	0	349	0	1	0
170	1	0	12	0	0	349	0	1	0
171	1	0	15	0	0	349	0	1	0
172	1	0	20	0	0	349	0	1	0
173	1	0	5	0	0	349	0	1	0
174	1	0	11	0	0	349	0	1	0
175	1	0	8	0	0	349	0	1	0
176	1	0	12	0	0	349	0	1	0
177	1	0	15	0	0	349	0	1	0
178	1	0	20	0	0	349	0	1	0
185	1	0	5	0	0	349	0	1	0
186	1	0	11	0	0	349	0	1	0
187	1	0	8	0	0	349	0	1	0
188	1	0	12	0	0	349	0	1	0
189	1	0	15	0	0	349	0	1	0
190	1	0	20	0	0	349	0	1	0
191	1	0	5	0	0	349	0	1	0
192	1	0	11	0	0	349	0	1	0
193	1	0	8	0	0	349	0	1	0
194	1	0	12	0	0	349	0	1	0
195	1	0	15	0	0	349	0	1	0
196	1	0	20	0	0	349	0	1	0
203	1	0	5	0	0	349	0	1	0
204	1	0	11	0	0	349	0	1	0
205	1	0	8	0	0	349	0	1	0
206	1	0	12	0	0	349	0	1	0
207	1	0	15	0	0	349	0	1	0
208	1	0	20	0	0	349	0	1	0
209	1	0	5	0	0	349	0	1	0
210	1	0	11	0	0	349	0	1	0
211	1	0	8	0	0	349	0	1	0
212	1	0	12	0	0	349	0	1	0
213	1	0	15	0	0	349	0	1	0
214	1	0	20	0	0	349	0	1	0
221	1	0	5	0	0	349	0	1	0
222	1	0	11	0	0	349	0	1	0
223	1	0	8	0	0	349	0	1	0
224	1	0	12	0	0	349	0	1	0
225	1	0	15	0	0	349	0	1	0
226	1	0	20	0	0	349	0	1	0
227	1	0	5	0	0	349	0	1	0
228	1	0	11	0	0	349	0	1	0
229	1	0	8	0	0	349	0	1	0
230	1	0	12	0	0	349	0	1	0
231	1	0	15	0	0	349	0	1	0
232	1	0	20	0	0	349	0	1	0
234	1	0	11	0	0	349	0	1	0
237	1	0	15	0	0	349	0	1	0
239	1	0	5	0	0	349	0	1	0
241	1	0	8	0	0	349	0	1	0
242	1	0	12	0	0	349	0	1	0
244	1	0	20	0	0	349	0	1	0
245	1	0	5	0	0	349	0	1	0
246	1	0	11	0	0	349	0	1	0
247	1	0	8	0	0	349	0	1	0
248	1	0	12	0	0	349	0	1	0
249	1	0	15	0	0	349	0	1	0
250	1	0	20	0	0	349	0	1	0
252	1	0	11	0	0	349	0	1	0
255	1	0	15	0	0	349	0	1	0
257	1	0	5	0	0	349	0	1	0
259	1	0	8	0	0	349	0	1	0
260	1	0	12	0	0	349	0	1	0
262	1	0	20	0	0	349	0	1	0
263	1	0	5	0	0	349	0	1	0
264	1	0	11	0	0	349	0	1	0
265	1	0	8	0	0	349	0	1	0
266	1	0	12	0	0	349	0	1	0
268	1	0	20	0	0	349	0	1	0
270	1	0	11	0	0	349	0	1	0
273	1	0	15	0	0	349	0	1	0
275	1	0	5	0	0	349	0	1	0
277	1	0	8	0	0	349	0	1	0
278	1	0	12	0	0	349	0	1	0
279	1	0	15	0	0	349	0	1	0
280	1	0	20	0	0	349	0	1	0
281	1	0	5	0	0	349	0	1	0
282	1	0	11	0	0	349	0	1	0
283	1	0	8	0	0	349	0	1	0
284	1	0	12	0	0	349	0	1	0
286	1	0	20	0	0	349	0	1	0
288	1	0	11	0	0	349	0	1	0
293	1	0	5	0	0	349	0	1	0
295	1	0	8	0	0	349	0	1	0
296	1	0	12	0	0	349	0	1	0
297	1	0	15	0	0	349	0	1	0
298	1	0	20	0	0	349	0	1	0
299	1	0	5	0	0	349	0	1	0
300	1	0	11	0	0	349	0	1	0
301	1	0	8	0	0	349	0	1	0
302	1	0	12	0	0	349	0	1	0
303	1	0	15	0	0	349	0	1	0
304	1	0	20	0	0	349	0	1	0
306	1	0	11	0	0	349	0	1	0
309	1	0	15	0	0	349	0	1	0
311	1	0	5	0	0	349	0	1	0
313	1	0	8	0	0	349	0	1	0
314	1	0	12	0	0	349	0	1	0
316	1	0	20	0	0	349	0	1	0
317	1	0	5	0	0	349	0	1	0
318	1	0	11	0	0	349	0	1	0
319	1	0	4	0	0	173	0	1	0
319	1	0	8	0	0	173	0	1	0
320	1	0	12	0	0	173	0	1	0
320	1	0	4	0	0	173	0	1	0
321	1	0	15	0	0	173	0	1	0
321	1	0	4	0	0	173	0	1	0
322	1	0	20	0	0	173	0	1	0
322	1	0	4	0	0	173	0	1	0
323	1	0	4	0	0	349	0	1	0
324	1	0	4	0	0	349	0	1	0
325	1	0	11	0	0	173	0	1	0
325	1	0	4	0	0	173	0	1	0
326	1	0	4	0	0	349	0	1	0
327	1	0	4	0	0	349	0	1	0
328	1	0	15	0	0	173	0	1	0
328	1	0	4	0	0	173	0	1	0
329	1	0	4	0	0	349	0	1	0
330	1	0	5	0	0	173	0	1	0
330	1	0	4	0	26	3822	0	1	0
331	1	0	4	0	26	7708	0	1	0
332	1	0	8	0	0	349	0	1	0
333	1	0	12	0	0	173	0	1	0
333	1	0	4	0	26	3822	0	1	0
334	1	0	4	0	26	7708	0	1	0
336	1	0	20	0	0	349	0	1	0
337	1	0	5	0	26	7708	0	1	0
338	1	0	11	0	26	7708	0	1	0
339	1	0	8	0	26	7708	0	1	0
340	1	0	12	0	24	6882	0	1	0
341	1	0	15	0	26	7708	0	1	0
342	1	0	20	0	0	349	0	1	0
344	1	0	11	0	26	7708	0	1	0
348	1	0	15	0	26	7708	0	1	0
350	1	0	5	0	26	7708	0	1	0
352	1	0	8	0	26	7708	0	1	0
353	1	0	12	0	24	6882	0	1	0
355	1	0	20	0	28	9422	0	1	0
356	1	0	5	0	26	7708	0	1	0
357	1	0	11	0	26	7708	0	1	0
358	1	0	8	0	26	7708	0	1	0
359	1	0	12	0	24	6882	0	1	0
360	1	0	15	0	26	3822	0	1	0
360	1	0	4	0	26	3822	0	1	0
361	1	0	4	0	26	7708	0	1	0
362	1	0	20	0	28	9422	0	1	0
364	1	0	4	0	26	7708	0	1	0
366	1	0	4	0	26	7708	0	1	0
367	1	0	4	0	26	7708	0	1	0
372	1	0	5	0	26	7708	0	1	0
374	1	0	8	0	26	7708	0	1	0
376	1	0	12	0	24	6882	0	1	0
378	1	0	20	0	28	9422	0	1	0
379	1	0	5	0	26	7708	0	1	0
380	1	0	11	0	26	7708	0	1	0
381	1	0	8	0	26	7708	0	1	0
382	1	0	12	0	24	6882	0	1	0
383	1	0	15	0	26	7708	0	1	0
384	1	0	20	0	28	9422	0	1	0
386	1	0	11	0	26	7708	0	1	0
389	1	0	15	0	26	7708	0	1	0
391	1	0	5	0	26	7708	0	1	0
393	1	0	8	0	26	7708	0	1	0
394	1	0	12	0	24	6882	0	1	0
396	1	0	20	0	28	9422	0	1	0
397	1	0	4	0	26	7708	0	1	0
398	1	0	5	0	26	7708	0	1	0
399	1	0	11	0	26	7708	0	1	0
400	1	0	8	0	26	7708	0	1	0
401	1	0	12	0	24	6882	0	1	0
402	1	0	15	0	26	7708	0	1	0
403	1	0	20	0	28	9422	0	1	0
405	1	0	11	0	26	7708	0	1	0
408	1	0	15	0	26	7708	0	1	0
410	1	0	5	0	26	7708	0	1	0
413	1	0	8	0	26	7708	0	1	0
414	1	0	12	0	24	6882	0	1	0
416	1	0	20	0	28	9422	0	1	0
417	1	0	5	0	26	7708	0	1	0
418	1	0	11	0	26	7708	0	1	0
419	1	0	8	0	26	7708	0	1	0
420	1	0	12	0	24	6882	0	1	0
421	1	0	15	0	26	7708	0	1	0
422	1	0	20	0	28	9422	0	1	0
424	1	0	11	0	26	7708	0	1	0
427	1	0	15	0	26	7708	0	1	0
429	1	0	5	0	26	7708	0	1	0
431	1	0	8	0	26	7708	0	1	0
432	1	0	12	0	24	6882	0	1	0
434	1	0	4	0	26	7708	0	1	0
435	1	0	20	0	28	9422	0	1	0
436	1	0	5	0	26	7708	0	1	0
437	1	0	11	0	26	7708	0	1	0
438	1	0	8	0	26	7708	0	1	0
439	1	0	12	0	24	6882	0	1	0
440	1	0	15	0	26	7708	0	1	0
441	1	0	20	0	28	9422	0	1	0
443	1	0	11	0	26	7708	0	1	0
446	1	0	15	0	26	3822	0	1	0
446	1	0	4	0	26	3822	0	1	0
448	1	0	5	0	26	7708	0	1	0
451	1	0	8	0	26	7708	0	1	0
452	1	0	12	0	24	6882	0	1	0
454	1	0	20	0	28	9422	0	1	0
455	1	0	5	0	26	7708	0	1	0
456	1	0	11	0	26	7708	0	1	0
457	1	0	8	0	26	7708	0	1	0
458	1	0	12	0	24	6882	0	1	0
459	1	0	15	0	26	7708	0	1	0
460	1	0	20	0	28	9422	0	1	0
463	1	0	11	0	26	7708	0	1	0
464	1	0	21	0	28	9422	0	1	0
468	1	0	21	0	28	9422	0	1	0
470	1	0	5	0	26	7708	0	1	0
471	1	0	4	0	26	7708	0	1	0
473	1	0	8	0	26	7708	0	1	0
474	1	0	12	0	24	6882	0	1	0
476	1	0	20	0	28	9422	0	1	0
477	1	0	5	0	26	7708	0	1	0
478	1	0	11	0	26	7708	0	1	0
479	1	0	8	0	26	7708	0	1	0
480	1	0	12	0	24	6882	0	1	0
482	1	0	15	0	26	7708	0	1	0
483	1	0	4	0	26	7708	0	1	0
489	1	0	21	0	28	9422	0	1	0
493	1	0	5	0	26	7708	0	1	0
494	1	0	21	0	28	9422	0	1	0
496	1	0	8	0	26	7708	0	1	0
497	1	0	12	0	24	6882	0	1	0
499	1	0	20	0	28	9422	0	1	0
500	1	0	5	0	26	7708	0	1	0
501	1	0	11	0	26	7708	0	1	0
502	1	0	8	0	26	7708	0	1	0
503	1	0	12	0	24	6882	0	1	0
504	1	0	15	0	26	3822	0	1	0
504	1	0	4	0	26	3822	0	1	0
505	1	0	20	0	28	9422	0	1	0
507	1	0	11	0	26	7708	0	1	0
508	1	0	4	0	26	7708	0	1	0
509	1	0	4	0	26	7708	0	1	0
514	1	0	21	0	28	9422	0	1	0
515	1	0	5	0	26	7708	0	1	0
517	1	0	8	0	26	7708	0	1	0
518	1	0	12	0	24	6882	0	1	0
521	1	0	20	0	28	9422	0	1	0
522	1	0	5	0	26	7708	0	1	0
524	1	0	11	0	26	7708	0	1	0
527	1	0	15	0	26	7708	0	1	0
528	1	0	20	0	28	9422	0	1	0
530	1	0	11	0	26	7708	0	1	0
533	1	0	15	0	26	7708	0	1	0
535	1	0	5	0	26	7708	0	1	0
536	1	0	4	0	26	7708	0	1	0
537	1	0	8	0	26	7708	0	1	0
538	1	0	12	0	24	3422	0	1	0
538	1	0	4	0	26	3822	0	1	0
540	1	0	20	0	28	9422	0	1	0
541	1	0	4	0	26	7708	0	1	0
542	1	0	4	0	26	7708	0	1	0
543	1	0	21	0	28	9422	0	1	0
545	1	0	11	0	26	7708	0	1	0
548	1	0	15	0	26	7708	0	1	0
551	1	0	11	0	26	7708	0	1	0
554	1	0	15	0	26	7708	0	1	0
556	1	0	5	0	26	7708	0	1	0
558	1	0	8	0	26	7708	0	1	0
559	1	0	12	0	24	6882	0	1	0
561	1	0	20	0	28	9422	0	1	0
562	1	0	5	0	26	7708	0	1	0
563	1	0	11	0	26	7708	0	1	0
564	1	0	4	0	26	3822	0	1	0
564	1	0	8	0	26	3822	0	1	0
565	1	0	12	0	24	3422	0	1	0
565	1	0	4	0	26	3822	0	1	0
566	1	0	15	0	26	7708	0	1	0
567	1	0	20	0	28	9422	0	1	0
569	1	0	11	0	26	7708	0	1	0
571	1	0	4	0	26	7708	0	1	0
572	1	0	15	0	26	3822	0	1	0
572	1	0	4	0	26	3822	0	1	0
573	1	0	4	0	26	7708	0	1	0
574	1	0	4	0	26	7708	0	1	0
576	1	0	5	0	26	7708	0	1	0
577	1	0	21	0	28	9422	0	1	0
579	1	0	8	0	26	7708	0	1	0
580	1	0	12	0	24	6882	0	1	0
581	1	0	21	0	28	9422	0	1	0
582	1	0	21	0	28	9422	0	1	0
584	1	0	20	0	28	9422	0	1	0
587	1	0	11	0	26	7708	0	1	0
592	1	0	15	0	26	7708	0	1	0
594	1	0	5	0	26	7708	0	1	0
597	1	0	21	0	28	9422	0	1	0
598	1	0	12	0	24	6882	0	1	0
599	1	0	15	0	26	7708	0	1	0
601	1	0	21	0	28	9422	0	1	0
603	1	0	21	0	28	9422	0	1	0
605	1	0	8	0	26	7708	0	1	0
608	1	0	4	0	26	7708	0	1	0
611	1	0	20	0	28	9422	0	1	0
612	1	0	5	0	26	7708	0	1	0
613	1	0	11	0	26	7708	0	1	0
616	1	0	15	0	26	7708	0	1	0
617	1	0	20	0	28	9422	0	1	0
618	1	0	5	0	26	7708	0	1	0
619	1	0	11	0	26	7708	0	1	0
621	1	0	12	0	24	6882	0	1	0
622	1	0	15	0	26	7708	0	1	0
626	1	0	21	0	28	9422	0	1	0
628	1	0	8	0	26	7708	0	1	0
631	1	0	20	0	28	9422	0	1	0
632	1	0	5	0	26	7708	0	1	0
633	1	0	11	0	26	7708	0	1	0
634	1	0	8	0	26	7708	0	1	0
636	1	0	15	0	26	7708	0	1	0
637	1	0	20	0	28	9422	0	1	0
638	1	0	5	0	26	7708	0	1	0
639	1	0	11	0	26	7708	0	1	0
641	1	0	12	0	24	6882	0	1	0
642	1	0	15	0	26	7708	0	1	0
645	1	0	21	0	28	4587	0	1	0
645	1	0	4	0	26	3822	0	1	0
646	1	0	4	0	26	7708	0	1	0
647	1	0	8	0	26	7708	0	1	0
648	1	0	12	0	24	6882	0	1	0
650	1	0	20	0	28	9422	0	1	0
651	1	0	21	0	28	9422	0	1	0
652	1	0	5	0	26	7708	0	1	0
653	1	0	11	0	26	7708	0	1	0
654	1	0	8	0	26	7708	0	1	0
659	1	0	5	0	26	7708	0	1	0
663	1	0	21	0	28	9422	0	1	0
664	1	0	12	0	26	7708	0	1	0
665	1	0	15	0	26	7708	0	1	0
668	1	0	21	0	28	9422	0	1	0
670	1	0	8	0	26	7708	0	1	0
671	1	0	12	0	26	7708	0	1	0
672	1	0	15	0	26	7708	0	1	0
673	1	0	20	0	28	9422	0	1	0
674	1	0	5	0	26	7708	0	1	0
675	1	0	11	0	26	7708	0	1	0
676	1	0	8	0	26	7708	0	1	0
680	1	0	20	0	28	9422	0	1	0
681	1	0	5	0	26	7708	0	1	0
682	1	0	4	0	26	7708	0	1	0
685	1	0	12	0	26	7708	0	1	0
690	1	0	8	0	26	7708	0	1	0
691	1	0	12	0	26	7708	0	1	0
692	1	0	15	0	26	7708	0	1	0
693	1	0	20	0	28	9422	0	1	0
694	1	0	5	0	26	7708	0	1	0
695	1	0	11	0	26	7708	0	1	0
696	1	0	8	0	26	7708	0	1	0
698	1	0	21	0	28	9422	0	1	0
705	1	0	12	0	26	7708	0	1	0
710	1	0	8	0	26	7708	0	1	0
711	1	0	12	0	26	7708	0	1	0
713	1	0	20	0	28	9422	0	1	0
714	1	0	5	0	26	7708	0	1	0
715	1	0	11	0	26	7708	0	1	0
716	1	0	8	0	26	7708	0	1	0
718	1	0	15	0	26	7708	0	1	0
719	1	0	4	0	26	7708	0	1	0
720	1	0	20	0	28	9422	0	1	0
721	1	0	5	0	26	7708	0	1	0
722	1	0	11	0	26	7708	0	1	0
724	1	0	12	0	26	7708	0	1	0
725	1	0	15	0	26	7708	0	1	0
729	1	0	8	0	26	7708	0	1	0
730	1	0	12	0	26	7708	0	1	0
732	1	0	21	0	28	9422	0	1	0
733	1	0	20	0	28	9422	0	1	0
735	1	0	5	0	26	7708	0	1	0
736	1	0	11	0	26	7708	0	1	0
737	1	0	21	0	28	9422	0	1	0
741	1	0	15	0	26	7708	0	1	0
750	1	0	8	0	26	7708	0	1	0
751	1	0	12	0	26	7708	0	1	0
753	1	0	20	0	28	9422	0	1	0
754	1	0	5	0	26	7708	0	1	0
755	1	0	11	0	26	7708	0	1	0
756	1	0	4	0	26	7708	0	1	0
757	1	0	8	0	26	7708	0	1	0
758	1	0	12	0	26	3822	0	1	0
758	1	0	4	0	26	3822	0	1	0
759	1	0	4	0	26	7708	0	1	0
760	1	0	20	0	28	9422	0	1	0
761	1	0	5	0	26	7708	0	1	0
762	1	0	11	0	26	7708	0	1	0
763	1	0	21	0	28	9422	0	1	0
766	1	0	15	0	26	7708	0	1	0
769	1	0	21	0	28	9422	0	1	0
772	1	0	8	0	26	7708	0	1	0
773	1	0	12	0	26	7708	0	1	0
775	1	0	20	0	28	9422	0	1	0
776	1	0	5	0	26	7708	0	1	0
778	1	0	11	0	26	7708	0	1	0
779	1	0	8	0	26	7708	0	1	0
780	1	0	12	0	26	7708	0	1	0
782	1	0	20	0	28	9422	0	1	0
783	1	0	5	0	26	7708	0	1	0
784	1	0	11	0	26	7708	0	1	0
787	1	0	15	0	26	7708	0	1	0
791	1	0	8	0	26	7708	0	1	0
792	1	0	12	0	26	3822	0	1	0
792	1	0	4	0	26	3822	0	1	0
793	1	0	4	0	26	7708	0	1	0
794	1	0	15	0	26	7708	0	1	0
795	1	0	20	0	28	9422	0	1	0
796	1	0	5	0	26	7708	0	1	0
797	1	0	21	0	28	9422	0	1	0
798	1	0	11	0	26	7708	0	1	0
802	1	0	20	0	28	9422	0	1	0
803	1	0	5	0	26	7708	0	1	0
804	1	0	21	0	28	9422	0	1	0
810	1	0	12	0	26	7708	0	1	0
811	1	0	15	0	26	7708	0	1	0
813	1	0	20	0	28	9422	0	1	0
814	1	0	5	0	26	7708	0	1	0
816	1	0	8	0	26	7708	0	1	0
817	1	0	12	0	26	7708	0	1	0
818	1	0	15	0	26	7708	0	1	0
819	1	0	20	0	28	9422	0	1	0
820	1	0	5	0	26	7708	0	1	0
821	1	0	11	0	26	7708	0	1	0
822	1	0	8	0	26	7708	0	1	0
827	1	0	11	0	26	7708	0	1	0
828	1	0	4	0	26	7708	0	1	0
829	1	0	4	0	26	7708	0	1	0
830	1	0	12	0	26	7708	0	1	0
831	1	0	15	0	26	7708	0	1	0
832	1	0	21	0	28	9422	0	1	0
833	1	0	20	0	28	9422	0	1	0
834	1	0	5	0	26	7708	0	1	0
836	1	0	8	0	26	7708	0	1	0
837	1	0	12	0	26	7708	0	1	0
838	1	0	15	0	26	7708	0	1	0
839	1	0	20	0	28	9422	0	1	0
840	1	0	5	0	26	7708	0	1	0
844	1	0	11	0	26	7708	0	1	0
850	1	0	11	0	26	7708	0	1	0
851	1	0	21	0	28	9422	0	1	0
853	1	0	12	0	26	7708	0	1	0
854	1	0	15	0	26	7708	0	1	0
855	1	0	20	0	28	9422	0	1	0
856	1	0	5	0	26	7708	0	1	0
857	1	0	21	0	28	9422	0	1	0
859	1	0	8	0	26	7708	0	1	0
860	1	0	12	0	26	7708	0	1	0
861	1	0	15	0	26	7708	0	1	0
862	1	0	20	0	28	9422	0	1	0
865	1	0	4	0	26	7708	0	1	0
866	1	0	11	0	26	7708	0	1	0
869	1	0	15	0	26	7708	0	1	0
870	1	0	21	0	28	9422	0	1	0
873	1	0	11	0	26	7708	0	1	0
875	1	0	21	0	28	9422	0	1	0
876	1	0	12	0	26	7708	0	1	0
878	1	0	20	0	28	9422	0	1	0
879	1	0	5	0	26	7708	0	1	0
882	1	0	8	0	26	7708	0	1	0
883	1	0	12	0	26	7708	0	1	0
885	1	0	20	0	28	9422	0	1	0
886	1	0	5	0	26	7708	0	1	0
887	1	0	11	0	26	7708	0	1	0
888	1	0	8	0	26	7708	0	1	0
890	1	0	15	0	26	7708	0	1	0
893	1	0	11	0	26	7708	0	1	0
895	1	0	12	0	26	7708	0	1	0
896	1	0	15	0	26	7708	0	1	0
897	1	0	20	0	28	9422	0	1	0
898	1	0	5	0	26	7708	0	1	0
900	1	0	8	0	26	7708	0	1	0
901	1	0	12	0	26	7708	0	1	0
902	1	0	4	0	26	7708	0	1	0
904	1	0	20	0	28	9422	0	1	0
905	1	0	5	0	26	7708	0	1	0
906	1	0	11	0	26	7708	0	1	0
907	1	0	8	0	26	7708	0	1	0
909	1	0	15	0	26	7708	0	1	0
912	1	0	11	0	26	7708	0	1	0
914	1	0	12	0	26	7708	0	1	0
915	1	0	15	0	26	7708	0	1	0
916	1	0	20	0	28	9422	0	1	0
918	1	0	5	0	26	7708	0	1	0
920	1	0	8	0	26	7708	0	1	0
921	1	0	21	0	28	9422	0	1	0
925	1	0	5	0	26	7708	0	1	0
926	1	0	21	0	28	9422	0	1	0
927	1	0	11	0	26	7708	0	1	0
930	1	0	15	0	26	7708	0	1	0
933	1	0	11	0	26	7708	0	1	0
936	1	0	12	0	26	7708	0	1	0
937	1	0	15	0	26	7708	0	1	0
939	1	0	4	0	26	7708	0	1	0
940	1	0	20	0	28	9422	0	1	0
941	1	0	5	0	26	7708	0	1	0
943	1	0	8	0	26	7708	0	1	0
946	1	0	20	0	28	9422	0	1	0
947	1	0	5	0	26	7708	0	1	0
948	1	0	11	0	26	7708	0	1	0
949	1	0	8	0	26	7708	0	1	0
951	1	0	15	0	26	7708	0	1	0
955	1	0	11	0	26	7708	0	1	0
957	1	0	12	0	26	7708	0	1	0
958	1	0	21	0	28	9422	0	1	0
960	1	0	20	0	28	9422	0	1	0
961	1	0	5	0	26	7708	0	1	0
963	1	0	21	0	28	9422	0	1	0
965	1	0	8	0	26	7708	0	1	0
968	1	0	9	0	26	7708	0	1	0
971	1	0	11	0	26	7708	0	1	0
972	1	0	8	0	26	7708	0	1	0
974	1	0	15	0	26	7708	0	1	0
975	1	0	4	0	26	7708	0	1	0
976	1	0	4	0	26	7708	0	1	0
978	1	0	11	0	26	7708	0	1	0
980	1	0	12	0	26	7708	0	1	0
981	1	0	15	0	26	7708	0	1	0
982	1	0	20	0	28	9422	0	1	0
983	1	0	5	0	26	7708	0	1	0
985	1	0	8	0	26	7708	0	1	0
986	1	0	12	0	26	7708	0	1	0
988	1	0	20	0	28	9422	0	1	0
989	1	0	5	0	26	7708	0	1	0
991	1	0	11	0	26	7708	0	1	0
992	1	0	8	0	26	7708	0	1	0
994	1	0	15	0	26	7708	0	1	0
997	1	0	9	0	26	7708	0	1	0
998	1	0	11	0	26	7708	0	1	0
1000	1	0	12	0	26	7708	0	1	0
1001	1	0	15	0	26	7708	0	1	0
1002	1	0	9	0	26	7708	0	1	0
1003	1	0	20	0	28	9422	0	1	0
1004	1	0	5	0	26	7708	0	1	0
1006	1	0	8	0	26	7708	0	1	0
1007	1	0	12	0	26	7708	0	1	0
1009	1	0	20	0	28	9422	0	1	0
1010	1	0	5	0	26	7708	0	1	0
1011	1	0	11	0	26	7708	0	1	0
1012	1	0	4	0	26	7708	0	1	0
1013	1	0	8	0	26	7708	0	1	0
1016	1	0	15	0	26	7708	0	1	0
1021	1	0	12	0	26	7708	0	1	0
1022	1	0	15	0	26	7708	0	1	0
1023	1	0	20	0	28	9422	0	1	0
1024	1	0	5	0	26	7708	0	1	0
1026	1	0	8	0	26	7708	0	1	0
1028	1	0	9	0	26	7708	0	1	0
1033	1	0	11	0	26	7708	0	1	0
1036	1	0	15	0	26	7708	0	1	0
1039	1	0	11	0	26	7708	0	1	0
1041	1	0	12	0	26	7708	0	1	0
1042	1	0	15	0	26	7708	0	1	0
1043	1	0	20	0	28	9422	0	1	0
1044	1	0	5	0	26	7708	0	1	0
1046	1	0	8	0	26	7708	0	1	0
1047	1	0	12	0	26	7708	0	1	0
1048	1	0	4	0	26	7708	0	1	0
1049	1	0	20	0	28	4587	0	1	0
1049	1	0	4	0	26	3822	0	1	0
1050	1	0	5	0	26	3822	0	1	0
1050	1	0	4	0	26	3822	0	1	0
1051	1	0	11	0	26	7708	0	1	0
1052	1	0	8	0	26	7708	0	1	0
1054	1	0	15	0	26	7708	0	1	0
1057	1	0	11	0	26	7708	0	1	0
1059	1	0	12	0	26	7708	0	1	0
1060	1	0	15	0	26	7708	0	1	0
1061	1	0	20	0	28	9422	0	1	0
1062	1	0	5	0	26	7708	0	1	0
1065	1	0	8	0	26	7708	0	1	0
1066	1	0	12	0	26	7708	0	1	0
1068	1	0	20	0	28	9422	0	1	0
1069	1	0	5	0	26	7708	0	1	0
1070	1	0	11	0	26	7708	0	1	0
1071	1	0	8	0	26	7708	0	1	0
1073	1	0	15	0	26	7708	0	1	0
1076	1	0	11	0	26	7708	0	1	0
1078	1	0	12	0	26	7708	0	1	0
1079	1	0	15	0	26	7708	0	1	0
1080	1	0	20	0	28	9422	0	1	0
1081	1	0	5	0	26	7708	0	1	0
1083	1	0	8	0	26	7708	0	1	0
1084	1	0	12	0	26	7708	0	1	0
1085	1	0	4	0	26	7708	0	1	0
1087	1	0	20	0	28	9422	0	1	0
1088	1	0	5	0	26	7708	0	1	0
1089	1	0	11	0	26	7708	0	1	0
1090	1	0	8	0	26	7708	0	1	0
1092	1	0	15	0	26	7708	0	1	0
1095	1	0	11	0	26	7708	0	1	0
1097	1	0	12	0	26	7708	0	1	0
1098	1	0	15	0	26	7708	0	1	0
1099	1	0	20	0	28	9422	0	1	0
1101	1	0	5	0	26	7708	0	1	0
1103	1	0	8	0	26	7708	0	1	0
1104	1	0	12	0	26	7708	0	1	0
1106	1	0	20	0	28	9422	0	1	0
1107	1	0	5	0	26	7708	0	1	0
1108	1	0	11	0	26	7708	0	1	0
1109	1	0	8	0	26	7708	0	1	0
1111	1	0	15	0	26	7708	0	1	0
1114	1	0	11	0	26	7708	0	1	0
1116	1	0	12	0	26	7708	0	1	0
1117	1	0	15	0	26	7708	0	1	0
1118	1	0	20	0	28	9422	0	1	0
1119	1	0	5	0	26	7708	0	1	0
1121	1	0	8	0	26	7708	0	1	0
1122	1	0	4	0	26	7708	0	1	0
1123	1	0	12	0	26	7708	0	1	0
1125	1	0	20	0	28	9422	0	1	0
1126	1	0	5	0	26	7708	0	1	0
1127	1	0	11	0	26	7708	0	1	0
1128	1	0	8	0	26	7708	0	1	0
1130	1	0	15	0	26	7708	0	1	0
1133	1	0	11	0	26	7708	0	1	0
1135	1	0	12	0	26	7708	0	1	0
1136	1	0	15	0	26	7708	0	1	0
1138	1	0	20	0	28	9422	0	1	0
1139	1	0	5	0	26	7708	0	1	0
1141	1	0	8	0	26	7708	0	1	0
1142	1	0	12	0	26	7708	0	1	0
1144	1	0	9	0	26	7708	0	1	0
1145	1	0	9	0	26	7708	0	1	0
1146	1	0	3	0	24	6882	0	1	0
1148	1	0	11	0	26	7708	0	1	0
1149	1	0	9	0	26	7708	0	1	0
1150	1	0	9	0	26	7708	0	1	0
1151	1	0	9	0	26	7708	0	1	0
1153	1	0	12	0	26	7708	0	1	0
1155	1	0	15	0	26	7708	0	1	0
1157	1	0	20	0	28	9422	0	1	0
1159	1	0	4	0	26	7708	0	1	0
1160	1	0	3	0	24	6882	0	1	0
1162	1	0	9	0	26	7708	0	1	0
1163	1	0	9	0	26	7708	0	1	0
1164	1	0	9	0	26	7708	0	1	0
1165	1	0	5	0	26	7708	0	1	0
1166	1	0	9	0	26	7708	0	1	0
1167	1	0	9	0	26	7708	0	1	0
1168	1	0	21	0	28	9422	0	1	0
1169	1	0	11	0	26	7708	0	1	0
1170	1	0	8	0	26	7708	0	1	0
1171	1	0	12	0	26	7708	0	1	0
1174	1	0	3	0	24	6882	0	1	0
1181	1	0	15	0	26	7708	0	1	0
1182	1	0	20	0	28	9422	0	1	0
1183	1	0	3	0	24	6882	0	1	0
1184	1	0	3	0	24	3422	0	1	0
1184	1	0	5	0	26	3822	0	1	0
1185	1	0	9	0	26	7708	0	1	0
1186	1	0	21	0	28	9422	0	1	0
1187	1	0	11	0	26	3822	0	1	0
1187	1	0	3	0	24	3422	0	1	0
1188	1	0	8	0	26	7708	0	1	0
1190	1	0	12	0	26	7708	0	1	0
1196	1	0	4	0	26	7708	0	1	0
1198	1	0	8	0	26	7708	0	1	0
1200	1	0	15	0	26	7708	0	1	0
1201	1	0	3	0	24	3422	0	1	0
1201	1	0	20	0	28	4587	0	1	0
1202	1	0	5	0	26	7708	0	1	0
1203	1	0	9	0	26	7708	0	1	0
1205	1	0	8	0	26	7708	0	1	0
1213	1	0	11	0	26	7708	0	1	0
1215	1	0	12	0	26	3822	0	1	0
1215	1	0	3	0	24	3422	0	1	0
1219	1	0	11	0	26	7708	0	1	0
1221	1	0	3	0	24	6882	0	1	0
1222	1	0	14	0	24	6882	0	1	0
1223	1	0	8	0	26	7708	0	1	0
1225	1	0	15	0	26	7708	0	1	0
1226	1	0	20	0	28	9422	0	1	0
1227	1	0	5	0	26	7708	0	1	0
1228	1	0	3	0	24	6882	0	1	0
1229	1	0	8	0	26	7708	0	1	0
1231	1	0	15	0	26	7708	0	1	0
1232	1	0	9	0	26	7708	0	1	0
1233	1	0	20	0	28	9422	0	1	0
1234	1	0	5	0	26	7708	0	1	0
1235	1	0	11	0	26	7708	0	1	0
1238	1	0	3	0	24	6882	0	1	0
1239	1	0	9	0	26	7708	0	1	0
1241	1	0	12	0	26	7708	0	1	0
1242	1	0	3	0	24	6882	0	1	0
1246	1	0	8	0	26	7708	0	1	0
1248	1	0	12	0	26	7708	0	1	0
1249	1	0	15	0	26	7708	0	1	0
1250	1	0	20	0	28	9422	0	1	0
1251	1	0	5	0	26	7708	0	1	0
1254	1	0	11	0	26	7708	0	1	0
1256	1	0	3	0	24	6882	0	1	0
1258	1	0	3	0	24	6882	0	1	0
1261	1	0	11	0	26	7708	0	1	0
1263	1	0	12	0	26	7708	0	1	0
1267	1	0	9	0	26	7708	0	1	0
1269	1	0	3	0	24	3422	0	1	0
1269	1	0	8	0	26	3822	0	1	0
1270	1	0	12	0	26	7708	0	1	0
1272	1	0	15	0	26	7708	0	1	0
1273	1	0	20	0	28	9422	0	1	0
1274	1	0	5	0	26	7708	0	1	0
1275	1	0	3	0	24	6882	0	1	0
1276	1	0	11	0	26	7708	0	1	0
1279	1	0	4	0	26	7708	0	1	0
1283	1	0	11	0	26	3822	0	1	0
1283	1	0	3	0	24	3422	0	1	0
1286	1	0	9	0	26	7708	0	1	0
1287	1	0	12	0	26	7708	0	1	0
1289	1	0	7	0	24	6882	0	1	0
1290	1	0	14	0	24	6882	0	1	0
1293	1	0	3	0	24	6882	0	1	0
1294	1	0	8	0	26	7708	0	1	0
1296	1	0	15	0	26	3822	0	1	0
1296	1	0	3	0	24	3422	0	1	0
1297	1	0	20	0	28	9422	0	1	0
1299	1	0	5	0	26	7708	0	1	0
1300	1	0	11	0	26	7708	0	1	0
1301	1	0	8	0	26	7708	0	1	0
1303	1	0	15	0	26	7708	0	1	0
1310	1	0	12	0	26	3822	0	1	0
1310	1	0	3	0	24	3422	0	1	0
1315	1	0	8	0	26	7708	0	1	0
1317	1	0	12	0	26	7708	0	1	0
1318	1	0	15	0	26	7708	0	1	0
1319	1	0	20	0	28	9422	0	1	0
1320	1	0	3	0	24	6882	0	1	0
1321	1	0	5	0	26	7708	0	1	0
1322	1	0	11	0	26	7708	0	1	0
1324	1	0	3	0	24	6882	0	1	0
1325	1	0	15	0	26	7708	0	1	0
1326	1	0	7	0	24	6882	0	1	0
1327	1	0	9	0	26	7708	0	1	0
1329	1	0	9	0	26	7708	0	1	0
1333	1	0	12	0	26	7708	0	1	0
1334	1	0	3	0	24	6882	0	1	0
1337	1	0	3	0	24	6882	0	1	0
1339	1	0	8	0	26	7708	0	1	0
1340	1	0	12	0	26	7708	0	1	0
1341	1	0	15	0	26	7708	0	1	0
1342	1	0	20	0	28	9422	0	1	0
1343	1	0	5	0	26	7708	0	1	0
1344	1	0	11	0	26	7708	0	1	0
1345	1	0	8	0	26	7708	0	1	0
1347	1	0	15	0	26	7708	0	1	0
1348	1	0	20	0	28	9422	0	1	0
1350	1	0	9	0	26	7708	0	1	0
1351	1	0	3	0	24	3422	0	1	0
1351	1	0	9	0	26	3822	0	1	0
1355	1	0	12	0	26	7708	0	1	0
1356	1	0	4	0	26	7708	0	1	0
1357	1	0	7	0	24	6882	0	1	0
1358	1	0	14	0	24	6882	0	1	0
1359	1	0	4	0	26	7708	0	1	0
1360	1	0	20	0	28	9422	0	1	0
1361	1	0	5	0	26	7708	0	1	0
1362	1	0	11	0	26	7708	0	1	0
1363	1	0	8	0	26	7708	0	1	0
1365	1	0	15	0	26	3822	0	1	0
1365	1	0	3	0	24	3422	0	1	0
1367	1	0	20	0	28	9422	0	1	0
1368	1	0	5	0	26	7708	0	1	0
1369	1	0	11	0	26	7708	0	1	0
1370	1	0	8	0	26	7708	0	1	0
1371	1	0	3	0	24	6882	0	1	0
1373	1	0	12	0	26	7708	0	1	0
1378	1	0	3	0	24	6882	0	1	0
1379	1	0	12	0	26	7708	0	1	0
1382	1	0	20	0	28	9422	0	1	0
1383	1	0	5	0	26	7708	0	1	0
1384	1	0	11	0	26	7708	0	1	0
1385	1	0	8	0	26	7708	0	1	0
1387	1	0	15	0	26	7708	0	1	0
1388	1	0	20	0	28	9422	0	1	0
1389	1	0	5	0	26	7708	0	1	0
1390	1	0	11	0	26	7708	0	1	0
1391	1	0	8	0	26	7708	0	1	0
1392	1	0	12	0	26	3822	0	1	0
1392	1	0	3	0	24	3422	0	1	0
1393	1	0	15	0	26	7708	0	1	0
1398	1	0	12	0	26	7708	0	1	0
1399	1	0	3	0	24	6882	0	1	0
1400	1	0	20	0	28	9422	0	1	0
1401	1	0	5	0	26	7708	0	1	0
1403	1	0	3	0	24	6882	0	1	0
1404	1	0	11	0	26	7708	0	1	0
1405	1	0	8	0	26	7708	0	1	0
1407	1	0	15	0	26	7708	0	1	0
1410	1	0	11	0	26	7708	0	1	0
1411	1	0	8	0	26	7708	0	1	0
1412	1	0	9	0	26	7708	0	1	0
1413	1	0	12	0	26	7708	0	1	0
1414	1	0	15	0	26	7708	0	1	0
1419	1	0	9	0	26	7708	0	1	0
1420	1	0	12	0	26	3822	0	1	0
1420	1	0	3	0	24	3422	0	1	0
1421	1	0	4	0	26	7708	0	1	0
1422	1	0	3	0	24	6882	0	1	0
1423	1	0	20	0	28	9422	0	1	0
1424	1	0	5	0	26	7708	0	1	0
1425	1	0	11	0	26	7708	0	1	0
1426	1	0	8	0	26	7708	0	1	0
1430	1	0	3	0	24	6882	0	1	0
1431	1	0	15	0	26	7708	0	1	0
1437	1	0	12	0	26	7708	0	1	0
1438	1	0	15	0	26	7708	0	1	0
1443	1	0	12	0	26	7708	0	1	0
1445	1	0	20	0	28	9422	0	1	0
1446	1	0	5	0	26	7708	0	1	0
1447	1	0	9	0	26	7708	0	1	0
1448	1	0	11	0	26	7708	0	1	0
1449	1	0	8	0	26	7708	0	1	0
1451	1	0	15	0	26	7708	0	1	0
1452	1	0	20	0	28	9422	0	1	0
1453	1	0	5	0	26	7708	0	1	0
1454	1	0	11	0	26	7708	0	1	0
1455	1	0	8	0	26	7708	0	1	0
1456	1	0	12	0	26	7708	0	1	0
1457	1	0	15	0	26	7708	0	1	0
1458	1	0	4	0	26	7708	0	1	0
1463	1	0	12	0	26	7708	0	1	0
1465	1	0	20	0	28	9422	0	1	0
1466	1	0	5	0	26	7708	0	1	0
1467	1	0	11	0	26	7708	0	1	0
1468	1	0	8	0	26	7708	0	1	0
1470	1	0	15	0	26	7708	0	1	0
1471	1	0	20	0	28	9422	0	1	0
1472	1	0	5	0	26	7708	0	1	0
1474	1	0	11	0	26	7708	0	1	0
1475	1	0	8	0	26	7708	0	1	0
1476	1	0	12	0	26	7708	0	1	0
1477	1	0	15	0	26	7708	0	1	0
1482	1	0	12	0	26	7708	0	1	0
1484	1	0	20	0	28	9422	0	1	0
1485	1	0	5	0	26	7708	0	1	0
1486	1	0	11	0	26	7708	0	1	0
1487	1	0	8	0	26	7708	0	1	0
1489	1	0	15	0	26	7708	0	1	0
1490	1	0	20	0	28	9422	0	1	0
1491	1	0	5	0	26	7708	0	1	0
1492	1	0	11	0	26	7708	0	1	0
1493	1	0	8	0	26	7708	0	1	0
1494	1	0	12	0	26	7708	0	1	0
1495	1	0	3	0	24	2196	0	1	0
1495	1	0	14	0	24	2196	0	1	0
1495	1	0	4	0	26	2481	0	1	0
1496	1	0	4	0	26	7708	0	1	0
1504	1	0	20	0	28	9422	0	1	0
1505	1	0	5	0	26	7708	0	1	0
1506	1	0	4	0	26	7708	0	1	0
1507	1	0	11	0	26	7708	0	1	0
1508	1	0	8	0	26	7708	0	1	0
1509	1	0	3	0	24	6882	0	1	0
1512	1	0	15	0	26	7708	0	1	0
1517	1	0	12	0	26	7708	0	1	0
1518	1	0	15	0	26	7708	0	1	0
1523	1	0	12	0	26	3822	0	1	0
1523	1	0	3	0	24	3422	0	1	0
1526	1	0	20	0	28	9422	0	1	0
1527	1	0	5	0	26	7708	0	1	0
1528	1	0	11	0	26	7708	0	1	0
1529	1	0	8	0	26	7708	0	1	0
1531	1	0	15	0	26	7708	0	1	0
1532	1	0	20	0	28	9422	0	1	0
1533	1	0	5	0	26	7708	0	1	0
1534	1	0	11	0	26	7708	0	1	0
1535	1	0	8	0	26	7708	0	1	0
1536	1	0	12	0	26	7708	0	1	0
1537	1	0	15	0	26	7708	0	1	0
1542	1	0	12	0	26	7708	0	1	0
1544	1	0	20	0	28	9422	0	1	0
1545	1	0	5	0	26	7708	0	1	0
1546	1	0	11	0	26	3822	0	1	0
1546	1	0	3	0	24	3422	0	1	0
1547	1	0	8	0	26	7708	0	1	0
1549	1	0	9	0	26	7708	0	1	0
1550	1	0	3	0	24	6882	0	1	0
1551	1	0	15	0	26	7708	0	1	0
1554	1	0	11	0	26	7708	0	1	0
1556	1	0	12	0	26	7708	0	1	0
1557	1	0	15	0	26	7708	0	1	0
1560	1	0	11	0	26	7708	0	1	0
1563	1	0	3	0	24	3422	0	1	0
1563	1	0	14	0	24	3422	0	1	0
1564	1	0	3	0	24	6882	0	1	0
1566	1	0	20	0	28	9422	0	1	0
1567	1	0	5	0	26	7708	0	1	0
1568	1	0	3	0	24	6882	0	1	0
1570	1	0	8	0	26	7708	0	1	0
1572	1	0	15	0	26	7708	0	1	0
1573	1	0	20	0	28	9422	0	1	0
1574	1	0	5	0	26	7708	0	1	0
1575	1	0	11	0	26	7708	0	1	0
1576	1	0	8	0	26	7708	0	1	0
1577	1	0	3	0	24	6882	0	1	0
1579	1	0	12	0	26	7708	0	1	0
1583	1	0	3	0	24	6882	0	1	0
1586	1	0	12	0	26	7708	0	1	0
1587	1	0	4	0	26	7708	0	1	0
1588	1	0	3	0	24	6882	0	1	0
1590	1	0	20	0	28	9422	0	1	0
1591	1	0	5	0	26	7708	0	1	0
1593	1	0	11	0	26	7708	0	1	0
1594	1	0	7	0	24	6882	0	1	0
1595	1	0	8	0	26	7708	0	1	0
1597	1	0	15	0	26	7708	0	1	0
1598	1	0	3	0	24	6882	0	1	0
1600	1	0	11	0	26	7708	0	1	0
1601	1	0	3	0	24	6882	0	1	0
1602	1	0	8	0	26	7708	0	1	0
1603	1	0	12	0	26	7708	0	1	0
1604	1	0	15	0	26	7708	0	1	0
1609	1	0	12	0	26	7708	0	1	0
1612	1	0	20	0	28	9422	0	1	0
1613	1	0	5	0	26	7708	0	1	0
1614	1	0	3	0	24	6882	0	1	0
1615	1	0	11	0	26	7708	0	1	0
1616	1	0	8	0	26	7708	0	1	0
1618	1	0	15	0	26	3822	0	1	0
1618	1	0	3	0	24	3422	0	1	0
1619	1	0	9	0	26	7708	0	1	0
1620	1	0	3	0	24	6882	0	1	0
1622	1	0	9	0	26	7708	0	1	0
1625	1	0	9	0	26	7708	0	1	0
1627	1	0	12	0	26	7708	0	1	0
1630	1	0	20	0	28	9422	0	1	0
1631	1	0	14	0	24	6882	0	1	0
1632	1	0	3	0	24	3422	0	1	0
1632	1	0	5	0	26	3822	0	1	0
1635	1	0	3	0	24	6882	0	1	0
1636	1	0	4	0	26	7708	0	1	0
1637	1	0	11	0	26	7708	0	1	0
1638	1	0	8	0	26	7708	0	1	0
1640	1	0	15	0	26	7708	0	1	0
1643	1	0	11	0	26	7708	0	1	0
1644	1	0	8	0	26	7708	0	1	0
1645	1	0	12	0	26	7708	0	1	0
1646	1	0	15	0	26	7708	0	1	0
1648	1	0	20	0	28	9422	0	1	0
1650	1	0	9	0	26	7708	0	1	0
1654	1	0	9	0	26	7708	0	1	0
1657	1	0	5	0	26	7708	0	1	0
1658	1	0	11	0	26	7708	0	1	0
1659	1	0	3	0	24	3422	0	1	0
1659	1	0	8	0	26	3822	0	1	0
1660	1	0	3	0	24	6882	0	1	0
1661	1	0	15	0	26	7708	0	1	0
1663	1	0	5	0	26	7708	0	1	0
1665	1	0	11	0	26	7708	0	1	0
1666	1	0	8	0	26	7708	0	1	0
1667	1	0	12	0	26	7708	0	1	0
1668	1	0	15	0	26	7708	0	1	0
1669	1	0	20	0	28	9422	0	1	0
1673	1	0	12	0	26	7708	0	1	0
1674	1	0	1	0	26	7708	0	1	0
1675	1	0	20	0	28	9422	0	1	0
1676	1	0	5	0	26	7708	0	1	0
1677	1	0	11	0	26	7708	0	1	0
1678	1	0	8	0	26	7708	0	1	0
1679	1	0	3	0	24	6882	0	1	0
1680	1	0	15	0	26	7708	0	1	0
1682	1	0	5	0	26	7708	0	1	0
1683	1	0	3	0	24	6882	0	1	0
1684	1	0	11	0	26	7708	0	1	0
1685	1	0	8	0	26	7708	0	1	0
1686	1	0	12	0	26	7708	0	1	0
1687	1	0	15	0	26	3822	0	1	0
1687	1	0	3	0	24	3422	0	1	0
1688	1	0	20	0	28	9422	0	1	0
1693	1	0	12	0	26	7708	0	1	0
1697	1	0	5	0	26	7708	0	1	0
1698	1	0	11	0	26	7708	0	1	0
1699	1	0	9	0	26	7708	0	1	0
1700	1	0	3	0	24	3422	0	1	0
1700	1	0	8	0	26	3822	0	1	0
1701	1	0	9	0	26	7708	0	1	0
1702	1	0	9	0	26	7708	0	1	0
1703	1	0	9	0	26	7708	0	1	0
1704	1	0	12	0	26	7708	0	1	0
1705	1	0	15	0	26	7708	0	1	0
1706	1	0	20	0	28	9422	0	1	0
1710	1	0	12	0	26	7708	0	1	0
1711	1	0	1	0	26	7708	0	1	0
1712	1	0	15	0	26	7708	0	1	0
1713	1	0	20	0	28	9422	0	1	0
1714	1	0	3	0	24	3422	0	1	0
1714	1	0	14	0	24	3422	0	1	0
1716	1	0	3	0	24	6882	0	1	0
1717	1	0	11	0	26	7708	0	1	0
1718	1	0	8	0	26	7708	0	1	0
1719	1	0	4	0	26	7708	0	1	0
1720	1	0	3	0	24	6882	0	1	0
1721	1	0	4	0	26	7708	0	1	0
1722	1	0	12	0	26	7708	0	1	0
1723	1	0	15	0	26	3822	0	1	0
1723	1	0	9	0	26	3822	0	1	0
1724	1	0	20	0	28	9422	0	1	0
1725	1	0	5	0	26	7708	0	1	0
1726	1	0	9	0	26	7708	0	1	0
1727	1	0	9	0	26	7708	0	1	0
1728	1	0	9	0	26	7708	0	1	0
1730	1	0	9	0	26	7708	0	1	0
1737	1	0	11	0	26	3822	0	1	0
1737	1	0	9	0	26	3822	0	1	0
1740	1	0	8	0	26	7708	0	1	0
1741	1	0	12	0	26	3822	0	1	0
1741	1	0	3	0	24	3422	0	1	0
1742	1	0	15	0	26	7708	0	1	0
1743	1	0	1	0	26	3822	0	1	0
1743	1	0	20	0	28	4587	0	1	0
1744	1	0	5	0	26	7708	0	1	0
1746	1	0	8	0	26	7708	0	1	0
1747	1	0	12	0	26	3822	0	1	0
1747	1	0	9	0	26	3822	0	1	0
1748	1	0	15	0	26	3822	0	1	0
1748	1	0	3	0	24	3422	0	1	0
1749	1	0	20	0	28	9422	0	1	0
1750	1	0	5	0	26	3822	0	1	0
1750	1	0	9	0	26	3822	0	1	0
1755	1	0	3	0	24	6882	0	1	0
1757	1	0	3	0	24	6882	0	1	0
1762	1	0	5	0	26	7708	0	1	0
1763	1	0	11	0	26	7708	0	1	0
1764	1	0	9	0	26	3822	0	1	0
1764	1	0	8	0	26	3822	0	1	0
1765	1	0	12	0	26	7708	0	1	0
1766	1	0	15	0	26	7708	0	1	0
1768	1	0	3	0	24	3422	0	1	0
1768	1	0	9	0	26	3822	0	1	0
1769	1	0	20	0	28	9422	0	1	0
1775	1	0	20	0	28	9422	0	1	0
1778	1	0	3	0	24	3422	0	1	0
1778	1	0	9	0	26	3822	0	1	0
1781	1	0	14	0	24	6882	0	1	0
1782	1	0	3	0	24	6882	0	1	0
1784	1	0	14	0	24	6882	0	1	0
1785	1	0	9	0	26	7708	0	1	0
1786	1	0	15	0	26	7708	0	1	0
1787	1	0	20	0	28	9422	0	1	0
1788	1	0	5	0	26	7708	0	1	0
1789	1	0	11	0	26	7708	0	1	0
1790	1	0	8	0	26	7708	0	1	0
1791	1	0	12	0	26	3822	0	1	0
1791	1	0	9	0	26	3822	0	1	0
1792	1	0	15	0	26	7708	0	1	0
1794	1	0	20	0	28	9422	0	1	0
1795	1	0	5	0	26	7708	0	1	0
1796	1	0	11	0	26	3822	0	1	0
1796	1	0	3	0	24	3422	0	1	0
1797	1	0	8	0	26	7708	0	1	0
1798	1	0	12	0	26	7708	0	1	0
1801	1	0	9	0	26	7708	0	1	0
1805	1	0	9	0	26	7708	0	1	0
1806	1	0	3	0	24	6882	0	1	0
1808	1	0	15	0	26	7708	0	1	0
1809	1	0	3	0	24	3422	0	1	0
1809	1	0	20	0	28	4587	0	1	0
1810	1	0	5	0	26	7708	0	1	0
1811	1	0	1	0	26	7708	0	1	0
1812	1	0	11	0	26	7708	0	1	0
1813	1	0	8	0	26	7708	0	1	0
1814	1	0	12	0	26	7708	0	1	0
1819	1	0	9	0	26	7708	0	1	0
1823	1	0	3	0	24	6882	0	1	0
1827	1	0	20	0	28	9422	0	1	0
1828	1	0	5	0	26	7708	0	1	0
1829	1	0	9	0	26	7708	0	1	0
1832	1	0	9	0	26	7708	0	1	0
1833	1	0	3	0	24	6882	0	1	0
1834	1	0	15	0	26	7708	0	1	0
1837	1	0	11	0	26	3822	0	1	0
1837	1	0	3	0	24	3422	0	1	0
1839	1	0	8	0	26	7708	0	1	0
1840	1	0	12	0	26	7708	0	1	0
1842	1	0	9	0	26	7708	0	1	0
1846	1	0	9	0	26	3822	0	1	0
1846	1	0	8	0	26	3822	0	1	0
1847	1	0	12	0	26	3822	0	1	0
1847	1	0	9	0	26	3822	0	1	0
1848	1	0	1	0	26	7708	0	1	0
1850	1	0	3	0	24	3422	0	1	0
1850	1	0	20	0	28	4587	0	1	0
1851	1	0	5	0	26	7708	0	1	0
1855	1	0	15	0	26	7708	0	1	0
1856	1	0	20	0	28	4587	0	1	0
1856	1	0	9	0	26	3822	0	1	0
1857	1	0	5	0	26	3822	0	1	0
1857	1	0	9	0	26	3822	0	1	0
1858	1	0	11	0	26	7708	0	1	0
1860	1	0	9	0	26	7708	0	1	0
1861	1	0	3	0	24	6882	0	1	0
1862	1	0	12	0	26	7708	0	1	0
1864	1	0	3	0	24	6882	0	1	0
1867	1	0	8	0	26	7708	0	1	0
1868	1	0	12	0	26	7708	0	1	0
1870	1	0	20	0	28	9422	0	1	0
1872	1	0	5	0	26	7708	0	1	0
1873	1	0	9	0	26	7708	0	1	0
1874	1	0	8	0	26	7708	0	1	0
1877	1	0	4	0	26	7708	0	1	0
1878	1	0	15	0	26	3822	0	1	0
1878	1	0	3	0	24	3422	0	1	0
1879	1	0	1	0	26	3822	0	1	0
1879	1	0	14	0	24	3422	0	1	0
1882	1	0	11	0	26	7708	0	1	0
1884	1	0	12	0	26	7708	0	1	0
1885	1	0	15	0	26	7708	0	1	0
1887	1	0	9	0	26	7708	0	1	0
1889	1	0	11	0	26	7708	0	1	0
1890	1	0	8	0	26	7708	0	1	0
1891	1	0	12	0	26	3822	0	1	0
1891	1	0	3	0	24	3422	0	1	0
1895	1	0	9	0	26	7708	0	1	0
1896	1	0	20	0	28	9422	0	1	0
1897	1	0	5	0	26	3822	0	1	0
1897	1	0	9	0	26	3822	0	1	0
1898	1	0	3	0	24	6882	0	1	0
1899	1	0	4	0	26	7708	0	1	0
1901	1	0	14	0	24	3422	0	1	0
1901	1	0	9	0	26	3822	0	1	0
1903	1	0	12	0	26	7708	0	1	0
1904	1	0	15	0	26	7708	0	1	0
1905	1	0	3	0	24	6882	0	1	0
1908	1	0	11	0	26	7708	0	1	0
1914	1	0	9	0	26	7708	0	1	0
1915	1	0	3	0	24	6882	0	1	0
1916	1	0	1	0	26	7708	0	1	0
1917	1	0	5	0	26	7708	0	1	0
1919	1	0	3	0	24	3422	0	1	0
1919	1	0	8	0	26	3822	0	1	0
1921	1	0	12	0	26	7708	0	1	0
1922	1	0	15	0	26	7708	0	1	0
1923	1	0	20	0	28	9422	0	1	0
1927	1	0	11	0	26	7708	0	1	0
1928	1	0	9	0	26	7708	0	1	0
1932	1	0	3	0	24	6882	0	1	0
1933	1	0	9	0	26	7708	0	1	0
1936	1	0	4	0	26	7708	0	1	0
1937	1	0	8	0	26	7708	0	1	0
1941	1	0	5	0	26	7708	0	1	0
1942	1	0	9	0	26	7708	0	1	0
1944	1	0	8	0	26	7708	0	1	0
1945	1	0	12	0	26	7708	0	1	0
1946	1	0	15	0	26	3822	0	1	0
1946	1	0	3	0	24	3422	0	1	0
1947	1	0	1	0	26	7708	0	1	0
1948	1	0	20	0	28	9422	0	1	0
1951	1	0	11	0	28	9422	0	1	0
1955	1	0	20	0	28	4587	0	1	0
1955	1	0	9	0	26	3822	0	1	0
1958	1	0	11	0	28	9422	0	1	0
1959	1	0	8	0	26	7708	0	1	0
1960	1	0	3	0	24	6882	0	1	0
1963	1	0	4	0	26	7708	0	1	0
1964	1	0	4	0	26	7708	0	1	0
1965	1	0	9	0	26	7708	0	1	0
1966	1	0	15	0	26	7708	0	1	0
1967	1	0	20	0	28	9422	0	1	0
1968	1	0	5	0	26	7708	0	1	0
1969	1	0	3	0	24	3422	0	1	0
1969	1	0	9	0	26	3822	0	1	0
1970	1	0	3	0	24	6882	0	1	0
1971	1	0	11	0	28	9422	0	1	0
1973	1	0	12	0	26	3822	0	1	0
1973	1	0	3	0	24	3422	0	1	0
1977	1	0	14	0	24	6882	0	1	0
1981	1	0	8	0	26	7708	0	1	0
1983	1	0	9	0	26	7708	0	1	0
1984	1	0	1	0	26	7708	0	1	0
1985	1	0	20	0	28	9422	0	1	0
1986	1	0	5	0	26	7708	0	1	0
1987	1	0	3	0	24	6882	0	1	0
1988	1	0	8	0	26	7708	0	1	0
1991	1	0	12	0	26	7708	0	1	0
1992	1	0	15	0	26	7708	0	1	0
1993	1	0	9	0	26	7708	0	1	0
1996	1	0	11	0	28	4587	0	1	0
1996	1	0	9	0	26	3822	0	1	0
1998	1	0	12	0	26	7708	0	1	0
1999	1	0	15	0	26	7708	0	1	0
2001	1	0	3	0	24	6882	0	1	0
2005	1	0	8	0	26	7708	0	1	0
2006	1	0	9	0	26	7708	0	1	0
2008	1	0	20	0	28	9422	0	1	0
2009	1	0	14	0	24	6882	0	1	0
2010	1	0	5	0	26	3822	0	1	0
2010	1	0	9	0	26	3822	0	1	0
2011	1	0	9	0	26	7708	0	1	0
2012	1	0	8	0	26	7708	0	1	0
2013	1	0	12	0	26	7708	0	1	0
2014	1	0	15	0	26	3822	0	1	0
2014	1	0	3	0	24	3422	0	1	0
2015	1	0	20	0	28	9422	0	1	0
2016	1	0	1	0	26	7708	0	1	0
2017	1	0	5	0	26	7708	0	1	0
2018	1	0	4	0	26	7708	0	1	0
2019	1	0	11	0	28	9422	0	1	0
2020	1	0	9	0	26	7708	0	1	0
2024	1	0	3	0	24	3422	0	1	0
2024	1	0	9	0	26	3822	0	1	0
2025	1	0	9	0	26	7708	0	1	0
2026	1	0	11	0	28	9422	0	1	0
2027	1	0	8	0	26	7708	0	1	0
2028	1	0	3	0	24	6882	0	1	0
2032	1	0	20	0	28	9422	0	1	0
2033	1	0	5	0	26	7708	0	1	0
2037	1	0	12	0	26	7708	0	1	0
2039	1	0	15	0	26	7708	0	1	0
2042	1	0	11	0	28	4587	0	1	0
2042	1	0	3	0	24	3422	0	1	0
2044	1	0	12	0	26	7708	0	1	0
2045	1	0	15	0	26	7708	0	1	0
2049	1	0	11	0	28	9422	0	1	0
2050	1	0	8	0	26	7708	0	1	0
2052	1	0	3	0	24	6882	0	1	0
2053	1	0	1	0	26	7708	0	1	0
2055	1	0	3	0	24	3422	0	1	0
2055	1	0	20	0	28	4587	0	1	0
2056	1	0	5	0	26	7708	0	1	0
2057	1	0	9	0	26	7708	0	1	0
2060	1	0	12	0	26	7708	0	1	0
2062	1	0	15	0	26	7708	0	1	0
2065	1	0	11	0	28	4587	0	1	0
2065	1	0	3	0	24	3422	0	1	0
2067	1	0	12	0	26	7708	0	1	0
2068	1	0	15	0	26	7708	0	1	0
2069	1	0	3	0	24	6882	0	1	0
2071	1	0	11	0	28	9422	0	1	0
2072	1	0	8	0	26	7708	0	1	0
2075	1	0	20	0	28	9422	0	1	0
2076	1	0	5	0	26	7708	0	1	0
2078	1	0	8	0	26	7708	0	1	0
2079	1	0	12	0	26	7708	0	1	0
2080	1	0	15	0	26	7708	0	1	0
2081	1	0	20	0	28	9422	0	1	0
2082	1	0	5	0	26	7708	0	1	0
2083	1	0	11	0	28	4587	0	1	0
2083	1	0	3	0	24	3422	0	1	0
2084	1	0	1	0	26	7708	0	1	0
2086	1	0	12	0	26	7708	0	1	0
2087	1	0	15	0	26	7708	0	1	0
2090	1	0	11	0	28	9422	0	1	0
2091	1	0	8	0	26	7708	0	1	0
2094	1	0	20	0	28	9422	0	1	0
2095	1	0	5	0	26	7708	0	1	0
2096	1	0	3	0	24	6882	0	1	0
2097	1	0	8	0	26	7708	0	1	0
2100	1	0	12	0	26	7708	0	1	0
2101	1	0	15	0	26	7708	0	1	0
2103	1	0	4	0	26	7708	0	1	0
2105	1	0	11	0	28	9422	0	1	0
2106	1	0	3	0	24	6882	0	1	0
2110	1	0	3	0	24	6882	0	1	0
2114	1	0	8	0	26	7708	0	1	0
2117	1	0	20	0	28	4587	0	1	0
2117	1	0	4	0	26	3822	0	1	0
2118	1	0	5	0	26	3822	0	1	0
2118	1	0	4	0	26	3822	0	1	0
2121	1	0	1	0	26	7708	0	1	0
2123	1	0	12	0	26	3822	0	1	0
2123	1	0	3	0	24	3422	0	1	0
2124	1	0	15	0	26	7708	0	1	0
2127	1	0	11	0	28	9422	0	1	0
2129	1	0	12	0	26	7708	0	1	0
2131	1	0	15	0	26	7708	0	1	0
2133	1	0	3	0	24	3422	0	1	0
2133	1	0	4	0	26	3822	0	1	0
2135	1	0	20	0	28	9422	0	1	0
2136	1	0	5	0	26	7708	0	1	0
2137	1	0	3	0	24	6882	0	1	0
2138	1	0	8	0	26	7708	0	1	0
2141	1	0	20	0	28	9422	0	1	0
2142	1	0	5	0	26	7708	0	1	0
2145	1	0	11	0	28	9422	0	1	0
2147	1	0	12	0	26	3822	0	1	0
2147	1	0	3	0	24	3422	0	1	0
2148	1	0	15	0	26	7708	0	1	0
2151	1	0	11	0	28	4587	0	1	0
2151	1	0	3	0	24	3422	0	1	0
2152	1	0	1	0	26	2481	0	1	0
2152	1	0	3	0	24	2196	0	1	0
2152	1	0	8	0	26	2481	0	1	0
2153	1	0	12	0	26	7708	0	1	0
2155	1	0	4	0	26	7708	0	1	0
2157	1	0	20	0	28	9422	0	1	0
2158	1	0	5	0	26	7708	0	1	0
2164	1	0	3	0	24	3422	0	1	0
2164	1	0	20	0	28	4587	0	1	0
2165	1	0	5	0	26	7708	0	1	0
2166	1	0	11	0	28	9422	0	1	0
2169	1	0	12	0	26	7708	0	1	0
2170	1	0	4	0	26	7708	0	1	0
2171	1	0	15	0	26	7708	0	1	0
2175	1	0	8	0	26	7708	0	1	0
2176	1	0	12	0	26	7708	0	1	0
2177	1	0	15	0	26	7708	0	1	0
2178	1	0	3	0	24	3422	0	1	0
2178	1	0	20	0	28	4587	0	1	0
2180	1	0	5	0	26	3822	0	1	0
2180	1	0	4	0	26	3822	0	1	0
2182	1	0	8	0	26	7708	0	1	0
2184	1	0	3	0	24	6882	0	1	0
2187	1	0	5	0	26	7708	0	1	0
2189	1	0	1	0	26	7708	0	1	0
2190	1	0	11	0	28	9422	0	1	0
2192	1	0	12	0	26	3822	0	1	0
2192	1	0	3	0	24	3422	0	1	0
2194	1	0	15	0	26	7708	0	1	0
2196	1	0	20	0	28	9422	0	1	0
2199	1	0	8	0	26	7708	0	1	0
2202	1	0	3	0	24	6882	0	1	0
2203	1	0	20	0	28	9422	0	1	0
2204	1	0	5	0	26	7708	0	1	0
2205	1	0	3	0	24	6882	0	1	0
2206	1	0	8	0	26	7708	0	1	0
2210	1	0	5	0	26	7708	0	1	0
2211	1	0	11	0	28	9422	0	1	0
2212	1	0	8	0	26	7708	0	1	0
2213	1	0	12	0	26	7708	0	1	0
2214	1	0	15	0	26	7708	0	1	0
2215	1	0	3	0	24	3422	0	1	0
2215	1	0	20	0	28	4587	0	1	0
2217	1	0	4	0	26	7708	0	1	0
2218	1	0	11	0	28	9422	0	1	0
2219	1	0	3	0	24	3422	0	1	0
2219	1	0	8	0	26	3822	0	1	0
2220	1	0	12	0	26	2481	0	1	0
2220	1	0	1	0	26	2481	0	1	0
2220	1	0	3	0	24	2196	0	1	0
2221	1	0	15	0	26	7708	0	1	0
2222	1	0	20	0	28	9422	0	1	0
2223	1	0	5	0	26	7708	0	1	0
2229	1	0	5	0	26	7708	0	1	0
2231	1	0	11	0	28	9422	0	1	0
2233	1	0	3	0	24	3422	0	1	0
2233	1	0	8	0	26	3822	0	1	0
2234	1	0	12	0	26	7708	0	1	0
2236	1	0	15	0	26	7708	0	1	0
2237	1	0	20	0	28	9422	0	1	0
2240	1	0	8	0	26	7708	0	1	0
2241	1	0	12	0	26	7708	0	1	0
2242	1	0	15	0	26	7708	0	1	0
2243	1	0	20	0	28	9422	0	1	0
2244	1	0	5	0	26	7708	0	1	0
2246	1	0	3	0	24	6882	0	1	0
2251	1	0	5	0	26	7708	0	1	0
2252	1	0	3	0	24	6882	0	1	0
2253	1	0	11	0	28	9422	0	1	0
2254	1	0	4	0	26	7708	0	1	0
2255	1	0	8	0	26	7708	0	1	0
2256	1	0	12	0	26	7708	0	1	0
2257	1	0	1	0	26	7708	0	1	0
2258	1	0	15	0	26	7708	0	1	0
2259	1	0	20	0	28	9422	0	1	0
2260	1	0	3	0	24	6882	0	1	0
2265	1	0	15	0	26	7708	0	1	0
2266	1	0	20	0	28	9422	0	1	0
2267	1	0	5	0	26	7708	0	1	0
2270	1	0	3	0	24	6882	0	1	0
2274	1	0	3	0	24	6882	0	1	0
2277	1	0	11	0	28	9422	0	1	0
2278	1	0	8	0	26	7708	0	1	0
2279	1	0	12	0	26	7708	0	1	0
2280	1	0	15	0	26	7708	0	1	0
2281	1	0	20	0	28	9422	0	1	0
2284	1	0	11	0	28	9422	0	1	0
2285	1	0	8	0	26	7708	0	1	0
2286	1	0	12	0	26	7708	0	1	0
2287	1	0	15	0	26	3822	0	1	0
2287	1	0	3	0	24	3422	0	1	0
2288	1	0	20	0	28	9422	0	1	0
2289	1	0	1	0	26	3822	0	1	0
2289	1	0	5	0	26	3822	0	1	0
2291	1	0	4	0	26	7708	0	1	0
2297	1	0	3	0	24	6882	0	1	0
2299	1	0	11	0	28	9422	0	1	0
2300	1	0	8	0	26	7708	0	1	0
2301	1	0	12	0	26	3822	0	1	0
2301	1	0	3	0	24	3422	0	1	0
2302	1	0	15	0	26	7708	0	1	0
2303	1	0	20	0	28	9422	0	1	0
2311	1	0	3	0	24	6882	0	1	0
2312	1	0	5	0	26	7708	0	1	0
2315	1	0	3	0	24	6882	0	1	0
2318	1	0	5	0	26	7708	0	1	0
2319	1	0	11	0	28	9422	0	1	0
2320	1	0	8	0	26	7708	0	1	0
2321	1	0	12	0	26	7708	0	1	0
2322	1	0	15	0	26	7708	0	1	0
2323	1	0	20	0	28	9422	0	1	0
2325	1	0	11	0	28	9422	0	1	0
2326	1	0	1	0	26	7708	0	1	0
2328	1	0	3	0	24	3422	0	1	0
2328	1	0	4	0	26	3822	0	1	0
2333	1	0	5	0	26	7708	0	1	0
2339	1	0	5	0	26	7708	0	1	0
2340	1	0	11	0	28	9422	0	1	0
2341	1	0	8	0	26	7708	0	1	0
2342	1	0	12	0	26	3822	0	1	0
2342	1	0	3	0	24	3422	0	1	0
2345	1	0	15	0	26	7708	0	1	0
2346	1	0	20	0	28	9422	0	1	0
2348	1	0	3	0	24	6882	0	1	0
2352	1	0	15	0	26	7708	0	1	0
2353	1	0	20	0	28	9422	0	1	0
2354	1	0	5	0	26	7708	0	1	0
2357	1	0	1	0	26	7708	0	1	0
2361	1	0	5	0	26	7708	0	1	0
2362	1	0	11	0	28	9422	0	1	0
2363	1	0	8	0	26	7708	0	1	0
2364	1	0	12	0	26	7708	0	1	0
2365	1	0	4	0	26	7708	0	1	0
2366	1	0	15	0	26	7708	0	1	0
2367	1	0	20	0	28	9422	0	1	0
2369	1	0	11	0	28	4587	0	1	0
2369	1	0	3	0	24	3422	0	1	0
2370	1	0	8	0	26	7708	0	1	0
2371	1	0	12	0	26	7708	0	1	0
2373	1	0	15	0	26	7708	0	1	0
2374	1	0	20	0	28	9422	0	1	0
2375	1	0	5	0	26	7708	0	1	0
2376	1	0	3	0	24	6882	0	1	0
2381	1	0	3	0	24	6882	0	1	0
2382	1	0	3	0	24	6882	0	1	0
2383	1	0	3	0	24	6882	0	1	0
2387	1	0	11	0	28	9422	0	1	0
2388	1	0	8	0	26	7708	0	1	0
2389	1	0	12	0	26	7708	0	1	0
2390	1	0	15	0	26	7708	0	1	0
2392	1	0	20	0	28	9422	0	1	0
2393	1	0	5	0	26	7708	0	1	0
2394	1	0	1	0	26	7708	0	1	0
2397	1	0	3	0	24	6882	0	1	0
2399	1	0	20	0	28	9422	0	1	0
2400	1	0	5	0	26	7708	0	1	0
2402	1	0	4	0	26	7708	0	1	0
2410	1	0	11	0	28	4587	0	1	0
2410	1	0	3	0	24	3422	0	1	0
2411	1	0	8	0	26	7708	0	1	0
2414	1	0	12	0	26	7708	0	1	0
2415	1	0	15	0	26	7708	0	1	0
2416	1	0	20	0	28	9422	0	1	0
2418	1	0	5	0	26	3822	0	1	0
2418	1	0	4	0	26	3822	0	1	0
2419	1	0	4	0	26	7708	0	1	0
2420	1	0	3	0	24	6882	0	1	0
2421	1	0	12	0	26	7708	0	1	0
2422	1	0	4	0	26	7708	0	1	0
2424	1	0	3	0	24	6882	0	1	0
2425	1	0	5	0	26	7708	0	1	0
2432	1	0	11	0	28	9422	0	1	0
2434	1	0	3	0	24	6882	0	1	0
2436	1	0	8	0	26	7708	0	1	0
2437	1	0	12	0	26	3822	0	1	0
2437	1	0	3	0	24	3422	0	1	0
2438	1	0	15	0	26	7708	0	1	0
2439	1	0	20	0	28	9422	0	1	0
2440	1	0	5	0	26	7708	0	1	0
2442	1	0	8	0	26	7708	0	1	0
2443	1	0	12	0	26	7708	0	1	0
2444	1	0	15	0	26	7708	0	1	0
2445	1	0	20	0	28	9422	0	1	0
2446	1	0	5	0	26	7708	0	1	0
2451	1	0	3	0	24	6882	0	1	0
2454	1	0	11	0	28	9422	0	1	0
2455	1	0	4	0	26	7708	0	1	0
2456	1	0	8	0	26	7708	0	1	0
2457	1	0	3	0	24	6882	0	1	0
2458	1	0	12	0	26	7708	0	1	0
2459	1	0	15	0	26	7708	0	1	0
2460	1	0	20	0	28	9422	0	1	0
2461	1	0	5	0	26	3822	0	1	0
2461	1	0	4	0	26	3822	0	1	0
2463	1	0	8	0	26	7708	0	1	0
2464	1	0	12	0	26	7708	0	1	0
2465	1	0	15	0	26	3822	0	1	0
2465	1	0	3	0	24	3422	0	1	0
2477	1	0	11	0	28	9422	0	1	0
2478	1	0	3	0	24	3422	0	1	0
2478	1	0	8	0	26	3822	0	1	0
2479	1	0	12	0	26	7708	0	1	0
2481	1	0	15	0	26	7708	0	1	0
2482	1	0	20	0	28	9422	0	1	0
2483	1	0	5	0	26	7708	0	1	0
2484	1	0	11	0	28	9422	0	1	0
2485	1	0	8	0	26	7708	0	1	0
2486	1	0	4	0	26	7708	0	1	0
2488	1	0	3	0	24	6882	0	1	0
2492	1	0	3	0	24	6882	0	1	0
2499	1	0	3	0	24	6882	0	1	0
2500	1	0	11	0	28	9422	0	1	0
2501	1	0	8	0	26	7708	0	1	0
2502	1	0	4	0	26	7708	0	1	0
2504	1	0	12	0	26	7708	0	1	0
2506	1	0	15	0	26	7708	0	1	0
2507	1	0	20	0	28	9422	0	1	0
2508	1	0	5	0	26	7708	0	1	0
2511	1	0	12	0	26	7708	0	1	0
2512	1	0	15	0	26	3822	0	1	0
2512	1	0	4	0	26	3822	0	1	0
2513	1	0	20	0	28	9422	0	1	0
2514	1	0	5	0	26	7708	0	1	0
2521	1	0	11	0	28	9422	0	1	0
2522	1	0	8	0	26	7708	0	1	0
2523	1	0	12	0	26	7708	0	1	0
2524	1	0	15	0	26	7708	0	1	0
2526	1	0	20	0	28	9422	0	1	0
2528	1	0	5	0	26	7708	0	1	0
2532	1	0	3	0	24	6882	0	1	0
2535	1	0	5	0	26	7708	0	1	0
2542	1	0	11	0	28	9422	0	1	0
2543	1	0	8	0	26	7708	0	1	0
2544	1	0	12	0	26	7708	0	1	0
2545	1	0	15	0	26	7708	0	1	0
2546	1	0	20	0	28	9422	0	1	0
2547	1	0	5	0	26	7708	0	1	0
2549	1	0	4	0	26	7708	0	1	0
2550	1	0	3	0	24	6882	0	1	0
2563	1	0	11	0	28	9422	0	1	0
2565	1	0	8	0	26	7708	0	1	0
2566	1	0	12	0	26	7708	0	1	0
2567	1	0	15	0	26	7708	0	1	0
2568	1	0	20	0	28	9422	0	1	0
2569	1	0	5	0	26	7708	0	1	0
2570	1	0	11	0	28	9422	0	1	0
2571	1	0	8	0	26	7708	0	1	0
2572	1	0	12	0	26	7708	0	1	0
2573	1	0	15	0	26	7708	0	1	0
2574	1	0	3	0	24	6882	0	1	0
2575	1	0	20	0	28	9422	0	1	0
2576	1	0	5	0	26	7708	0	1	0
2583	1	0	11	0	28	9422	0	1	0
2584	1	0	8	0	26	7708	0	1	0
2585	1	0	12	0	26	7708	0	1	0
2586	1	0	4	0	26	7708	0	1	0
2587	1	0	15	0	26	7708	0	1	0
2589	1	0	20	0	28	9422	0	1	0
2590	1	0	5	0	26	7708	0	1	0
2594	1	0	15	0	26	7708	0	1	0
2595	1	0	20	0	28	9422	0	1	0
2596	1	0	5	0	26	7708	0	1	0
2598	1	0	3	0	24	6882	0	1	0
2602	1	0	3	0	24	6882	0	1	0
2606	1	0	11	0	28	9422	0	1	0
2607	1	0	8	0	26	7708	0	1	0
2608	1	0	12	0	26	7708	0	1	0
2609	1	0	15	0	26	7708	0	1	0
2610	1	0	20	0	28	9422	0	1	0
2611	1	0	5	0	26	7708	0	1	0
2612	1	0	11	0	28	9422	0	1	0
2613	1	0	8	0	26	7708	0	1	0
2614	1	0	12	0	26	7708	0	1	0
2615	1	0	15	0	26	7708	0	1	0
2616	1	0	20	0	28	9422	0	1	0
2617	1	0	5	0	26	7708	0	1	0
2623	1	0	4	0	26	7708	0	1	0
2625	1	0	11	0	28	9422	0	1	0
2626	1	0	8	0	26	7708	0	1	0
2627	1	0	12	0	26	7708	0	1	0
2628	1	0	15	0	26	7708	0	1	0
2629	1	0	3	0	24	6882	0	1	0
2630	1	0	20	0	28	9422	0	1	0
2631	1	0	14	0	24	3422	0	1	0
2631	1	0	5	0	26	3822	0	1	0
2632	1	0	11	0	28	9422	0	1	0
2633	1	0	8	0	26	7708	0	1	0
2634	1	0	12	0	26	7708	0	1	0
2635	1	0	15	0	26	7708	0	1	0
2636	1	0	20	0	28	9422	0	1	0
2637	1	0	5	0	26	7708	0	1	0
2647	1	0	11	0	28	9422	0	1	0
2648	1	0	8	0	26	7708	0	1	0
2649	1	0	12	0	26	7708	0	1	0
2650	1	0	15	0	26	7708	0	1	0
2651	1	0	20	0	28	9422	0	1	0
2652	1	0	5	0	26	7708	0	1	0
2653	1	0	3	0	24	6882	0	1	0
2654	1	0	11	0	28	9422	0	1	0
2655	1	0	8	0	26	7708	0	1	0
2656	1	0	12	0	26	7708	0	1	0
2657	1	0	3	0	24	6882	0	1	0
2660	1	0	4	0	26	7708	0	1	0
2668	1	0	14	0	24	6882	0	1	0
2669	1	0	11	0	28	9422	0	1	0
2670	1	0	8	0	26	7708	0	1	0
2671	1	0	12	0	26	7708	0	1	0
2672	1	0	15	0	26	7708	0	1	0
2673	1	0	20	0	28	9422	0	1	0
2674	1	0	5	0	26	7708	0	1	0
2676	1	0	11	0	28	9422	0	1	0
2677	1	0	8	0	26	7708	0	1	0
2678	1	0	12	0	26	7708	0	1	0
2679	1	0	15	0	26	7708	0	1	0
2680	1	0	20	0	28	9422	0	1	0
2681	1	0	5	0	26	7708	0	1	0
2684	1	0	3	0	24	6882	0	1	0
2690	1	0	11	0	28	9422	0	1	0
2691	1	0	8	0	26	7708	0	1	0
2692	1	0	12	0	26	7708	0	1	0
2693	1	0	15	0	26	7708	0	1	0
2694	1	0	20	0	28	9422	0	1	0
2695	1	0	5	0	26	7708	0	1	0
2696	1	0	11	0	28	4587	0	1	0
2696	1	0	4	0	26	3822	0	1	0
2697	1	0	4	0	26	7708	0	1	0
2704	1	0	14	0	24	6882	0	1	0
2705	1	0	14	0	24	6882	0	1	0
2707	1	0	3	0	24	6882	0	1	0
2713	1	0	11	0	28	9422	0	1	0
2714	1	0	8	0	26	7708	0	1	0
2715	1	0	12	0	26	7708	0	1	0
2716	1	0	15	0	26	7708	0	1	0
2717	1	0	20	0	28	9422	0	1	0
2718	1	0	5	0	26	7708	0	1	0
2720	1	0	11	0	28	9422	0	1	0
2721	1	0	8	0	26	7708	0	1	0
2722	1	0	12	0	26	7708	0	1	0
2723	1	0	15	0	26	7708	0	1	0
2724	1	0	20	0	28	9422	0	1	0
2725	1	0	5	0	26	7708	0	1	0
2732	1	0	11	0	28	9422	0	1	0
2733	1	0	4	0	26	7708	0	1	0
2734	1	0	8	0	26	7708	0	1	0
2735	1	0	12	0	26	7708	0	1	0
2736	1	0	15	0	26	7708	0	1	0
2737	1	0	20	0	28	9422	0	1	0
2738	1	0	3	0	24	6882	0	1	0
2739	1	0	5	0	26	7708	0	1	0
2740	1	0	14	0	24	6882	0	1	0
2741	1	0	14	0	24	6882	0	1	0
2746	1	0	5	0	26	7708	0	1	0
2751	1	0	4	0	26	7708	0	1	0
2753	1	0	11	0	28	9422	0	1	0
2754	1	0	8	0	26	7708	0	1	0
2755	1	0	14	0	24	6882	0	1	0
2756	1	0	12	0	26	7708	0	1	0
2757	1	0	15	0	26	7708	0	1	0
2758	1	0	20	0	28	9422	0	1	0
2759	1	0	5	0	26	7708	0	1	0
2760	1	0	11	0	28	9422	0	1	0
2761	1	0	4	0	26	3822	0	1	0
2761	1	0	8	0	26	3822	0	1	0
2762	1	0	12	0	26	7708	0	1	0
2763	1	0	15	0	26	7708	0	1	0
2764	1	0	20	0	28	9422	0	1	0
2765	1	0	3	0	24	6882	0	1	0
2766	1	0	5	0	26	7708	0	1	0
2774	1	0	11	0	28	9422	0	1	0
2775	1	0	8	0	26	7708	0	1	0
2776	1	0	14	0	24	6882	0	1	0
2777	1	0	12	0	26	7708	0	1	0
2778	1	0	15	0	26	7708	0	1	0
2779	1	0	20	0	28	9422	0	1	0
2780	1	0	5	0	26	7708	0	1	0
2781	1	0	11	0	28	9422	0	1	0
2782	1	0	8	0	26	7708	0	1	0
2783	1	0	12	0	26	7708	0	1	0
2784	1	0	15	0	26	7708	0	1	0
2785	1	0	20	0	28	9422	0	1	0
2786	1	0	5	0	26	7708	0	1	0
2793	1	0	3	0	24	6882	0	1	0
2795	1	0	11	0	28	9422	0	1	0
2796	1	0	8	0	26	7708	0	1	0
2797	1	0	12	0	26	7708	0	1	0
2798	1	0	4	0	26	7708	0	1	0
2799	1	0	15	0	26	7708	0	1	0
2800	1	0	20	0	28	9422	0	1	0
2801	1	0	5	0	26	7708	0	1	0
2802	1	0	11	0	28	9422	0	1	0
2803	1	0	8	0	26	7708	0	1	0
2804	1	0	12	0	26	7708	0	1	0
2805	1	0	15	0	26	7708	0	1	0
2806	1	0	20	0	28	9422	0	1	0
2807	1	0	5	0	26	7708	0	1	0
2810	1	0	8	0	26	7708	0	1	0
2815	1	0	11	0	28	9422	0	1	0
2817	1	0	12	0	26	7708	0	1	0
2818	1	0	15	0	26	7708	0	1	0
2819	1	0	20	0	28	9422	0	1	0
2820	1	0	3	0	24	3422	0	1	0
2820	1	0	19	0	28	4587	0	1	0
2821	1	0	5	0	26	7708	0	1	0
2822	1	0	11	0	28	9422	0	1	0
2823	1	0	14	0	24	3422	0	1	0
2823	1	0	8	0	26	3822	0	1	0
2824	1	0	12	0	26	7708	0	1	0
2825	1	0	15	0	26	7708	0	1	0
2826	1	0	20	0	28	9422	0	1	0
2827	1	0	5	0	26	7708	0	1	0
2829	1	0	8	0	26	7708	0	1	0
2834	1	0	11	0	28	9422	0	1	0
2835	1	0	4	0	26	7708	0	1	0
2836	1	0	4	0	26	7708	0	1	0
2837	1	0	8	0	26	7708	0	1	0
2839	1	0	12	0	26	7708	0	1	0
2840	1	0	15	0	26	7708	0	1	0
2841	1	0	20	0	28	9422	0	1	0
2842	1	0	5	0	26	7708	0	1	0
2844	1	0	8	0	26	7708	0	1	0
2845	1	0	12	0	26	7708	0	1	0
2846	1	0	15	0	26	7708	0	1	0
2847	1	0	3	0	24	6882	0	1	0
2848	1	0	20	0	28	9422	0	1	0
2849	1	0	5	0	26	7708	0	1	0
2857	1	0	19	0	28	9422	0	1	0
2858	1	0	11	0	28	9422	0	1	0
2859	1	0	8	0	26	7708	0	1	0
2860	1	0	12	0	26	7708	0	1	0
2861	1	0	15	0	26	7708	0	1	0
2862	1	0	20	0	28	9422	0	1	0
2863	1	0	5	0	26	7708	0	1	0
2864	1	0	11	0	28	9422	0	1	0
2865	1	0	8	0	26	7708	0	1	0
2866	1	0	12	0	26	7708	0	1	0
2867	1	0	15	0	26	7708	0	1	0
2868	1	0	20	0	28	9422	0	1	0
2869	1	0	5	0	26	7708	0	1	0
2871	1	0	4	0	26	7708	0	1	0
2874	1	0	3	0	24	6882	0	1	0
2877	1	0	11	0	28	9422	0	1	0
2878	1	0	8	0	26	7708	0	1	0
2879	1	0	12	0	26	7708	0	1	0
2880	1	0	15	0	26	7708	0	1	0
2881	1	0	20	0	28	4587	0	1	0
2881	1	0	4	0	26	3822	0	1	0
2882	1	0	5	0	26	7708	0	1	0
2883	1	0	11	0	28	9422	0	1	0
2884	1	0	8	0	26	7708	0	1	0
2885	1	0	12	0	26	7708	0	1	0
2886	1	0	15	0	26	7708	0	1	0
2887	1	0	20	0	28	9422	0	1	0
2889	1	0	5	0	26	3822	0	1	0
2889	1	0	19	0	28	4587	0	1	0
2891	1	0	14	0	24	6882	0	1	0
2898	1	0	3	0	24	6882	0	1	0
2899	1	0	8	0	26	7708	0	1	0
2900	1	0	12	0	26	7708	0	1	0
2901	1	0	15	0	26	7708	0	1	0
2902	1	0	3	0	24	6882	0	1	0
2903	1	0	20	0	28	9422	0	1	0
2905	1	0	5	0	26	7708	0	1	0
2907	1	0	11	0	28	9422	0	1	0
2912	1	0	5	0	26	7708	0	1	0
2913	1	0	11	0	28	9422	0	1	0
2917	1	0	3	0	24	3422	0	1	0
2917	1	0	4	0	26	3822	0	1	0
2918	1	0	3	0	24	6882	0	1	0
2921	1	0	8	0	26	7708	0	1	0
2922	1	0	12	0	26	7708	0	1	0
2923	1	0	15	0	26	7708	0	1	0
2924	1	0	20	0	28	9422	0	1	0
2925	1	0	5	0	26	7708	0	1	0
2926	1	0	19	0	28	9422	0	1	0
2928	1	0	14	0	24	6882	0	1	0
2929	1	0	3	0	24	6882	0	1	0
2938	1	0	11	0	28	9422	0	1	0
2939	1	0	3	0	24	3422	0	1	0
2939	1	0	8	0	26	3822	0	1	0
2940	1	0	12	0	26	7708	0	1	0
2941	1	0	15	0	26	7708	0	1	0
2942	1	0	20	0	28	9422	0	1	0
2943	1	0	3	0	24	6882	0	1	0
2944	1	0	5	0	26	7708	0	1	0
2945	1	0	11	0	28	9422	0	1	0
2946	1	0	8	0	26	7708	0	1	0
2947	1	0	12	0	26	7708	0	1	0
2948	1	0	15	0	26	7708	0	1	0
2949	1	0	20	0	28	9422	0	1	0
2950	1	0	5	0	26	7708	0	1	0
2953	1	0	3	0	24	6882	0	1	0
2954	1	0	4	0	26	7708	0	1	0
2956	1	0	3	0	24	6882	0	1	0
2957	1	0	19	0	28	9422	0	1	0
2961	1	0	8	0	26	7708	0	1	0
2962	1	0	12	0	26	7708	0	1	0
2963	1	0	15	0	26	7708	0	1	0
2964	1	0	20	0	28	9422	0	1	0
2965	1	0	5	0	26	7708	0	1	0
2966	1	0	11	0	28	4587	0	1	0
2966	1	0	3	0	24	3422	0	1	0
2967	1	0	3	0	24	3422	0	1	0
2967	1	0	8	0	26	3822	0	1	0
2968	1	0	12	0	26	7708	0	1	0
2970	1	0	15	0	26	3822	0	1	0
2970	1	0	3	0	24	3422	0	1	0
2971	1	0	3	0	24	3422	0	1	0
2971	1	0	20	0	28	4587	0	1	0
2980	1	0	3	0	24	6882	0	1	0
2981	1	0	8	0	26	7708	0	1	0
2983	1	0	12	0	26	7708	0	1	0
2984	1	0	15	0	26	3822	0	1	0
2984	1	0	3	0	24	3422	0	1	0
2985	1	0	3	0	24	3422	0	1	0
2985	1	0	20	0	28	4587	0	1	0
2986	1	0	5	0	26	7708	0	1	0
2988	1	0	8	0	26	7708	0	1	0
2989	1	0	12	0	26	7708	0	1	0
2990	1	0	15	0	26	7708	0	1	0
2991	1	0	4	0	26	7708	0	1	0
2992	1	0	20	0	28	9422	0	1	0
2993	1	0	5	0	26	7708	0	1	0
2994	1	0	19	0	28	9422	0	1	0
2996	1	0	11	0	28	9422	0	1	0
2997	1	0	3	0	24	6882	0	1	0
3002	1	0	11	0	28	9422	0	1	0
3003	1	0	8	0	26	7708	0	1	0
3004	1	0	3	0	24	6882	0	1	0
3005	1	0	12	0	26	7708	0	1	0
3007	1	0	15	0	26	7708	0	1	0
3008	1	0	20	0	28	9422	0	1	0
3009	1	0	5	0	26	7708	0	1	0
3011	1	0	3	0	24	6882	0	1	0
3014	1	0	15	0	26	7708	0	1	0
3015	1	0	20	0	28	9422	0	1	0
3016	1	0	5	0	26	7708	0	1	0
3017	1	0	3	0	24	6882	0	1	0
3024	1	0	11	0	28	9422	0	1	0
3025	1	0	9	0	26	2481	0	1	0
3025	1	0	19	0	28	3062	0	1	0
3025	1	0	8	0	26	2481	0	1	0
3027	1	0	12	0	26	7708	0	1	0
3028	1	0	15	0	26	3822	0	1	0
3028	1	0	4	0	26	3822	0	1	0
3029	1	0	20	0	28	4587	0	1	0
3029	1	0	14	0	24	3422	0	1	0
3030	1	0	5	0	26	7708	0	1	0
3031	1	0	11	0	28	9422	0	1	0
3032	1	0	8	0	26	7708	0	1	0
3033	1	0	12	0	26	7708	0	1	0
3034	1	0	3	0	24	6882	0	1	0
3035	1	0	15	0	26	7708	0	1	0
3036	1	0	20	0	28	9422	0	1	0
3037	1	0	5	0	26	7708	0	1	0
3038	1	0	4	0	26	7708	0	1	0
3039	1	0	9	0	26	7708	0	1	0
3049	1	0	8	0	26	7708	0	1	0
3050	1	0	12	0	26	7708	0	1	0
3052	1	0	15	0	26	7708	0	1	0
3053	1	0	9	0	26	7708	0	1	0
3055	1	0	20	0	28	9422	0	1	0
3056	1	0	5	0	26	7708	0	1	0
3057	1	0	11	0	28	9422	0	1	0
3061	1	0	20	0	28	9422	0	1	0
3062	1	0	9	0	26	7708	0	1	0
3063	1	0	9	0	26	3822	0	1	0
3063	1	0	19	0	28	4587	0	1	0
3066	1	0	14	0	24	3422	0	1	0
3066	1	0	9	0	26	3822	0	1	0
3067	1	0	8	0	26	7708	0	1	0
3069	1	0	12	0	26	7708	0	1	0
3070	1	0	15	0	26	7708	0	1	0
3071	1	0	3	0	24	6882	0	1	0
3072	1	0	14	0	24	6882	0	1	0
3073	1	0	20	0	28	9422	0	1	0
3074	1	0	5	0	26	7708	0	1	0
3075	1	0	4	0	26	7708	0	1	0
3079	1	0	15	0	26	7708	0	1	0
3080	1	0	20	0	28	4587	0	1	0
3080	1	0	9	0	26	3822	0	1	0
3081	1	0	5	0	26	7708	0	1	0
3082	1	0	21	0	28	4587	0	1	0
3082	1	0	11	0	28	4587	0	1	0
3085	1	0	15	0	26	7708	0	1	0
3088	1	0	21	0	28	4587	0	1	0
3088	1	0	11	0	28	4587	0	1	0
3089	1	0	8	0	26	7708	0	1	0
3092	1	0	9	0	26	7708	0	1	0
3093	1	0	12	0	26	3822	0	1	0
3093	1	0	19	0	28	4587	0	1	0
3094	1	0	9	0	26	7708	0	1	0
3095	1	0	20	0	28	9422	0	1	0
3096	1	0	5	0	26	7708	0	1	0
3099	1	0	9	0	26	7708	0	1	0
3101	1	0	21	0	28	9422	0	1	0
3102	1	0	15	0	26	3822	0	1	0
3102	1	0	21	0	28	4587	0	1	0
3103	1	0	21	0	28	9422	0	1	0
3105	1	0	11	0	28	9422	0	1	0
3107	1	0	9	0	26	7708	0	1	0
3109	1	0	21	0	28	9422	0	1	0
3110	1	0	15	0	26	7708	0	1	0
3111	1	0	13	0	26	1908	0	1	0
3111	1	0	10	0	28	2292	0	1	0
3111	1	0	17	0	28	2292	0	1	0
3111	1	0	16	0	28	2292	0	1	0
3112	1	0	4	0	26	7708	0	1	0
3114	1	0	8	0	26	7708	0	1	0
3115	1	0	12	0	26	7708	0	1	0
3117	1	0	9	0	26	7708	0	1	0
3119	1	0	21	0	28	9422	0	1	0
3120	1	0	20	0	28	9422	0	1	0
3121	1	0	5	0	26	3822	0	1	0
3121	1	0	9	0	26	3822	0	1	0
3122	1	0	4	0	26	7708	0	1	0
3130	1	0	19	0	28	9422	0	1	0
3132	1	0	15	0	26	7708	0	1	0
3135	1	0	11	0	28	4587	0	1	0
3135	1	0	9	0	26	3822	0	1	0
3136	1	0	8	0	26	7708	0	1	0
3138	1	0	12	0	26	7708	0	1	0
3139	1	0	21	0	28	9422	0	1	0
3142	1	0	20	0	28	9422	0	1	0
3143	1	0	5	0	26	7708	0	1	0
3145	1	0	9	0	26	7708	0	1	0
3148	1	0	13	0	26	1908	0	1	0
3148	1	0	10	0	28	2292	0	1	0
3148	1	0	16	0	28	2292	0	1	0
3148	1	0	9	0	26	1908	0	1	0
3149	1	0	9	0	26	7708	0	1	0
3150	1	0	15	0	26	7708	0	1	0
3158	1	0	21	0	28	4587	0	1	0
3158	1	0	9	0	26	3822	0	1	0
3159	1	0	4	0	26	7708	0	1	0
3160	1	0	21	0	28	9422	0	1	0
3161	1	0	8	0	26	7708	0	1	0
3162	1	0	12	0	26	2481	0	1	0
3162	1	0	9	0	26	2481	0	1	0
3162	1	0	19	0	28	3062	0	1	0
3163	1	0	9	0	26	7708	0	1	0
3168	1	0	15	0	26	7708	0	1	0
3170	1	0	20	0	28	9422	0	1	0
3171	1	0	5	0	26	7708	0	1	0
3172	1	0	9	0	26	7708	0	1	0
3173	1	0	11	0	28	9422	0	1	0
3176	1	0	9	0	26	7708	0	1	0
3182	1	0	21	0	28	9422	0	1	0
3184	1	0	8	0	26	7708	0	1	0
3185	1	0	12	0	26	7708	0	1	0
3186	1	0	15	0	26	7708	0	1	0
3189	1	0	9	0	26	7708	0	1	0
3190	1	0	8	0	26	7708	0	1	0
3191	1	0	12	0	26	7708	0	1	0
3192	1	0	15	0	26	7708	0	1	0
3193	1	0	20	0	28	9422	0	1	0
3194	1	0	5	0	26	7708	0	1	0
3195	1	0	11	0	28	9422	0	1	0
3197	1	0	4	0	26	7708	0	1	0
3199	1	0	19	0	28	9422	0	1	0
3201	1	0	9	0	26	7708	0	1	0
3203	1	0	9	0	26	7708	0	1	0
3205	1	0	21	0	28	9422	0	1	0
3206	1	0	8	0	26	7708	0	1	0
3207	1	0	21	0	28	4587	0	1	0
3207	1	0	4	0	26	3822	0	1	0
3208	1	0	12	0	26	7708	0	1	0
3210	1	0	15	0	26	7708	0	1	0
3211	1	0	21	0	28	9422	0	1	0
3212	1	0	20	0	28	9422	0	1	0
3213	1	0	5	0	26	7708	0	1	0
3217	1	0	9	0	26	7708	0	1	0
3223	1	0	11	0	28	9422	0	1	0
3224	1	0	8	0	26	7708	0	1	0
3225	1	0	21	0	28	9422	0	1	0
3227	1	0	12	0	24	3422	0	1	0
3227	1	0	9	0	26	3822	0	1	0
3228	1	0	15	0	24	6882	0	1	0
3230	1	0	9	0	26	3822	0	1	0
3230	1	0	19	0	28	4587	0	1	0
3234	1	0	12	0	24	6882	0	1	0
3235	1	0	15	0	24	6882	0	1	0
3236	1	0	20	0	28	9422	0	1	0
3237	1	0	5	0	26	7708	0	1	0
3242	1	0	20	0	28	9422	0	1	0
3243	1	0	5	0	26	3822	0	1	0
3243	1	0	4	0	26	3822	0	1	0
3244	1	0	4	0	26	7708	0	1	0
3246	1	0	11	0	28	9422	0	1	0
3247	1	0	8	0	26	7708	0	1	0
3248	1	0	12	0	24	6882	0	1	0
3249	1	0	15	0	24	6882	0	1	0
3252	1	0	11	0	28	9422	0	1	0
3253	1	0	21	0	28	9422	0	1	0
3254	1	0	8	0	26	7708	0	1	0
3255	1	0	12	0	24	6882	0	1	0
3256	1	0	15	0	24	6882	0	1	0
3257	1	0	20	0	28	9422	0	1	0
3258	1	0	9	0	26	7708	0	1	0
3259	1	0	5	0	26	7708	0	1	0
3262	1	0	9	0	26	7708	0	1	0
3266	1	0	5	0	26	7708	0	1	0
3268	1	0	8	0	26	7708	0	1	0
3269	1	0	12	0	24	6882	0	1	0
3270	1	0	15	0	24	6882	0	1	0
3271	1	0	9	0	26	7708	0	1	0
3274	1	0	11	0	28	9422	0	1	0
3275	1	0	8	0	26	7708	0	1	0
3276	1	0	12	0	24	6882	0	1	0
3277	1	0	15	0	24	6882	0	1	0
3278	1	0	20	0	28	9422	0	1	0
3279	1	0	5	0	26	3822	0	1	0
3279	1	0	4	0	26	3822	0	1	0
3280	1	0	11	0	28	9422	0	1	0
3284	1	0	20	0	28	9422	0	1	0
3285	1	0	5	0	26	3822	0	1	0
3285	1	0	9	0	26	3822	0	1	0
3288	1	0	8	0	26	7708	0	1	0
3289	1	0	12	0	24	6882	0	1	0
3290	1	0	15	0	24	6882	0	1	0
3295	1	0	9	0	26	7708	0	1	0
3299	1	0	9	0	26	7708	0	1	0
3300	1	0	20	0	28	9422	0	1	0
3301	1	0	5	0	26	7708	0	1	0
3302	1	0	11	0	28	9422	0	1	0
3306	1	0	20	0	28	9422	0	1	0
3307	1	0	5	0	26	7708	0	1	0
3308	1	0	9	0	26	7708	0	1	0
3309	1	0	11	0	28	9422	0	1	0
3311	1	0	8	0	26	7708	0	1	0
3312	1	0	12	0	24	6882	0	1	0
3314	1	0	15	0	24	6882	0	1	0
3315	1	0	4	0	26	7708	0	1	0
3316	1	0	4	0	26	7708	0	1	0
3317	1	0	8	0	26	7708	0	1	0
3318	1	0	12	0	24	3422	0	1	0
3318	1	0	9	0	26	3822	0	1	0
3319	1	0	15	0	24	6882	0	1	0
3320	1	0	20	0	28	9422	0	1	0
3321	1	0	5	0	26	7708	0	1	0
3326	1	0	20	0	28	9422	0	1	0
3327	1	0	10	0	28	4587	0	1	0
3327	1	0	5	0	26	3822	0	1	0
3328	1	0	11	0	28	4587	0	1	0
3328	1	0	19	0	28	4587	0	1	0
3329	1	0	8	0	26	7708	0	1	0
3331	1	0	12	0	24	3422	0	1	0
3331	1	0	9	0	26	3822	0	1	0
3332	1	0	9	0	26	7708	0	1	0
3334	1	0	15	0	24	6882	0	1	0
3339	1	0	9	0	26	7708	0	1	0
3340	1	0	15	0	24	6882	0	1	0
3341	1	0	20	0	28	9422	0	1	0
3344	1	0	5	0	26	7708	0	1	0
3347	1	0	8	0	26	7708	0	1	0
3351	1	0	5	0	26	3822	0	1	0
3351	1	0	4	0	26	3822	0	1	0
3352	1	0	11	0	28	9422	0	1	0
3353	1	0	9	0	26	3822	0	1	0
3353	1	0	8	0	26	3822	0	1	0
3354	1	0	12	0	24	6882	0	1	0
3355	1	0	9	0	26	7708	0	1	0
3356	1	0	15	0	24	6882	0	1	0
3359	1	0	11	0	28	9422	0	1	0
3360	1	0	9	0	26	7708	0	1	0
3361	1	0	12	0	24	6882	0	1	0
3362	1	0	15	0	24	6882	0	1	0
3363	1	0	20	0	28	9422	0	1	0
3364	1	0	10	0	28	9422	0	1	0
3365	1	0	19	0	28	9422	0	1	0
3367	1	0	9	0	26	3822	0	1	0
3367	1	0	19	0	28	4587	0	1	0
3370	1	0	5	0	26	7708	0	1	0
3371	1	0	11	0	28	9422	0	1	0
3372	1	0	8	0	26	7708	0	1	0
3373	1	0	12	0	24	6882	0	1	0
3374	1	0	15	0	24	6882	0	1	0
3376	1	0	5	0	26	7708	0	1	0
3377	1	0	11	0	28	4587	0	1	0
3377	1	0	9	0	26	3822	0	1	0
3378	1	0	8	0	26	7708	0	1	0
3380	1	0	9	0	26	7708	0	1	0
3383	1	0	20	0	28	9422	0	1	0
3388	1	0	4	0	26	7708	0	1	0
3392	1	0	15	0	24	6882	0	1	0
3394	1	0	5	0	26	3822	0	1	0
3394	1	0	9	0	26	3822	0	1	0
3396	1	0	8	0	26	7708	0	1	0
3397	1	0	12	0	24	6882	0	1	0
3399	1	0	15	0	24	6882	0	1	0
3401	1	0	5	0	26	7708	0	1	0
3402	1	0	19	0	28	9422	0	1	0
3403	1	0	11	0	28	9422	0	1	0
3404	1	0	9	0	26	7708	0	1	0
3408	1	0	20	0	28	4587	0	1	0
3408	1	0	9	0	26	3822	0	1	0
3410	1	0	11	0	28	9422	0	1	0
3413	1	0	15	0	24	6882	0	1	0
3415	1	0	20	0	28	9422	0	1	0
3416	1	0	5	0	26	7708	0	1	0
3418	1	0	9	0	26	7708	0	1	0
3419	1	0	8	0	26	7708	0	1	0
3420	1	0	12	0	24	6882	0	1	0
3421	1	0	9	0	26	7708	0	1	0
3423	1	0	5	0	26	7708	0	1	0
3424	1	0	11	0	28	9422	0	1	0
3425	1	0	8	0	26	7708	0	1	0
3426	1	0	12	0	24	6882	0	1	0
3428	1	0	20	0	28	9422	0	1	0
3430	1	0	11	0	28	9422	0	1	0
3431	1	0	9	0	26	7708	0	1	0
3433	1	0	15	0	24	6882	0	1	0
3434	1	0	20	0	28	9422	0	1	0
3435	1	0	5	0	26	3822	0	1	0
3435	1	0	9	0	26	3822	0	1	0
3436	1	0	9	0	26	7708	0	1	0
3437	1	0	8	0	26	7708	0	1	0
3438	1	0	12	0	24	6882	0	1	0
3439	1	0	15	0	24	3422	0	1	0
3439	1	0	19	0	28	4587	0	1	0
3441	1	0	5	0	26	7708	0	1	0
3443	1	0	8	0	26	7708	0	1	0
3444	1	0	12	0	24	6882	0	1	0
3447	1	0	20	0	28	9422	0	1	0
3448	1	0	3	0	24	6882	0	1	0
3449	1	0	11	0	28	4587	0	1	0
3449	1	0	9	0	26	3822	0	1	0
3452	1	0	15	0	24	6882	0	1	0
3453	1	0	20	0	28	9422	0	1	0
3455	1	0	5	0	26	7708	0	1	0
3456	1	0	11	0	28	9422	0	1	0
3457	1	0	8	0	26	7708	0	1	0
3458	1	0	12	0	24	6882	0	1	0
3459	1	0	15	0	24	6882	0	1	0
3461	1	0	5	0	26	7708	0	1	0
3462	1	0	3	0	24	3422	0	1	0
3462	1	0	9	0	26	3822	0	1	0
3468	1	0	9	0	26	7708	0	1	0
3469	1	0	20	0	28	9422	0	1	0
3474	1	0	15	0	24	6882	0	1	0
3475	1	0	3	0	24	2196	0	1	0
3475	1	0	20	0	28	3062	0	1	0
3475	1	0	19	0	28	3062	0	1	0
3476	1	0	5	0	26	3822	0	1	0
3476	1	0	9	0	26	3822	0	1	0
3479	1	0	11	0	28	9422	0	1	0
3480	1	0	8	0	26	7708	0	1	0
3481	1	0	12	0	24	6882	0	1	0
3485	1	0	3	0	24	6882	0	1	0
3486	1	0	11	0	28	9422	0	1	0
3487	1	0	8	0	26	7708	0	1	0
3488	1	0	12	0	24	6882	0	1	0
3489	1	0	3	0	24	6882	0	1	0
3490	1	0	9	0	26	7708	0	1	0
3493	1	0	20	0	28	9422	0	1	0
3494	1	0	5	0	26	7708	0	1	0
3498	1	0	15	0	24	6882	0	1	0
3500	1	0	20	0	28	9422	0	1	0
3501	1	0	5	0	26	7708	0	1	0
3502	1	0	11	0	28	9422	0	1	0
3503	1	0	3	0	24	1692	0	1	0
3503	1	0	9	0	26	1908	0	1	0
3503	1	0	19	0	28	2292	0	1	0
3503	1	0	8	0	26	1908	0	1	0
3504	1	0	12	0	24	6882	0	1	0
3510	1	0	3	0	24	6882	0	1	0
3516	1	0	3	0	24	3422	0	1	0
3516	1	0	20	0	28	4587	0	1	0
3517	1	0	5	0	26	3822	0	1	0
3517	1	0	9	0	26	3822	0	1	0
3521	1	0	8	0	26	7708	0	1	0
3524	1	0	3	0	24	6882	0	1	0
3525	1	0	12	0	24	6882	0	1	0
3526	1	0	15	0	24	3422	0	1	0
3526	1	0	3	0	24	3422	0	1	0
3527	1	0	9	0	26	7708	0	1	0
3530	1	0	11	0	28	4587	0	1	0
3530	1	0	3	0	24	3422	0	1	0
3531	1	0	9	0	26	7708	0	1	0
3535	1	0	20	0	28	9422	0	1	0
3536	1	0	5	0	26	7708	0	1	0
3537	1	0	11	0	28	9422	0	1	0
3544	1	0	3	0	24	3422	0	1	0
3544	1	0	9	0	26	3822	0	1	0
3546	1	0	8	0	26	7708	0	1	0
3547	1	0	3	0	24	6882	0	1	0
3548	1	0	12	0	24	6882	0	1	0
3549	1	0	15	0	24	6882	0	1	0
3552	1	0	11	0	28	9422	0	1	0
3553	1	0	8	0	26	7708	0	1	0
3554	1	0	3	0	24	6882	0	1	0
3555	1	0	9	0	26	7708	0	1	0
3557	1	0	3	0	24	6882	0	1	0
3558	1	0	9	0	26	7708	0	1	0
3559	1	0	20	0	28	9422	0	1	0
3560	1	0	5	0	26	7708	0	1	0
3563	1	0	3	0	24	6882	0	1	0
3566	1	0	20	0	28	9422	0	1	0
3567	1	0	5	0	26	7708	0	1	0
3569	1	0	8	0	26	7708	0	1	0
3571	1	0	12	0	24	2196	0	1	0
3571	1	0	3	0	24	2196	0	1	0
3571	1	0	19	0	28	3062	0	1	0
3572	1	0	9	0	26	7708	0	1	0
3573	1	0	15	0	24	6882	0	1	0
3576	1	0	11	0	28	9422	0	1	0
3578	1	0	12	0	24	6882	0	1	0
3579	1	0	15	0	24	6882	0	1	0
3580	1	0	20	0	28	9422	0	1	0
3581	1	0	3	0	24	3422	0	1	0
3581	1	0	9	0	26	3822	0	1	0
3582	1	0	5	0	26	3822	0	1	0
3582	1	0	9	0	26	3822	0	1	0
3583	1	0	11	0	28	9422	0	1	0
3585	1	0	3	0	24	3422	0	1	0
3585	1	0	9	0	26	3822	0	1	0
3594	1	0	3	0	24	6882	0	1	0
3595	1	0	3	0	24	3422	0	1	0
3595	1	0	8	0	26	3822	0	1	0
3597	1	0	12	0	24	6882	0	1	0
3598	1	0	15	0	24	3422	0	1	0
3598	1	0	3	0	24	3422	0	1	0
3599	1	0	20	0	28	4587	0	1	0
3599	1	0	9	0	26	3822	0	1	0
3600	1	0	5	0	26	7708	0	1	0
3601	1	0	11	0	28	9422	0	1	0
3604	1	0	12	0	24	6882	0	1	0
3605	1	0	15	0	24	6882	0	1	0
3606	1	0	20	0	28	9422	0	1	0
3607	1	0	5	0	26	7708	0	1	0
3608	1	0	19	0	28	9422	0	1	0
3612	1	0	3	0	24	6882	0	1	0
3613	1	0	9	0	26	7708	0	1	0
3618	1	0	3	0	24	6882	0	1	0
3620	1	0	8	0	26	7708	0	1	0
3621	1	0	12	0	24	6882	0	1	0
3622	1	0	15	0	24	6882	0	1	0
3623	1	0	20	0	28	4587	0	1	0
3623	1	0	9	0	26	3822	0	1	0
3624	1	0	5	0	26	7708	0	1	0
3625	1	0	11	0	28	9422	0	1	0
3626	1	0	9	0	26	3822	0	1	0
3626	1	0	8	0	26	3822	0	1	0
3628	1	0	12	0	24	6882	0	1	0
3629	1	0	15	0	24	6882	0	1	0
3630	1	0	20	0	28	9422	0	1	0
3631	1	0	5	0	26	7708	0	1	0
3632	1	0	11	0	28	9422	0	1	0
3636	1	0	3	0	24	3422	0	1	0
3636	1	0	9	0	26	3822	0	1	0
3639	1	0	3	0	24	6882	0	1	0
3640	1	0	9	0	26	3822	0	1	0
3640	1	0	19	0	28	4587	0	1	0
3641	1	0	8	0	26	7708	0	1	0
3642	1	0	12	0	24	6882	0	1	0
3643	1	0	15	0	24	6882	0	1	0
3644	1	0	20	0	28	9422	0	1	0
3645	1	0	5	0	26	7708	0	1	0
3646	1	0	11	0	28	9422	0	1	0
3647	1	0	8	0	26	7708	0	1	0
3648	1	0	12	0	24	6882	0	1	0
3650	1	0	3	0	24	6882	0	1	0
3652	1	0	3	0	24	6882	0	1	0
3653	1	0	3	0	24	3422	0	1	0
3653	1	0	9	0	26	3822	0	1	0
3656	1	0	3	0	24	6882	0	1	0
3659	1	0	8	0	26	7708	0	1	0
3660	1	0	9	0	26	7708	0	1	0
3661	1	0	12	0	24	6882	0	1	0
3662	1	0	15	0	24	6882	0	1	0
3663	1	0	20	0	28	9422	0	1	0
3664	1	0	5	0	26	7708	0	1	0
3666	1	0	8	0	26	7708	0	1	0
3667	1	0	3	0	24	3422	0	1	0
3667	1	0	9	0	26	3822	0	1	0
3673	1	0	11	0	28	9422	0	1	0
3676	1	0	3	0	24	6882	0	1	0
3677	1	0	3	0	24	6882	0	1	0
3680	1	0	11	0	28	4587	0	1	0
3680	1	0	3	0	24	3422	0	1	0
3681	1	0	9	0	26	3822	0	1	0
3681	1	0	8	0	26	3822	0	1	0
3683	1	0	12	0	24	6882	0	1	0
3684	1	0	15	0	24	6882	0	1	0
3685	1	0	20	0	28	9422	0	1	0
3686	1	0	5	0	26	7708	0	1	0
3688	1	0	9	0	26	3822	0	1	0
3688	1	0	8	0	26	3822	0	1	0
3691	1	0	9	0	26	7708	0	1	0
3694	1	0	3	0	24	3422	0	1	0
3694	1	0	9	0	26	3822	0	1	0
3704	1	0	11	0	28	9422	0	1	0
3705	1	0	8	0	26	7708	0	1	0
3706	1	0	12	0	24	6882	0	1	0
3707	1	0	15	0	24	6882	0	1	0
3708	1	0	20	0	28	3062	0	1	0
3708	1	0	9	0	26	2481	0	1	0
3708	1	0	19	0	28	3062	0	1	0
3709	1	0	5	0	26	7708	0	1	0
3710	1	0	11	0	28	9422	0	1	0
3711	1	0	8	0	26	7708	0	1	0
3712	1	0	12	0	24	6882	0	1	0
3713	1	0	3	0	24	6882	0	1	0
3714	1	0	15	0	24	6882	0	1	0
3715	1	0	20	0	28	9422	0	1	0
3716	1	0	5	0	26	7708	0	1	0
3717	1	0	3	0	24	6882	0	1	0
3718	1	0	9	0	26	7708	0	1	0
3721	1	0	3	0	24	6882	0	1	0
3722	1	0	9	0	26	7708	0	1	0
3729	1	0	8	0	26	7708	0	1	0
3730	1	0	12	0	24	6882	0	1	0
3731	1	0	15	0	24	3422	0	1	0
3731	1	0	3	0	24	3422	0	1	0
3732	1	0	20	0	28	9422	0	1	0
3733	1	0	5	0	26	7708	0	1	0
3734	1	0	11	0	28	9422	0	1	0
3735	1	0	9	0	26	3822	0	1	0
3735	1	0	8	0	26	3822	0	1	0
3736	1	0	12	0	24	6882	0	1	0
3737	1	0	15	0	24	6882	0	1	0
3738	1	0	20	0	28	9422	0	1	0
3739	1	0	5	0	26	7708	0	1	0
3740	1	0	11	0	28	9422	0	1	0
3745	1	0	19	0	28	9422	0	1	0
3747	1	0	9	0	26	7708	0	1	0
3749	1	0	9	0	26	7708	0	1	0
3750	1	0	3	0	24	6882	0	1	0
3751	1	0	5	0	26	7708	0	1	0
3752	1	0	11	0	28	9422	0	1	0
3753	1	0	8	0	26	7708	0	1	0
3754	1	0	3	0	24	6882	0	1	0
3756	1	0	12	0	24	6882	0	1	0
3757	1	0	15	0	24	6882	0	1	0
3758	1	0	20	0	28	9422	0	1	0
3763	1	0	12	0	24	3422	0	1	0
3763	1	0	9	0	26	3822	0	1	0
3764	1	0	15	0	24	6882	0	1	0
3765	1	0	20	0	28	9422	0	1	0
3773	1	0	5	0	26	3822	0	1	0
3773	1	0	9	0	26	3822	0	1	0
3774	1	0	11	0	28	9422	0	1	0
3775	1	0	8	0	26	7708	0	1	0
3776	1	0	12	0	24	2196	0	1	0
3776	1	0	9	0	26	2481	0	1	0
3776	1	0	19	0	28	3062	0	1	0
3777	1	0	15	0	24	3422	0	1	0
3777	1	0	9	0	26	3822	0	1	0
3778	1	0	20	0	28	9422	0	1	0
3779	1	0	5	0	26	7708	0	1	0
3780	1	0	11	0	28	9422	0	1	0
3781	1	0	8	0	26	7708	0	1	0
3782	1	0	12	0	24	6882	0	1	0
3783	1	0	15	0	24	6882	0	1	0
3785	1	0	20	0	28	9422	0	1	0
3786	1	0	9	0	26	7708	0	1	0
3790	1	0	9	0	26	7708	0	1	0
3793	1	0	5	0	26	7708	0	1	0
3795	1	0	8	0	26	7708	0	1	0
3796	1	0	12	0	24	6882	0	1	0
3797	1	0	15	0	24	6882	0	1	0
3798	1	0	20	0	28	9422	0	1	0
3799	1	0	5	0	26	7708	0	1	0
3800	1	0	11	0	28	4587	0	1	0
3800	1	0	9	0	26	3822	0	1	0
3801	1	0	9	0	26	3822	0	1	0
3801	1	0	8	0	26	3822	0	1	0
3802	1	0	12	0	24	6882	0	1	0
3803	1	0	15	0	24	6882	0	1	0
3804	1	0	20	0	28	4587	0	1	0
3804	1	0	9	0	26	3822	0	1	0
3805	1	0	9	0	26	7708	0	1	0
3806	1	0	11	0	28	9422	0	1	0
3811	1	0	5	0	26	7708	0	1	0
3813	1	0	19	0	28	9422	0	1	0
3814	1	0	8	0	26	7708	0	1	0
3816	1	0	12	0	24	6882	0	1	0
3817	1	0	15	0	24	3422	0	1	0
3817	1	0	9	0	26	3822	0	1	0
3818	1	0	20	0	28	9422	0	1	0
3821	1	0	8	0	26	7708	0	1	0
3822	1	0	12	0	24	6882	0	1	0
3823	1	0	15	0	24	6882	0	1	0
3824	1	0	20	0	28	9422	0	1	0
3826	1	0	11	0	28	9422	0	1	0
3831	1	0	5	0	26	3822	0	1	0
3831	1	0	9	0	26	3822	0	1	0
3833	1	0	11	0	28	9422	0	1	0
3834	1	0	8	0	26	7708	0	1	0
3835	1	0	12	0	24	6882	0	1	0
3836	1	0	15	0	24	6882	0	1	0
3837	1	0	9	0	26	7708	0	1	0
3838	1	0	20	0	28	9422	0	1	0
3841	1	0	8	0	26	7708	0	1	0
3842	1	0	12	0	24	6882	0	1	0
3843	1	0	15	0	24	6882	0	1	0
3844	1	0	20	0	28	4587	0	1	0
3844	1	0	19	0	28	4587	0	1	0
3852	1	0	5	0	26	7708	0	1	0
3853	1	0	11	0	28	9422	0	1	0
3854	1	0	9	0	26	7708	0	1	0
3855	1	0	9	0	26	3822	0	1	0
3855	1	0	8	0	26	3822	0	1	0
3856	1	0	12	0	24	6882	0	1	0
3857	1	0	15	0	24	6882	0	1	0
3858	1	0	20	0	28	4587	0	1	0
3858	1	0	9	0	26	3822	0	1	0
3862	1	0	8	0	26	7708	0	1	0
3863	1	0	12	0	24	6882	0	1	0
3872	1	0	9	0	26	7708	0	1	0
3873	1	0	5	0	26	7708	0	1	0
3875	1	0	11	0	28	9422	0	1	0
3876	1	0	8	0	26	7708	0	1	0
3877	1	0	9	0	26	7708	0	1	0
3878	1	0	12	0	24	6882	0	1	0
3879	1	0	15	0	24	6882	0	1	0
3880	1	0	20	0	28	9422	0	1	0
3881	1	0	19	0	28	9422	0	1	0
3885	1	0	12	0	24	6882	0	1	0
3886	1	0	15	0	24	3422	0	1	0
3886	1	0	9	0	26	3822	0	1	0
3891	1	0	9	0	26	7708	0	1	0
3896	1	0	5	0	26	7708	0	1	0
3897	1	0	11	0	28	9422	0	1	0
3898	1	0	8	0	26	7708	0	1	0
3899	1	0	12	0	24	6882	0	1	0
3900	1	0	15	0	24	6882	0	1	0
3902	1	0	20	0	28	9422	0	1	0
3903	1	0	5	0	26	7708	0	1	0
3904	1	0	11	0	28	9422	0	1	0
3905	1	0	8	0	26	7708	0	1	0
3906	1	0	12	0	24	6882	0	1	0
3907	1	0	15	0	24	6882	0	1	0
3908	1	0	20	0	28	9422	0	1	0
3909	1	0	9	0	26	7708	0	1	0
3916	1	0	1	0	26	7708	0	1	0
3917	1	0	5	0	26	7708	0	1	0
3919	1	0	8	0	26	7708	0	1	0
3920	1	0	12	0	24	6882	0	1	0
3921	1	0	15	0	24	6882	0	1	0
3922	1	0	20	0	28	9422	0	1	0
3923	1	0	5	0	26	7708	0	1	0
3924	1	0	11	0	28	9422	0	1	0
3925	1	0	8	0	26	7708	0	1	0
3926	1	0	12	0	24	6882	0	1	0
3927	1	0	15	0	24	6882	0	1	0
3928	1	0	20	0	28	9422	0	1	0
3930	1	0	11	0	28	9422	0	1	0
3935	1	0	5	0	26	7708	0	1	0
3937	1	0	8	0	26	7708	0	1	0
3938	1	0	12	0	24	6882	0	1	0
3939	1	0	15	0	24	6882	0	1	0
3940	1	0	20	0	28	9422	0	1	0
3941	1	0	5	0	26	7708	0	1	0
3943	1	0	8	0	26	7708	0	1	0
3944	1	0	12	0	24	6882	0	1	0
3945	1	0	15	0	24	6882	0	1	0
3946	1	0	20	0	28	9422	0	1	0
3948	1	0	11	0	28	9422	0	1	0
3953	1	0	5	0	26	7708	0	1	0
3954	1	0	1	0	26	7708	0	1	0
3955	1	0	3	0	24	6882	0	1	0
3956	1	0	10	0	28	9422	0	1	0
3957	1	0	1	0	26	7708	0	1	0
3959	1	0	14	0	24	3422	0	1	0
3959	1	0	8	0	26	3822	0	1	0
3960	1	0	12	0	24	6882	0	1	0
3961	1	0	15	0	24	6882	0	1	0
3962	1	0	20	0	28	9422	0	1	0
3965	1	0	8	0	26	7708	0	1	0
3966	1	0	12	0	24	6882	0	1	0
3967	1	0	15	0	24	6882	0	1	0
3969	1	0	20	0	28	9422	0	1	0
3971	1	0	11	0	28	9422	0	1	0
3977	1	0	5	0	26	7708	0	1	0
3978	1	0	9	0	26	7708	0	1	0
3980	1	0	8	0	26	7708	0	1	0
3981	1	0	12	0	24	6882	0	1	0
3982	1	0	15	0	24	6882	0	1	0
3983	1	0	20	0	28	9422	0	1	0
3984	1	0	5	0	26	7708	0	1	0
3986	1	0	8	0	26	7708	0	1	0
3987	1	0	12	0	24	6882	0	1	0
3988	1	0	15	0	24	6882	0	1	0
3990	1	0	20	0	28	9422	0	1	0
3996	1	0	14	0	24	6882	0	1	0
3998	1	0	5	0	26	7708	0	1	0
3999	1	0	11	0	28	9422	0	1	0
4000	1	0	8	0	26	7708	0	1	0
4001	1	0	12	0	24	6882	0	1	0
4002	1	0	15	0	24	6882	0	1	0
4003	1	0	20	0	28	9422	0	1	0
4004	1	0	5	0	26	7708	0	1	0
4005	1	0	11	0	28	9422	0	1	0
4006	1	0	8	0	26	7708	0	1	0
4007	1	0	12	0	24	6882	0	1	0
4008	1	0	15	0	24	6882	0	1	0
4009	1	0	9	0	26	7708	0	1	0
4010	1	0	20	0	28	9422	0	1	0
4018	1	0	5	0	26	7708	0	1	0
4020	1	0	8	0	26	7708	0	1	0
4021	1	0	12	0	24	6882	0	1	0
4022	1	0	15	0	24	6882	0	1	0
4023	1	0	20	0	28	9422	0	1	0
4024	1	0	5	0	26	7708	0	1	0
4025	1	0	11	0	28	9422	0	1	0
4026	1	0	8	0	26	7708	0	1	0
4027	1	0	12	0	24	6882	0	1	0
4028	1	0	15	0	24	6882	0	1	0
4029	1	0	20	0	28	9422	0	1	0
4031	1	0	11	0	28	9422	0	1	0
4036	1	0	5	0	26	7708	0	1	0
4038	1	0	8	0	26	7708	0	1	0
4039	1	0	12	0	24	6882	0	1	0
4040	1	0	15	0	24	6882	0	1	0
4041	1	0	20	0	28	9422	0	1	0
4042	1	0	5	0	26	7708	0	1	0
4044	1	0	8	0	26	7708	0	1	0
4045	1	0	12	0	24	6882	0	1	0
4046	1	0	15	0	24	6882	0	1	0
4047	1	0	20	0	28	9422	0	1	0
4049	1	0	11	0	28	9422	0	1	0
4054	1	0	5	0	26	7708	0	1	0
4055	1	0	11	0	28	9422	0	1	0
4056	1	0	8	0	26	7708	0	1	0
4057	1	0	12	0	24	6882	0	1	0
4058	1	0	15	0	24	6882	0	1	0
4059	1	0	20	0	28	9422	0	1	0
4060	1	0	5	0	26	7708	0	1	0
4061	1	0	9	0	26	7708	0	1	0
4062	1	0	9	0	26	3822	0	1	0
4062	1	0	8	0	26	3822	0	1	0
4063	1	0	12	0	24	3422	0	1	0
4063	1	0	9	0	26	3822	0	1	0
4064	1	0	15	0	24	6882	0	1	0
4065	1	0	20	0	28	9422	0	1	0
4072	1	0	5	0	26	7708	0	1	0
4073	1	0	11	0	28	9422	0	1	0
4074	1	0	8	0	26	7708	0	1	0
4075	1	0	12	0	24	6882	0	1	0
4077	1	0	15	0	24	6882	0	1	0
4078	1	0	20	0	28	9422	0	1	0
4079	1	0	5	0	26	7708	0	1	0
4080	1	0	11	0	28	9422	0	1	0
4081	1	0	9	0	26	3822	0	1	0
4081	1	0	19	0	28	4587	0	1	0
4082	1	0	9	0	26	7708	0	1	0
4084	1	0	15	0	24	6882	0	1	0
4085	1	0	20	0	28	9422	0	1	0
4089	1	0	1	0	26	7708	0	1	0
4093	1	0	5	0	26	7708	0	1	0
4095	1	0	8	0	26	7708	0	1	0
4096	1	0	12	0	24	6882	0	1	0
4098	1	0	9	0	26	7708	0	1	0
4099	1	0	9	0	26	7708	0	1	0
4100	1	0	9	0	26	7708	0	1	0
4101	1	0	15	0	24	3422	0	1	0
4101	1	0	9	0	26	3822	0	1	0
4102	1	0	20	0	28	9422	0	1	0
4104	1	0	11	0	28	9422	0	1	0
4107	1	0	15	0	24	6882	0	1	0
4108	1	0	20	0	28	9422	0	1	0
4110	1	0	11	0	28	9422	0	1	0
4116	1	0	5	0	26	7708	0	1	0
4118	1	0	8	0	26	7708	0	1	0
4119	1	0	12	0	24	6882	0	1	0
4120	1	0	15	0	24	6882	0	1	0
4121	1	0	20	0	28	9422	0	1	0
4122	1	0	5	0	26	7708	0	1	0
4124	1	0	8	0	26	7708	0	1	0
4125	1	0	12	0	24	6882	0	1	0
4126	1	0	15	0	24	6882	0	1	0
4127	1	0	20	0	28	9422	0	1	0
4129	1	0	11	0	28	9422	0	1	0
4130	1	0	1	0	26	7708	0	1	0
4134	1	0	5	0	26	7708	0	1	0
4136	1	0	11	0	28	9422	0	1	0
4137	1	0	8	0	26	7708	0	1	0
4138	1	0	12	0	24	6882	0	1	0
4139	1	0	15	0	24	6882	0	1	0
4140	1	0	20	0	28	9422	0	1	0
4141	1	0	5	0	26	7708	0	1	0
4143	1	0	8	0	26	7708	0	1	0
4144	1	0	12	0	24	6882	0	1	0
4146	1	0	9	0	26	7708	0	1	0
4147	1	0	9	0	26	7708	0	1	0
4149	1	0	7	0	22	5861	0	1	0
4155	1	0	5	0	26	3822	0	1	0
4155	1	0	19	0	28	4587	0	1	0
4156	1	0	11	0	28	9422	0	1	0
4157	1	0	8	0	26	7708	0	1	0
4158	1	0	12	0	24	6882	0	1	0
4159	1	0	15	0	24	3422	0	1	0
4159	1	0	9	0	26	3822	0	1	0
4160	1	0	20	0	28	9422	0	1	0
4162	1	0	5	0	26	7708	0	1	0
4163	1	0	11	0	28	9422	0	1	0
4167	1	0	1	0	26	7708	0	1	0
4169	1	0	9	0	26	7708	0	1	0
4176	1	0	20	0	28	9422	0	1	0
4177	1	0	5	0	26	7708	0	1	0
4178	1	0	11	0	28	9422	0	1	0
4179	1	0	8	0	26	7708	0	1	0
4180	1	0	12	0	24	6882	0	1	0
4181	1	0	15	0	24	6882	0	1	0
4182	1	0	20	0	28	4587	0	1	0
4182	1	0	9	0	26	3822	0	1	0
4184	1	0	9	0	26	7708	0	1	0
4186	1	0	7	0	22	2865	0	1	0
4186	1	0	9	0	26	3822	0	1	0
4187	1	0	9	0	26	7708	0	1	0
4191	1	0	20	0	28	9422	0	1	0
4192	1	0	19	0	28	9422	0	1	0
4198	1	0	1	0	26	3822	0	1	0
4198	1	0	5	0	26	3822	0	1	0
4200	1	0	20	0	28	4587	0	1	0
4200	1	0	9	0	26	3822	0	1	0
4201	1	0	11	0	28	9422	0	1	0
4202	1	0	8	0	26	7708	0	1	0
4203	1	0	12	0	24	6882	0	1	0
4204	1	0	15	0	24	6882	0	1	0
4205	1	0	20	0	28	9422	0	1	0
4207	1	0	11	0	28	9422	0	1	0
4208	1	0	8	0	26	7708	0	1	0
4209	1	0	12	0	24	6882	0	1	0
4210	1	0	15	0	24	6882	0	1	0
4213	1	0	9	0	26	7708	0	1	0
4217	1	0	7	0	22	5861	0	1	0
4218	1	0	7	0	22	5861	0	1	0
4219	1	0	12	0	24	6882	0	1	0
4221	1	0	9	0	26	7708	0	1	0
4222	1	0	20	0	28	9422	0	1	0
4223	1	0	5	0	26	2481	0	1	0
4223	1	0	9	0	26	2481	0	1	0
4223	1	0	19	0	28	3062	0	1	0
4225	1	0	8	0	26	7708	0	1	0
4226	1	0	12	0	24	6882	0	1	0
4227	1	0	15	0	24	3422	0	1	0
4227	1	0	9	0	26	3822	0	1	0
4229	1	0	20	0	28	9422	0	1	0
4230	1	0	5	0	26	7708	0	1	0
4231	1	0	11	0	28	9422	0	1	0
4232	1	0	8	0	26	7708	0	1	0
4233	1	0	14	0	24	6882	0	1	0
4235	1	0	1	0	26	7708	0	1	0
4241	1	0	9	0	26	7708	0	1	0
4242	1	0	12	0	24	6882	0	1	0
4244	1	0	20	0	28	9422	0	1	0
4245	1	0	5	0	26	7708	0	1	0
4247	1	0	8	0	26	7708	0	1	0
4249	1	0	12	0	24	6882	0	1	0
4250	1	0	15	0	24	6882	0	1	0
4251	1	0	20	0	28	9422	0	1	0
4252	1	0	5	0	26	7708	0	1	0
4253	1	0	11	0	28	9422	0	1	0
4254	1	0	9	0	26	3822	0	1	0
4254	1	0	8	0	26	3822	0	1	0
4257	1	0	15	0	24	6882	0	1	0
4258	1	0	7	0	22	5861	0	1	0
4259	1	0	5	0	26	7708	0	1	0
4260	1	0	19	0	28	9422	0	1	0
4263	1	0	12	0	24	6882	0	1	0
4265	1	0	20	0	28	9422	0	1	0
4266	1	0	1	0	26	7708	0	1	0
4268	1	0	9	0	26	3822	0	1	0
4268	1	0	8	0	26	3822	0	1	0
4270	1	0	14	0	24	6882	0	1	0
4272	1	0	15	0	24	6882	0	1	0
4273	1	0	20	0	28	9422	0	1	0
4274	1	0	5	0	26	7708	0	1	0
4275	1	0	1	0	26	7708	0	1	0
4278	1	0	9	0	26	7708	0	1	0
4279	1	0	15	0	24	6882	0	1	0
4280	1	0	20	0	28	9422	0	1	0
4281	1	0	5	0	26	7708	0	1	0
4282	1	0	11	0	28	4587	0	1	0
4282	1	0	9	0	26	3822	0	1	0
4285	1	0	7	0	22	5861	0	1	0
4286	1	0	12	0	24	3422	0	1	0
4286	1	0	7	0	22	2865	0	1	0
4292	1	0	19	0	28	4587	0	1	0
4292	1	0	8	0	26	3822	0	1	0
4293	1	0	12	0	24	6882	0	1	0
4294	1	0	15	0	24	6882	0	1	0
4295	1	0	20	0	28	4587	0	1	0
4295	1	0	9	0	26	3822	0	1	0
4296	1	0	5	0	26	7708	0	1	0
4298	1	0	8	0	26	7708	0	1	0
4299	1	0	12	0	24	6882	0	1	0
4301	1	0	15	0	24	6882	0	1	0
4302	1	0	20	0	28	9422	0	1	0
4303	1	0	5	0	26	7708	0	1	0
4304	1	0	11	0	28	9422	0	1	0
4306	1	0	9	0	26	7708	0	1	0
4308	1	0	14	0	24	6882	0	1	0
4309	1	0	9	0	26	7708	0	1	0
4312	1	0	1	0	26	7708	0	1	0
4313	1	0	20	0	28	9422	0	1	0
4314	1	0	5	0	26	7708	0	1	0
4315	1	0	11	0	28	9422	0	1	0
4316	1	0	8	0	26	7708	0	1	0
4317	1	0	15	0	24	6882	0	1	0
4318	1	0	12	0	24	6882	0	1	0
4319	1	0	20	0	28	9422	0	1	0
4320	1	0	5	0	26	7708	0	1	0
4321	1	0	11	0	28	9422	0	1	0
4322	1	0	7	0	22	2865	0	1	0
4322	1	0	9	0	26	3822	0	1	0
4329	1	0	19	0	28	9422	0	1	0
4332	1	0	9	0	26	7708	0	1	0
4335	1	0	15	0	24	3422	0	1	0
4335	1	0	1	0	26	3822	0	1	0
4336	1	0	20	0	28	4587	0	1	0
4336	1	0	9	0	26	3822	0	1	0
4338	1	0	5	0	26	7708	0	1	0
4339	1	0	11	0	28	9422	0	1	0
4340	1	0	8	0	26	7708	0	1	0
4341	1	0	12	0	24	6882	0	1	0
4342	1	0	15	0	24	6882	0	1	0
4343	1	0	20	0	28	9422	0	1	0
4344	1	0	5	0	26	7708	0	1	0
4345	1	0	14	0	24	6882	0	1	0
4346	1	0	11	0	28	9422	0	1	0
4347	1	0	8	0	26	7708	0	1	0
4348	1	0	12	0	24	6882	0	1	0
4350	1	0	9	0	26	7708	0	1	0
4356	1	0	15	0	24	6882	0	1	0
4357	1	0	20	0	28	9422	0	1	0
4358	1	0	5	0	26	7708	0	1	0
4360	1	0	9	0	26	3822	0	1	0
4360	1	0	19	0	28	4587	0	1	0
4361	1	0	9	0	26	7708	0	1	0
4363	1	0	9	0	26	7708	0	1	0
4364	1	0	8	0	26	7708	0	1	0
4365	1	0	12	0	24	6882	0	1	0
4366	1	0	15	0	24	6882	0	1	0
4370	1	0	11	0	28	9422	0	1	0
4371	1	0	8	0	26	7708	0	1	0
4372	1	0	1	0	26	7708	0	1	0
4373	1	0	9	0	26	7708	0	1	0
4374	1	0	15	0	24	6882	0	1	0
4376	1	0	20	0	28	9422	0	1	0
4377	1	0	5	0	26	3822	0	1	0
4377	1	0	9	0	26	3822	0	1	0
4380	1	0	8	0	26	7708	0	1	0
4381	1	0	4	0	28	9422	0	1	0
4382	1	0	14	0	24	6882	0	1	0
4383	1	0	12	0	24	6882	0	1	0
4388	1	0	9	0	26	7708	0	1	0
4391	1	0	9	0	26	7708	0	1	0
4392	1	0	15	0	24	6882	0	1	0
4395	1	0	11	0	28	9422	0	1	0
4397	1	0	19	0	28	9422	0	1	0
4401	1	0	12	0	24	3422	0	1	0
4401	1	0	9	0	26	3822	0	1	0
4402	1	0	15	0	24	6882	0	1	0
4403	1	0	20	0	28	4587	0	1	0
4403	1	0	4	0	28	4587	0	1	0
4404	1	0	5	0	26	3822	0	1	0
4404	1	0	9	0	26	3822	0	1	0
4406	1	0	8	0	26	7708	0	1	0
4407	1	0	12	0	24	6882	0	1	0
4408	1	0	15	0	24	6882	0	1	0
4409	1	0	1	0	26	7708	0	1	0
4412	1	0	20	0	28	9422	0	1	0
4418	1	0	9	0	26	7708	0	1	0
4419	1	0	14	0	24	6882	0	1	0
4423	1	0	12	0	24	6882	0	1	0
4426	1	0	11	0	28	9422	0	1	0
4428	1	0	15	0	24	2196	0	1	0
4428	1	0	9	0	26	2481	0	1	0
4428	1	0	19	0	28	3062	0	1	0
4429	1	0	20	0	28	9422	0	1	0
4430	1	0	5	0	26	7708	0	1	0
4431	1	0	11	0	28	9422	0	1	0
4432	1	0	9	0	26	3822	0	1	0
4432	1	0	8	0	26	3822	0	1	0
4435	1	0	15	0	24	6882	0	1	0
4436	1	0	20	0	28	9422	0	1	0
4437	1	0	5	0	26	7708	0	1	0
4439	1	0	8	0	26	7708	0	1	0
4442	1	0	9	0	26	7708	0	1	0
4445	1	0	9	0	26	7708	0	1	0
4446	1	0	1	0	26	7708	0	1	0
4447	1	0	11	0	28	9422	0	1	0
4449	1	0	12	0	24	6882	0	1	0
4450	1	0	15	0	24	6882	0	1	0
4452	1	0	20	0	28	9422	0	1	0
4453	1	0	5	0	26	7708	0	1	0
4454	1	0	11	0	28	9422	0	1	0
4455	1	0	8	0	26	7708	0	1	0
4456	1	0	14	0	24	6882	0	1	0
4459	1	0	20	0	28	4587	0	1	0
4459	1	0	9	0	26	3822	0	1	0
4460	1	0	5	0	26	7708	0	1	0
4465	1	0	19	0	28	9422	0	1	0
4469	1	0	9	0	26	7708	0	1	0
4470	1	0	11	0	28	9422	0	1	0
4471	1	0	1	0	26	7708	0	1	0
4473	1	0	12	0	24	3422	0	1	0
4473	1	0	9	0	26	3822	0	1	0
4475	1	0	15	0	24	6882	0	1	0
4476	1	0	20	0	28	9422	0	1	0
4477	1	0	5	0	26	7708	0	1	0
4479	1	0	16	0	28	4587	0	1	0
4479	1	0	8	0	26	3822	0	1	0
4480	1	0	12	0	24	6882	0	1	0
4481	1	0	15	0	24	6882	0	1	0
4483	1	0	20	0	28	9422	0	1	0
4484	1	0	5	0	26	7708	0	1	0
4486	1	0	16	0	28	4587	0	1	0
4486	1	0	9	0	26	3822	0	1	0
4493	1	0	16	0	28	4587	0	1	0
4493	1	0	14	0	24	3422	0	1	0
4495	1	0	11	0	28	9422	0	1	0
4496	1	0	9	0	26	3822	0	1	0
4496	1	0	19	0	28	4587	0	1	0
4497	1	0	8	0	26	7708	0	1	0
4498	1	0	12	0	24	6882	0	1	0
4499	1	0	15	0	24	6882	0	1	0
4500	1	0	16	0	28	3062	0	1	0
4500	1	0	20	0	28	3062	0	1	0
4500	1	0	9	0	26	2481	0	1	0
4501	1	0	5	0	26	3822	0	1	0
4501	1	0	9	0	26	3822	0	1	0
4502	1	0	11	0	28	9422	0	1	0
4503	1	0	8	0	26	7708	0	1	0
4504	1	0	12	0	24	6882	0	1	0
4505	1	0	15	0	26	7708	0	1	0
4507	1	0	20	0	28	9422	0	1	0
4509	1	0	1	0	26	7708	0	1	0
4510	1	0	9	0	26	7708	0	1	0
4513	1	0	11	0	28	9422	0	1	0
4514	1	0	9	0	26	7708	0	1	0
4516	1	0	16	0	28	9422	0	1	0
4517	1	0	9	0	26	7708	0	1	0
4518	1	0	15	0	26	7708	0	1	0
4519	1	0	20	0	28	9422	0	1	0
4520	1	0	1	0	26	3822	0	1	0
4520	1	0	16	0	28	4587	0	1	0
4521	1	0	16	0	28	4587	0	1	0
4521	1	0	5	0	26	3822	0	1	0
4523	1	0	8	0	26	7708	0	1	0
4524	1	0	12	0	24	6882	0	1	0
4527	1	0	16	0	28	4587	0	1	0
4527	1	0	9	0	26	3822	0	1	0
4528	1	0	5	0	26	7708	0	1	0
4530	1	0	14	0	24	6882	0	1	0
4533	1	0	19	0	28	9422	0	1	0
4538	1	0	11	0	28	9422	0	1	0
4539	1	0	1	0	26	7708	0	1	0
4540	1	0	12	0	24	6882	0	1	0
4541	1	0	15	0	26	3822	0	1	0
4541	1	0	9	0	26	3822	0	1	0
4543	1	0	20	0	28	9422	0	1	0
4544	1	0	5	0	26	7708	0	1	0
4547	1	0	9	0	26	7708	0	1	0
4548	1	0	16	0	28	4587	0	1	0
4548	1	0	8	0	26	3822	0	1	0
4549	1	0	12	0	24	6882	0	1	0
4555	1	0	8	0	26	7708	0	1	0
4558	1	0	16	0	28	9422	0	1	0
4560	1	0	15	0	26	7708	0	1	0
4561	1	0	16	0	28	4587	0	1	0
4561	1	0	20	0	28	4587	0	1	0
4562	1	0	16	0	28	4587	0	1	0
4562	1	0	5	0	26	3822	0	1	0
4563	1	0	11	0	28	9422	0	1	0
4564	1	0	9	0	26	7708	0	1	0
4565	1	0	9	0	26	7708	0	1	0
4567	1	0	14	0	24	6882	0	1	0
4568	1	0	16	0	28	4587	0	1	0
4568	1	0	9	0	26	3822	0	1	0
4575	1	0	16	0	28	4587	0	1	0
4575	1	0	8	0	26	3822	0	1	0
4576	1	0	1	0	26	7708	0	1	0
4577	1	0	12	0	24	6882	0	1	0
4578	1	0	9	0	26	7708	0	1	0
4579	1	0	15	0	26	7708	0	1	0
4580	1	0	20	0	28	9422	0	1	0
4581	1	0	5	0	26	7708	0	1	0
4582	1	0	9	0	26	7708	0	1	0
4583	1	0	11	0	28	9422	0	1	0
4590	1	0	11	0	28	9422	0	1	0
4593	1	0	15	0	26	7708	0	1	0
4595	1	0	16	0	28	9422	0	1	0
4596	1	0	9	0	26	7708	0	1	0
4598	1	0	16	0	28	9422	0	1	0
4600	1	0	8	0	26	7708	0	1	0
4601	1	0	12	0	24	6882	0	1	0
4603	1	0	16	0	28	9422	0	1	0
4604	1	0	16	0	28	3062	0	1	0
4604	1	0	20	0	28	3062	0	1	0
4604	1	0	14	0	24	2196	0	1	0
4605	1	0	16	0	28	4587	0	1	0
4605	1	0	5	0	26	3822	0	1	0
4606	1	0	11	0	28	3062	0	1	0
4606	1	0	16	0	28	3062	0	1	0
4606	1	0	9	0	26	2481	0	1	0
4607	1	0	8	0	26	7708	0	1	0
4608	1	0	1	0	26	7708	0	1	0
4609	1	0	16	0	28	4587	0	1	0
4609	1	0	9	0	26	3822	0	1	0
4610	1	0	16	0	28	9422	0	1	0
4611	1	0	15	0	26	7708	0	1	0
4616	1	0	16	0	28	9422	0	1	0
4618	1	0	15	0	26	7708	0	1	0
4622	1	0	16	0	28	9422	0	1	0
4623	1	0	9	0	26	7708	0	1	0
4625	1	0	11	0	28	9422	0	1	0
4626	1	0	8	0	26	7708	0	1	0
4627	1	0	12	0	24	6882	0	1	0
4629	1	0	16	0	28	4587	0	1	0
4629	1	0	9	0	26	3822	0	1	0
4630	1	0	20	0	28	4587	0	1	0
4630	1	0	9	0	26	3822	0	1	0
4631	1	0	5	0	26	7708	0	1	0
4632	1	0	11	0	28	9422	0	1	0
4633	1	0	9	0	26	3822	0	1	0
4633	1	0	8	0	26	3822	0	1	0
4634	1	0	12	0	24	6882	0	1	0
4636	1	0	16	0	28	9422	0	1	0
4637	1	0	15	0	26	7708	0	1	0
4640	1	0	4	0	28	9422	0	1	0
4641	1	0	14	0	24	6882	0	1	0
4643	1	0	11	0	28	4587	0	1	0
4643	1	0	16	0	28	4587	0	1	0
4645	1	0	1	0	26	7708	0	1	0
4647	1	0	16	0	28	9422	0	1	0
4648	1	0	8	0	26	7708	0	1	0
4649	1	0	12	0	24	6882	0	1	0
4650	1	0	16	0	28	4587	0	1	0
4650	1	0	9	0	26	3822	0	1	0
4651	1	0	19	0	28	9422	0	1	0
4652	1	0	9	0	26	7708	0	1	0
4654	1	0	20	0	28	9422	0	1	0
4657	1	0	5	0	26	7708	0	1	0
4663	1	0	16	0	28	9422	0	1	0
4664	1	0	15	0	26	3822	0	1	0
4664	1	0	9	0	26	3822	0	1	0
4668	1	0	11	0	28	9422	0	1	0
4669	1	0	8	0	26	7708	0	1	0
4670	1	0	12	0	24	6882	0	1	0
4671	1	0	15	0	26	7708	0	1	0
4672	1	0	9	0	26	7708	0	1	0
4673	1	0	20	0	28	9422	0	1	0
4674	1	0	9	0	26	7708	0	1	0
4675	1	0	11	0	28	9422	0	1	0
4676	1	0	1	0	26	3822	0	1	0
4676	1	0	8	0	26	3822	0	1	0
4677	1	0	4	0	28	4587	0	1	0
4677	1	0	9	0	26	3822	0	1	0
4678	1	0	14	0	24	6882	0	1	0
4682	1	0	19	0	28	9422	0	1	0
4684	1	0	5	0	26	7708	0	1	0
4686	1	0	8	0	26	7708	0	1	0
4687	1	0	12	0	24	6882	0	1	0
4688	1	0	15	0	26	7708	0	1	0
4691	1	0	9	0	26	7708	0	1	0
4695	1	0	11	0	28	9422	0	1	0
4696	1	0	19	0	28	9422	0	1	0
4698	1	0	12	0	24	6882	0	1	0
4700	1	0	16	0	28	9422	0	1	0
4702	1	0	20	0	28	9422	0	1	0
4703	1	0	5	0	26	7708	0	1	0
4705	1	0	9	0	26	3822	0	1	0
4705	1	0	8	0	26	3822	0	1	0
4707	1	0	15	0	26	7708	0	1	0
4708	1	0	20	0	28	9422	0	1	0
4709	1	0	9	0	26	7708	0	1	0
4710	1	0	5	0	26	7708	0	1	0
4712	1	0	8	0	26	7708	0	1	0
4713	1	0	1	0	26	7708	0	1	0
4714	1	0	4	0	28	9422	0	1	0
4715	1	0	14	0	24	6882	0	1	0
4716	1	0	12	0	24	6882	0	1	0
4721	1	0	11	0	28	9422	0	1	0
4723	1	0	12	0	24	6882	0	1	0
4725	1	0	20	0	28	9422	0	1	0
4726	1	0	5	0	26	7708	0	1	0
4727	1	0	11	0	28	9422	0	1	0
4728	1	0	9	0	26	7708	0	1	0
4731	1	0	8	0	26	7708	0	1	0
4733	1	0	15	0	26	3822	0	1	0
4733	1	0	9	0	26	3822	0	1	0
4737	1	0	8	0	26	7708	0	1	0
4739	1	0	12	0	24	6882	0	1	0
4740	1	0	15	0	26	7708	0	1	0
4742	1	0	9	0	26	7708	0	1	0
4744	1	0	1	0	26	3822	0	1	0
4744	1	0	11	0	28	4587	0	1	0
4746	1	0	12	0	24	6882	0	1	0
4748	1	0	19	0	28	9422	0	1	0
4749	1	0	16	0	28	9422	0	1	0
4750	1	0	16	0	28	4587	0	1	0
4750	1	0	4	0	28	4587	0	1	0
4751	1	0	20	0	28	9422	0	1	0
4752	1	0	14	0	24	3422	0	1	0
4752	1	0	9	0	26	3822	0	1	0
4753	1	0	16	0	28	9422	0	1	0
4755	1	0	5	0	26	7708	0	1	0
4758	1	0	8	0	26	7708	0	1	0
4760	1	0	12	0	24	6882	0	1	0
4761	1	0	15	0	26	7708	0	1	0
4764	1	0	11	0	28	4587	0	1	0
4764	1	0	9	0	26	3822	0	1	0
4770	1	0	16	0	28	9422	0	1	0
4771	1	0	16	0	28	9422	0	1	0
4773	1	0	9	0	26	7708	0	1	0
4774	1	0	20	0	28	9422	0	1	0
4775	1	0	5	0	26	7708	0	1	0
4777	1	0	16	0	28	9422	0	1	0
4778	1	0	8	0	26	7708	0	1	0
4780	1	0	12	0	24	6882	0	1	0
4781	1	0	15	0	26	7708	0	1	0
4784	1	0	11	0	28	9422	0	1	0
4785	1	0	8	0	26	7708	0	1	0
4786	1	0	12	0	24	3422	0	1	0
4786	1	0	4	0	28	4587	0	1	0
4787	1	0	15	0	26	3822	0	1	0
4787	1	0	4	0	28	4587	0	1	0
4788	1	0	4	0	28	4587	0	1	0
4788	1	0	9	0	26	3822	0	1	0
4789	1	0	14	0	24	6882	0	1	0
4796	1	0	20	0	28	9422	0	1	0
4797	1	0	5	0	26	7708	0	1	0
4799	1	0	9	0	26	7708	0	1	0
4800	1	0	9	0	26	3822	0	1	0
4800	1	0	8	0	26	3822	0	1	0
4802	1	0	9	0	26	7708	0	1	0
4803	1	0	12	0	24	6882	0	1	0
4805	1	0	15	0	26	7708	0	1	0
4807	1	0	19	0	28	9422	0	1	0
4809	1	0	11	0	28	9422	0	1	0
4812	1	0	1	0	26	7708	0	1	0
4814	1	0	20	0	28	4587	0	1	0
4814	1	0	9	0	26	3822	0	1	0
4815	1	0	5	0	26	3822	0	1	0
4815	1	0	4	0	28	4587	0	1	0
4816	1	0	16	0	28	9422	0	1	0
4817	1	0	4	0	28	9422	0	1	0
4818	1	0	9	0	26	7708	0	1	0
4819	1	0	8	0	26	7708	0	1	0
4820	1	0	16	0	28	9422	0	1	0
4821	1	0	12	0	24	6882	0	1	0
4822	1	0	4	0	28	9422	0	1	0
4824	1	0	4	0	28	9422	0	1	0
4826	1	0	14	0	24	6882	0	1	0
4828	1	0	9	0	26	7708	0	1	0
4830	1	0	21	0	28	9422	0	1	0
4831	1	0	11	0	28	9422	0	1	0
4836	1	0	19	0	28	9422	0	1	0
4837	1	0	15	0	26	3822	0	1	0
4837	1	0	21	0	28	4587	0	1	0
4838	1	0	20	0	28	9422	0	1	0
4839	1	0	5	0	26	7708	0	1	0
4841	1	0	9	0	26	7708	0	1	0
4842	1	0	8	0	26	7708	0	1	0
4843	1	0	12	0	24	6882	0	1	0
4844	1	0	15	0	26	3822	0	1	0
4844	1	0	21	0	28	4587	0	1	0
4845	1	0	4	0	28	9422	0	1	0
4846	1	0	1	0	26	7708	0	1	0
4849	1	0	1	0	26	7708	0	1	0
4850	1	0	21	0	28	4587	0	1	0
4850	1	0	11	0	28	4587	0	1	0
4853	1	0	16	0	28	9422	0	1	0
4854	1	0	4	0	28	9422	0	1	0
4855	1	0	4	0	28	4587	0	1	0
4855	1	0	9	0	26	3822	0	1	0
4856	1	0	4	0	28	9422	0	1	0
4857	1	0	15	0	26	3822	0	1	0
4857	1	0	21	0	28	4587	0	1	0
4858	1	0	20	0	28	9422	0	1	0
4860	1	0	5	0	26	7708	0	1	0
4862	1	0	8	0	26	7708	0	1	0
4864	1	0	21	0	28	4587	0	1	0
4864	1	0	12	0	24	3422	0	1	0
4867	1	0	21	0	28	9422	0	1	0
4869	1	0	9	0	26	7708	0	1	0
4871	1	0	21	0	28	4587	0	1	0
4871	1	0	11	0	28	4587	0	1	0
4876	1	0	15	0	26	7708	0	1	0
4877	1	0	20	0	28	9422	0	1	0
4878	1	0	21	0	28	4587	0	1	0
4878	1	0	5	0	26	3822	0	1	0
4880	1	0	8	0	26	7708	0	1	0
4882	1	0	12	0	24	3422	0	1	0
4882	1	0	9	0	26	3822	0	1	0
4883	1	0	15	0	26	3822	0	1	0
4883	1	0	4	0	28	4587	0	1	0
4885	1	0	21	0	28	3062	0	1	0
4885	1	0	1	0	26	2481	0	1	0
4885	1	0	4	0	28	3062	0	1	0
4889	1	0	11	0	28	9422	0	1	0
4890	1	0	4	0	28	9422	0	1	0
4891	1	0	21	0	28	4587	0	1	0
4891	1	0	4	0	28	4587	0	1	0
4892	1	0	4	0	28	9422	0	1	0
4893	1	0	4	0	28	9422	0	1	0
4895	1	0	15	0	26	7708	0	1	0
4896	1	0	20	0	28	4587	0	1	0
4896	1	0	9	0	26	3822	0	1	0
4898	1	0	21	0	28	4587	0	1	0
4898	1	0	5	0	26	3822	0	1	0
4903	1	0	8	0	26	7708	0	1	0
4904	1	0	12	0	24	6882	0	1	0
4905	1	0	21	0	28	9422	0	1	0
4906	1	0	9	0	26	7708	0	1	0
4910	1	0	9	0	26	7708	0	1	0
4911	1	0	21	0	28	1031	0	1	0
4911	1	0	6	0	28	1031	0	1	0
4911	1	0	17	0	28	1031	0	1	0
4911	1	0	1	0	26	839	0	1	0
4911	1	0	3	0	24	749	0	1	0
4911	1	0	18	0	28	1031	0	1	0
4911	1	0	2	0	24	749	0	1	0
4911	1	0	14	0	24	749	0	1	0
4911	1	0	9	0	26	839	0	1	0
4912	1	0	11	0	28	4587	0	1	0
4912	1	0	9	0	26	3822	0	1	0
4917	1	0	15	0	26	7708	0	1	0
4918	1	0	20	0	28	9422	0	1	0
4920	1	0	5	0	26	7708	0	1	0
4922	1	0	1	0	26	7708	0	1	0
4923	1	0	16	0	28	9422	0	1	0
4924	1	0	4	0	28	9422	0	1	0
4925	1	0	16	0	28	9422	0	1	0
4931	1	0	21	0	28	4587	0	1	0
4931	1	0	9	0	26	3822	0	1	0
4933	1	0	21	0	28	4587	0	1	0
4933	1	0	4	0	28	4587	0	1	0
4934	1	0	4	0	28	4587	0	1	0
4934	1	0	9	0	26	3822	0	1	0
4935	1	0	4	0	28	4587	0	1	0
4935	1	0	8	0	26	3822	0	1	0
4936	1	0	12	0	24	6882	0	1	0
4938	1	0	15	0	26	7708	0	1	0
4939	1	0	13	0	24	6882	0	1	0
4940	1	0	19	0	28	9422	0	1	0
4943	1	0	5	0	26	3822	0	1	0
4943	1	0	4	0	28	4587	0	1	0
4944	1	0	11	0	28	4587	0	1	0
4944	1	0	4	0	28	4587	0	1	0
4947	1	0	21	0	28	9422	0	1	0
4948	1	0	3	0	24	3422	0	1	0
4948	1	0	14	0	24	3422	0	1	0
4950	1	0	9	0	26	7708	0	1	0
4953	1	0	8	0	26	7708	0	1	0
4954	1	0	16	0	28	9422	0	1	0
4955	1	0	12	0	24	6882	0	1	0
4956	1	0	15	0	26	7708	0	1	0
4957	1	0	21	0	28	9422	0	1	0
4961	1	0	4	0	28	9422	0	1	0
4967	1	0	5	0	26	7708	0	1	0
4968	1	0	11	0	28	9422	0	1	0
4970	1	0	4	0	28	9422	0	1	0
4974	1	0	5	0	26	7708	0	1	0
4975	1	0	11	0	28	9422	0	1	0
4977	1	0	8	0	26	7708	0	1	0
4978	1	0	9	0	26	3822	0	1	0
4978	1	0	19	0	28	4587	0	1	0
4979	1	0	12	0	24	6882	0	1	0
4980	1	0	4	0	28	4587	0	1	0
4980	1	0	9	0	26	3822	0	1	0
4981	1	0	15	0	26	3822	0	1	0
4981	1	0	4	0	28	4587	0	1	0
4982	1	0	20	0	28	9422	0	1	0
4983	1	0	20	0	28	9422	0	1	0
4984	1	0	20	0	28	9422	0	1	0
4985	1	0	20	0	28	9422	0	1	0
4986	1	0	20	0	28	9422	0	1	0
4987	1	0	11	0	28	9422	0	1	0
4992	1	0	20	0	28	9422	0	1	0
4994	1	0	11	0	28	9422	0	1	0
4995	1	0	8	0	26	7708	0	1	0
4998	1	0	4	0	28	9422	0	1	0
5000	1	0	8	0	26	7708	0	1	0
5001	1	0	12	0	24	6882	0	1	0
5002	1	0	15	0	26	7708	0	1	0
