timestamp,ueImsiComplete,numActiveUes,RRC.ConnMean,DRB.EstabSucc.5QI.UEID (numDrb),DRB.RelActNbr.5QI.UEID (0),L3 serving Id(m_cellId),UE (imsi),L3 serving SINR,L3 serving SINR 3gpp,L3 neigh Id 1 (cellId),L3 neigh SINR 1,L3 neigh SINR 3gpp 1 (convertedSinr),L3 neigh Id 2 (cellId),L3 neigh SINR 2,L3 neigh SINR 3gpp 2 (convertedSinr),L3 neigh Id 3 (cellId),L3 neigh SINR 3,L3 neigh SINR 3gpp 3 (convertedSinr),L3 neigh Id 4 (cellId),L3 neigh SINR 4,L3 neigh SINR 3gpp 4 (convertedSinr),L3 neigh Id 5 (cellId),L3 neigh SINR 5,L3 neigh SINR 3gpp 5 (convertedSinr),L3 neigh Id 6 (cellId),L3 neigh SINR 6,L3 neigh SINR 3gpp 6 (convertedSinr),L3 neigh Id 7 (cellId),L3 neigh SINR 7,L3 neigh SINR 3gpp 7 (convertedSinr),L3 neigh Id 8 (cellId),L3 neigh SINR 8,L3 neigh SINR 3gpp 8 (convertedSinr)
100,00001,2,1,0,0,3,1,21.880428,90.000000,2,7.436635,61.000000,4,6.760496,60.000000,7,-5.393093,35.000000,8,-6.765530,33.000000,5,-13.041841,20.000000,6,-21.929460,2.000000,,,,,,
100,00002,2,1,0,0,3,2,11.463155,69.000000,8,9.432759,65.000000,2,5.180980,57.000000,5,-0.098233,46.000000,7,-1.582354,43.000000,4,-9.318679,28.000000,6,-19.961422,6.000000,,,,,,
200,00001,3,3,0,0,3,1,25.122368,97.000000,2,7.556048,62.000000,4,0.709573,48.000000,8,-8.713190,29.000000,7,-12.356851,21.000000,5,-13.701611,19.000000,6,-22.299236,1.000000,,,,,,
200,00002,3,3,0,0,3,2,15.397863,77.000000,8,10.189884,67.000000,2,5.119628,57.000000,5,0.712979,48.000000,7,-4.853722,37.000000,4,-8.846389,29.000000,6,-15.907286,14.000000,,,,,,
200,00009,3,3,0,0,3,9,6.627368,60.000000,8,23.498398,94.000000,7,1.648065,50.000000,2,1.272159,49.000000,5,-3.106495,40.000000,6,-5.130041,36.000000,4,-5.421002,35.000000,,,,,,
300,00004,3,3,0,0,3,4,-11.801037,23.000000,2,20.639687,88.000000,8,10.135173,67.000000,7,7.467123,61.000000,6,-2.887249,41.000000,4,-8.055213,30.000000,5,-9.693189,27.000000,,,,,,
300,00011,3,3,0,0,3,11,-7.270171,32.000000,2,4.443804,55.000000,7,0.720165,48.000000,8,0.583919,48.000000,6,-2.352364,42.000000,5,-5.716876,35.000000,4,-17.800012,10.000000,,,,,,
300,00013,3,3,0,0,3,13,6.637912,60.000000,8,8.595625,64.000000,2,2.520404,51.000000,4,-2.701973,41.000000,5,-8.709955,29.000000,7,-10.477023,25.000000,6,-13.771215,19.000000,,,,,,
500,00008,2,2,0,0,3,8,4.511541,55.000000,4,8.295920,63.000000,2,5.876801,58.000000,5,-0.248429,46.000000,8,-10.559427,25.000000,6,-11.952732,22.000000,7,-27.502898,0.000000,,,,,,
500,00012,2,2,0,0,3,12,3.061576,53.000000,4,13.313260,73.000000,8,6.586229,60.000000,2,3.318538,53.000000,5,-8.838780,29.000000,7,-9.199069,28.000000,6,-12.258881,22.000000,,,,,,
600,00012,2,2,0,0,3,12,1.636985,50.000000,4,11.177107,69.000000,8,7.942113,62.000000,2,1.251642,49.000000,5,-6.392461,33.000000,6,-10.524383,25.000000,7,-12.353187,21.000000,,,,,,
600,00011,2,2,0,0,3,11,0.594941,48.000000,7,5.217873,57.000000,6,3.802332,54.000000,2,0.692494,48.000000,5,-5.087265,36.000000,8,-7.721551,31.000000,4,-8.181541,30.000000,,,,,,
800,00002,3,3,0,0,3,2,8.054619,63.000000,8,19.209349,85.000000,2,6.927766,60.000000,5,-2.158791,42.000000,7,-3.642249,39.000000,4,-12.999511,20.000000,6,-13.367216,19.000000,,,,,,
800,00009,3,3,0,0,3,9,7.592396,62.000000,8,18.844186,84.000000,2,5.120594,57.000000,7,1.521150,49.000000,5,-2.864888,41.000000,6,-4.317470,38.000000,4,-8.833293,29.000000,,,,,,
800,00011,3,3,0,0,3,11,-0.115065,46.000000,7,8.926621,64.000000,6,-0.518180,45.000000,5,-5.975714,34.000000,8,-6.839349,33.000000,2,-7.005190,32.000000,4,-15.956301,14.000000,,,,,,
900,00002,3,3,0,0,3,2,10.242461,67.000000,8,21.654317,90.000000,2,6.619451,60.000000,5,-2.214853,42.000000,7,-5.436201,35.000000,6,-12.332342,22.000000,4,-14.844469,16.000000,,,,,,
900,00008,3,3,0,0,3,8,3.901857,54.000000,4,9.566445,66.000000,5,0.966918,48.000000,8,0.636531,48.000000,2,-3.919010,38.000000,6,-11.687781,23.000000,7,-28.061180,0.000000,,,,,,
900,00012,3,3,0,0,3,12,3.912415,54.000000,8,5.189495,57.000000,2,2.394605,51.000000,6,-4.387078,38.000000,5,-6.257292,34.000000,4,-8.610019,29.000000,7,-13.089423,20.000000,,,,,,
1000,00002,2,2,0,0,3,2,13.145946,73.000000,8,26.267309,99.000000,2,6.511433,59.000000,5,-3.739572,39.000000,7,-4.516780,37.000000,6,-7.124875,32.000000,4,-16.232868,14.000000,,,,,,
1000,00010,2,2,0,0,3,10,-2.393820,42.000000,6,22.795500,92.000000,7,7.755318,62.000000,5,6.783500,60.000000,8,0.239293,47.000000,2,-2.488882,41.000000,4,-13.574436,19.000000,,,,,,
1100,00001,7,7,0,0,3,1,11.488350,70.000000,2,11.838172,70.000000,4,4.567167,56.000000,8,-8.017686,30.000000,7,-9.808777,27.000000,5,-16.918802,12.000000,6,-18.470433,9.000000,,,,,,
1100,00004,7,7,0,0,3,4,-10.671604,25.000000,2,9.503616,66.000000,7,3.215519,53.000000,8,1.127883,49.000000,5,-2.384594,42.000000,4,-7.982090,30.000000,6,-9.018654,28.000000,,,,,,
1100,00007,7,7,0,0,3,7,-10.817529,25.000000,5,15.088852,77.000000,6,8.696528,64.000000,2,3.003794,52.000000,7,-2.535855,41.000000,4,-3.574339,39.000000,8,-19.131230,8.000000,,,,,,
1100,00006,7,7,0,0,3,6,3.679467,54.000000,2,26.949590,101.000000,8,9.920740,66.000000,4,7.211737,61.000000,7,4.799038,56.000000,6,-12.821915,21.000000,5,-16.944259,12.000000,,,,,,
1100,00013,7,7,0,0,3,13,2.851742,52.000000,4,6.453070,59.000000,2,6.432835,59.000000,8,5.399042,57.000000,7,-7.911084,30.000000,6,-9.958689,26.000000,5,-12.676079,21.000000,,,,,,
1100,00008,7,7,0,0,3,8,-0.726547,45.000000,4,7.157621,61.000000,2,1.299175,49.000000,5,-0.553074,45.000000,8,-2.269112,42.000000,6,-12.834223,20.000000,7,-30.702244,0.000000,,,,,,
1100,00011,7,7,0,0,3,11,1.553050,49.000000,7,7.713556,62.000000,5,-1.205292,44.000000,6,-3.079377,40.000000,4,-5.953818,34.000000,2,-6.596807,33.000000,8,-10.366227,25.000000,,,,,,
1200,00006,2,2,0,0,3,6,5.179717,57.000000,2,24.070123,95.000000,8,12.156198,71.000000,4,7.215055,61.000000,7,0.989078,48.000000,6,-12.988675,20.000000,5,-16.964927,12.000000,,,,,,
1200,00008,2,2,0,0,3,8,0.934880,48.000000,4,6.562242,60.000000,5,-0.141837,46.000000,2,-1.335937,44.000000,8,-6.233812,34.000000,6,-15.026326,16.000000,7,-32.975341,0.000000,,,,,,
1300,00006,3,3,0,0,3,6,3.707019,54.000000,2,27.393495,102.000000,8,13.304877,73.000000,4,10.481504,67.000000,7,1.087165,49.000000,6,-11.012933,24.000000,5,-12.264439,22.000000,,,,,,
1300,00008,3,3,0,0,3,8,2.687859,52.000000,4,5.967811,58.000000,2,0.268165,47.000000,5,0.169776,47.000000,8,-0.751904,45.000000,6,-11.676936,23.000000,7,-30.299693,0.000000,,,,,,
1300,00012,3,3,0,0,3,12,-4.624658,37.000000,2,8.833303,64.000000,8,4.575542,56.000000,6,-5.423369,35.000000,4,-8.421806,29.000000,5,-9.117844,28.000000,7,-13.413527,19.000000,,,,,,
1400,00012,3,3,0,0,3,12,-6.203216,34.000000,2,9.951861,66.000000,8,3.255515,53.000000,5,-5.647686,35.000000,6,-6.502008,33.000000,4,-11.019265,24.000000,7,-11.824249,23.000000,,,,,,
1400,00001,3,3,0,0,3,1,15.006194,77.000000,2,18.692771,84.000000,4,1.502114,49.000000,8,-2.173557,42.000000,7,-13.901714,18.000000,6,-18.131254,10.000000,5,-20.474593,5.000000,,,,,,
1400,00002,3,3,0,0,3,2,6.486485,59.000000,8,23.491841,94.000000,5,4.361601,55.000000,2,0.443730,47.000000,7,-4.541550,37.000000,6,-12.740934,21.000000,4,-20.122659,6.000000,,,,,,
1500,00012,4,4,0,0,3,12,-1.164473,44.000000,2,8.678012,64.000000,8,3.597321,54.000000,6,-4.338955,38.000000,5,-6.524103,33.000000,4,-9.307126,28.000000,7,-16.019774,14.000000,,,,,,
1500,00002,4,4,0,0,3,2,6.262538,59.000000,8,20.701689,88.000000,2,2.660638,52.000000,5,0.208623,47.000000,7,-5.707205,35.000000,6,-11.286831,24.000000,4,-21.445741,3.000000,,,,,,
1500,00003,4,4,0,0,3,3,11.548551,70.000000,6,15.803244,78.000000,5,13.963376,75.000000,2,4.984033,56.000000,4,1.219314,49.000000,8,-0.130513,46.000000,7,-4.997896,36.000000,,,,,,
1500,00006,4,4,0,0,3,6,4.645462,56.000000,2,27.376650,102.000000,8,13.294333,73.000000,4,6.557183,60.000000,7,-4.746803,37.000000,5,-11.246187,24.000000,6,-11.971813,22.000000,,,,,,
1600,00002,5,5,0,0,3,2,10.274063,67.000000,8,19.831338,86.000000,2,2.952553,52.000000,5,2.817774,52.000000,7,-8.205299,30.000000,6,-12.015080,22.000000,4,-22.935440,0.000000,,,,,,
1600,00006,5,5,0,0,3,6,-0.094515,46.000000,2,27.452501,102.000000,8,13.992248,75.000000,4,10.675488,68.000000,7,-7.861582,31.000000,6,-11.189413,24.000000,5,-14.625543,17.000000,,,,,,
1600,00001,5,5,0,0,3,1,18.462819,84.000000,2,16.914154,80.000000,4,1.817328,50.000000,8,-2.516330,41.000000,7,-10.334015,26.000000,5,-18.201939,10.000000,6,-20.700465,5.000000,,,,,,
1600,00004,5,5,0,0,3,4,-8.654861,29.000000,7,6.142369,59.000000,2,4.108931,55.000000,8,1.331682,49.000000,5,0.721148,48.000000,4,-4.475305,37.000000,6,-12.251851,22.000000,,,,,,
1600,00009,5,5,0,0,3,9,6.394923,59.000000,8,32.285255,111.000000,2,6.642624,60.000000,7,0.428008,47.000000,6,-3.099166,40.000000,5,-3.497539,39.000000,4,-16.797532,13.000000,,,,,,
1700,00004,5,5,0,0,3,4,-5.891514,34.000000,7,9.958429,66.000000,2,4.590638,56.000000,5,-0.579670,45.000000,8,-2.868389,41.000000,4,-5.454195,35.000000,6,-6.629639,33.000000,,,,,,
1700,00009,5,5,0,0,3,9,0.649309,48.000000,8,28.719813,104.000000,2,10.430904,67.000000,7,0.075517,47.000000,6,-1.603974,43.000000,5,-5.738831,35.000000,4,-11.298701,24.000000,,,,,,
1700,00005,5,5,0,0,3,5,-28.383682,0.000000,5,26.900696,101.000000,7,-4.729881,37.000000,2,-4.773306,37.000000,4,-13.689208,19.000000,8,-17.400934,11.000000,6,-17.579463,11.000000,,,,,,
1700,00007,5,5,0,0,3,7,-11.621532,23.000000,6,9.900956,66.000000,2,7.014720,61.000000,5,3.235749,53.000000,7,-9.863093,26.000000,4,-15.056902,16.000000,8,-30.444347,0.000000,,,,,,
1700,00011,5,5,0,0,3,11,7.687853,62.000000,7,20.704775,88.000000,8,-0.357473,46.000000,4,-1.982814,42.000000,2,-2.473570,41.000000,6,-3.713374,39.000000,5,-5.143985,36.000000,,,,,,
1800,00009,3,3,0,0,3,9,2.275501,51.000000,8,30.397048,108.000000,2,11.215195,69.000000,7,1.244438,49.000000,6,-3.140575,40.000000,5,-5.051189,36.000000,4,-9.203005,28.000000,,,,,,
1800,00007,3,3,0,0,3,7,-13.994445,18.000000,2,8.705299,64.000000,6,7.439904,61.000000,5,5.460547,57.000000,7,-8.536740,29.000000,4,-15.082782,16.000000,8,-22.786714,0.000000,,,,,,
1800,00011,3,3,0,0,3,11,6.858214,60.000000,7,20.130611,87.000000,6,10.197337,67.000000,8,-0.586365,45.000000,4,-3.034596,40.000000,2,-8.255213,30.000000,5,-9.629830,27.000000,,,,,,
1900,00011,3,3,0,0,3,11,3.426392,53.000000,7,18.160103,83.000000,6,15.490632,78.000000,8,5.572223,58.000000,4,-0.629313,45.000000,2,-6.111117,34.000000,5,-9.458742,27.000000,,,,,,
1900,00002,3,3,0,0,3,2,7.280283,61.000000,8,19.980669,87.000000,5,5.108039,57.000000,2,4.444914,55.000000,6,-5.479744,35.000000,7,-13.357358,19.000000,4,-18.820881,8.000000,,,,,,
1900,00008,3,3,0,0,3,8,0.314965,47.000000,4,5.842002,58.000000,5,4.319279,55.000000,2,2.462951,51.000000,8,-0.620496,45.000000,6,-7.942982,30.000000,7,-36.912570,0.000000,,,,,,
2000,00002,3,3,0,0,3,2,9.666136,66.000000,8,19.989920,87.000000,5,4.144635,55.000000,2,0.905304,48.000000,7,-7.041257,32.000000,6,-8.041113,30.000000,4,-20.010120,6.000000,,,,,,
2000,00012,3,3,0,0,3,12,1.818766,50.000000,2,4.992137,56.000000,8,-1.195300,44.000000,6,-8.957834,28.000000,5,-8.997973,28.000000,4,-10.975038,24.000000,7,-14.137895,18.000000,,,,,,
2000,00009,3,3,0,0,3,9,3.820230,54.000000,8,25.921443,99.000000,2,7.671776,62.000000,7,3.501612,53.000000,5,-1.535118,43.000000,6,-3.582088,39.000000,4,-7.106667,32.000000,,,,,,
2100,00002,2,2,0,0,3,2,8.047331,63.000000,8,22.791367,92.000000,2,3.447457,53.000000,5,2.986389,52.000000,7,-7.512012,31.000000,6,-11.735202,23.000000,4,-17.465470,11.000000,,,,,,
2100,00003,2,2,0,0,3,3,7.059055,61.000000,2,8.684553,64.000000,6,5.024048,56.000000,4,3.375307,53.000000,5,-2.140067,42.000000,7,-2.808934,41.000000,8,-8.226320,30.000000,,,,,,
2200,00008,2,2,0,0,3,8,-2.628207,41.000000,4,6.065104,59.000000,5,-0.030557,46.000000,2,-0.341361,46.000000,8,-2.372585,42.000000,6,-9.155386,28.000000,7,-31.809280,0.000000,,,,,,
2200,00014,2,2,0,0,3,14,-20.475046,5.000000,5,25.871688,99.000000,7,2.254580,51.000000,6,-0.519378,45.000000,2,-10.092306,26.000000,4,-16.453781,13.000000,8,-27.296326,0.000000,,,,,,
2300,00008,3,3,0,0,3,8,-1.421815,43.000000,4,9.043689,65.000000,2,6.756679,60.000000,8,-7.418243,31.000000,5,-13.467392,19.000000,6,-13.987900,18.000000,7,-29.967954,0.000000,,,,,,
2300,00001,3,3,0,0,3,1,16.826359,80.000000,2,10.400156,67.000000,4,-3.211750,40.000000,8,-3.579127,39.000000,7,-17.438619,11.000000,6,-20.239983,6.000000,5,-21.881861,2.000000,,,,,,
2300,00011,3,3,0,0,3,11,2.469402,51.000000,6,19.060509,85.000000,7,18.494239,84.000000,8,-1.144281,44.000000,4,-2.844680,41.000000,2,-6.175035,34.000000,5,-14.010263,18.000000,,,,,,
2400,00002,2,2,0,0,3,2,4.548898,56.000000,8,24.596259,96.000000,2,11.480726,70.000000,5,5.523195,57.000000,6,-7.766850,31.000000,7,-8.096316,30.000000,4,-10.058403,26.000000,,,,,,
2400,00009,2,2,0,0,3,9,7.217907,61.000000,8,33.892811,115.000000,2,4.594276,56.000000,7,0.767501,48.000000,6,-5.381671,36.000000,4,-6.548317,33.000000,5,-7.123303,32.000000,,,,,,
2500,00009,1,1,0,0,3,9,7.947773,62.000000,8,33.400370,114.000000,2,9.489669,65.000000,7,0.438037,47.000000,6,-3.160717,40.000000,5,-9.626148,27.000000,4,-10.189882,26.000000,,,,,,
2800,00001,5,5,0,0,3,1,29.099326,105.000000,8,13.916169,74.000000,2,10.845778,68.000000,4,5.829044,58.000000,6,-14.907576,16.000000,7,-15.928112,14.000000,5,-20.866370,4.000000,,,,,,
2800,00002,5,5,0,0,3,2,6.359185,59.000000,8,24.514635,96.000000,5,10.353492,67.000000,2,7.571294,62.000000,7,-6.661861,33.000000,4,-11.101246,24.000000,6,-11.694828,23.000000,,,,,,
2800,00014,5,5,0,0,3,14,-13.829906,18.000000,5,32.068643,111.000000,6,1.057445,48.000000,7,-3.355886,40.000000,4,-10.862361,24.000000,2,-12.495812,21.000000,8,-26.103779,0.000000,,,,,,
2800,00011,5,5,0,0,3,11,10.575948,68.000000,7,17.902545,82.000000,6,9.392001,65.000000,8,8.032713,63.000000,4,-3.402775,40.000000,2,-7.283650,32.000000,5,-9.925108,26.000000,,,,,,
2800,00012,5,5,0,0,3,12,0.551085,47.000000,2,12.146864,71.000000,8,6.936880,60.000000,4,5.511629,57.000000,5,-7.428764,31.000000,7,-13.451588,19.000000,6,-13.594213,19.000000,,,,,,
2900,00001,3,3,0,0,3,1,26.730115,100.000000,8,18.357233,83.000000,2,11.356522,69.000000,4,3.459712,53.000000,6,-12.934303,20.000000,7,-19.858355,6.000000,5,-24.015344,0.000000,,,,,,
2900,00008,3,3,0,0,3,8,-4.133864,38.000000,2,6.338331,59.000000,4,5.133767,57.000000,8,-1.555859,43.000000,6,-10.833892,25.000000,5,-19.787354,6.000000,7,-36.729037,0.000000,,,,,,
2900,00010,3,3,0,0,3,10,-6.191843,34.000000,7,8.483941,63.000000,6,3.256837,53.000000,8,3.020855,52.000000,5,1.148706,49.000000,2,-5.540329,35.000000,4,-22.016955,2.000000,,,,,,
3000,00008,3,3,0,0,3,8,-7.019036,32.000000,2,10.842068,68.000000,4,4.142061,55.000000,6,-11.303068,24.000000,8,-14.529192,17.000000,5,-16.300553,14.000000,7,-39.460376,0.000000,,,,,,
3000,00003,3,3,0,0,3,3,-16.222901,14.000000,2,10.408207,67.000000,8,4.956043,56.000000,6,1.815212,50.000000,4,-2.574390,41.000000,5,-5.589194,35.000000,7,-7.912625,30.000000,,,,,,
3000,00004,3,3,0,0,3,4,-7.869352,31.000000,7,20.519254,88.000000,8,4.781377,56.000000,2,4.141423,55.000000,5,2.268471,51.000000,6,-11.809664,23.000000,4,-19.172130,8.000000,,,,,,
3100,00004,4,4,0,0,3,4,-4.687518,37.000000,7,21.176496,89.000000,8,7.794110,62.000000,2,4.902961,56.000000,5,-0.059778,46.000000,6,-10.130165,26.000000,4,-22.202050,2.000000,,,,,,
3100,00001,4,4,0,0,3,1,29.659627,106.000000,8,19.331564,85.000000,2,7.410254,61.000000,4,2.095189,51.000000,6,-13.003328,20.000000,7,-13.334013,19.000000,5,-21.573167,3.000000,,,,,,
3100,00011,4,4,0,0,3,11,8.649987,64.000000,7,17.222129,81.000000,6,13.782420,74.000000,8,4.843352,56.000000,4,-3.310700,40.000000,5,-8.265160,30.000000,2,-10.194173,26.000000,,,,,,
3100,00012,4,4,0,0,3,12,3.857005,54.000000,4,6.702320,60.000000,2,6.472305,59.000000,8,3.889141,54.000000,5,-10.699876,25.000000,6,-16.113047,14.000000,7,-17.369072,11.000000,,,,,,
3200,00011,5,5,0,0,3,11,11.912471,70.000000,7,17.918092,82.000000,6,10.765022,68.000000,8,6.896224,60.000000,4,-3.077764,40.000000,5,-4.358995,38.000000,2,-11.757438,23.000000,,,,,,
3200,00012,5,5,0,0,3,12,0.605081,48.000000,2,6.545144,60.000000,8,5.738340,58.000000,4,4.490411,55.000000,5,-7.602610,31.000000,6,-12.045766,22.000000,7,-15.304492,16.000000,,,,,,
3200,00005,5,5,0,0,3,5,-23.230578,0.000000,5,30.168460,107.000000,2,-1.112506,44.000000,7,-1.517984,43.000000,4,-6.341843,34.000000,6,-7.230628,32.000000,8,-20.063182,6.000000,,,,,,
3200,00014,5,5,0,0,3,14,-18.196006,10.000000,5,20.647429,88.000000,7,5.073138,57.000000,6,-4.110671,38.000000,4,-7.946431,30.000000,2,-15.143051,16.000000,8,-22.335168,1.000000,,,,,,
3200,00013,5,5,0,0,3,13,11.800709,70.000000,2,11.591029,70.000000,8,1.875929,50.000000,4,1.201825,49.000000,5,-7.939722,30.000000,7,-10.016379,26.000000,6,-18.368252,9.000000,,,,,,
3300,00014,1,1,0,0,3,14,-13.892022,18.000000,5,21.132682,89.000000,7,9.538506,66.000000,4,-3.618890,39.000000,6,-6.209132,34.000000,2,-13.381908,19.000000,8,-20.033527,6.000000,,,,,,
3500,00010,2,2,0,0,3,10,-2.881921,41.000000,6,26.687946,100.000000,7,9.827316,66.000000,5,5.085530,57.000000,8,2.452447,51.000000,2,-7.034085,32.000000,4,-22.216098,2.000000,,,,,,
3500,00005,2,2,0,0,3,5,-24.108283,0.000000,5,26.260232,99.000000,7,-2.022366,42.000000,2,-2.079888,42.000000,4,-3.376467,40.000000,6,-8.219683,30.000000,8,-11.597203,23.000000,,,,,,
3600,00010,4,4,0,0,3,10,-5.726155,35.000000,6,26.549317,100.000000,2,14.101960,75.000000,7,11.397642,69.000000,5,4.219488,55.000000,8,1.968670,50.000000,4,-18.454965,9.000000,,,,,,
3600,00009,4,4,0,0,3,9,4.060655,55.000000,8,29.545433,106.000000,2,5.277237,57.000000,7,-3.095973,40.000000,4,-10.283997,26.000000,5,-12.186516,22.000000,6,-25.241024,0.000000,,,,,,
3600,00011,4,4,0,0,3,11,7.483474,61.000000,7,22.623715,92.000000,6,9.888699,66.000000,8,1.896695,50.000000,4,-9.567600,27.000000,5,-10.244721,26.000000,2,-19.290836,7.000000,,,,,,
3600,00013,4,4,0,0,3,13,13.377194,73.000000,2,7.383174,61.000000,4,6.976040,60.000000,8,-0.125880,46.000000,7,-10.815538,25.000000,5,-10.886672,24.000000,6,-11.597355,23.000000,,,,,,
3700,00008,2,2,0,0,3,8,-3.697544,39.000000,2,9.362886,65.000000,4,1.662672,50.000000,8,-8.694803,29.000000,6,-13.411340,19.000000,5,-20.642814,5.000000,7,-38.926773,0.000000,,,,,,
3700,00014,2,2,0,0,3,14,-20.564423,5.000000,5,25.677592,98.000000,7,-0.213030,46.000000,6,-3.199945,40.000000,4,-15.560127,15.000000,2,-17.461880,11.000000,8,-24.676441,0.000000,,,,,,
3800,00014,7,7,0,0,3,14,-15.427890,15.000000,5,21.355332,89.000000,7,6.118337,59.000000,6,-4.406329,37.000000,2,-16.189715,14.000000,4,-17.568862,11.000000,8,-27.418978,0.000000,,,,,,
3800,00001,7,7,0,0,3,1,32.551201,112.000000,8,12.733581,72.000000,2,2.584907,52.000000,4,-0.997450,44.000000,7,-10.077723,26.000000,5,-19.150338,8.000000,6,-19.896957,6.000000,,,,,,
3800,00002,7,7,0,0,3,2,-8.818248,29.000000,2,11.694637,70.000000,5,8.623790,64.000000,8,3.432448,53.000000,7,-0.274997,46.000000,4,-4.670012,37.000000,6,-11.564894,23.000000,,,,,,
3800,00003,7,7,0,0,3,3,-21.761515,2.000000,2,8.550954,64.000000,8,2.682639,52.000000,4,-0.646198,45.000000,6,-1.026804,44.000000,5,-4.289778,38.000000,7,-4.473391,37.000000,,,,,,
3800,00007,7,7,0,0,3,7,-32.782854,0.000000,2,9.222059,65.000000,6,4.410274,55.000000,4,3.713325,54.000000,5,-7.415583,31.000000,7,-10.430413,25.000000,8,-12.867266,20.000000,,,,,,
3800,00006,7,7,0,0,3,6,-0.954907,44.000000,2,10.574439,68.000000,7,5.937430,58.000000,8,5.587878,58.000000,4,-3.793219,39.000000,5,-5.360969,36.000000,6,-15.531233,15.000000,,,,,,
3800,00009,7,7,0,0,3,9,6.192209,59.000000,8,35.886464,119.000000,2,-2.172029,42.000000,7,-2.714303,41.000000,4,-6.436145,33.000000,5,-11.384249,23.000000,6,-17.542892,11.000000,,,,,,
3900,00003,4,4,0,0,3,3,-23.259886,0.000000,2,7.383569,61.000000,4,4.123529,55.000000,8,3.552874,54.000000,6,1.313710,49.000000,5,-5.624206,35.000000,7,-10.284006,26.000000,,,,,,
3900,00009,4,4,0,0,3,9,8.567599,64.000000,8,31.463960,110.000000,2,1.167214,49.000000,7,0.200460,47.000000,4,-8.885880,28.000000,5,-13.179136,20.000000,6,-18.113107,10.000000,,,,,,
3900,00005,4,4,0,0,3,5,-20.262185,6.000000,5,28.706515,104.000000,7,-1.506490,43.000000,2,-4.410690,37.000000,4,-5.446990,35.000000,6,-9.252192,28.000000,8,-13.529072,19.000000,,,,,,
3900,00010,4,4,0,0,3,10,-2.828036,41.000000,6,22.360999,91.000000,2,13.637863,74.000000,7,10.534539,68.000000,8,-1.000340,44.000000,5,-2.367316,42.000000,4,-15.299949,16.000000,,,,,,
4000,00003,3,3,0,0,3,3,-24.837050,0.000000,2,18.518198,84.000000,4,3.690480,54.000000,8,2.629542,52.000000,6,1.756395,50.000000,5,-1.955317,42.000000,7,-5.223081,36.000000,,,,,,
4000,00010,3,3,0,0,3,10,1.970850,50.000000,6,23.845482,94.000000,7,13.135831,73.000000,2,7.220470,61.000000,8,0.812503,48.000000,5,-3.942695,38.000000,4,-17.650248,11.000000,,,,,,
4000,00014,3,3,0,0,3,14,-21.161565,4.000000,5,17.121195,81.000000,7,4.921578,56.000000,6,-3.555901,39.000000,4,-13.847902,18.000000,2,-14.812322,17.000000,8,-20.669023,5.000000,,,,,,
4100,00010,4,4,0,0,3,10,-2.257186,42.000000,6,22.023418,91.000000,2,11.842288,70.000000,7,9.464255,65.000000,8,0.442146,47.000000,5,-1.483379,43.000000,4,-21.233848,4.000000,,,,,,
4100,00014,4,4,0,0,3,14,-15.850717,14.000000,5,16.839551,80.000000,7,11.595707,70.000000,2,-2.427127,41.000000,6,-3.940753,38.000000,4,-12.256671,22.000000,8,-21.059459,4.000000,,,,,,
4100,00012,4,4,0,0,3,12,39.050363,125.000000,2,10.254787,67.000000,4,-0.141056,46.000000,8,-0.951052,44.000000,5,-6.052614,34.000000,7,-10.504118,25.000000,6,-16.462598,13.000000,,,,,,
4100,00008,4,4,0,0,3,8,-2.228998,42.000000,2,5.780782,58.000000,4,5.035228,57.000000,8,-8.479722,29.000000,6,-14.250268,18.000000,5,-19.463206,7.000000,7,-40.309049,0.000000,,,,,,
4200,00014,3,3,0,0,3,14,-17.379206,11.000000,5,17.770860,82.000000,7,9.131604,65.000000,6,-2.519098,41.000000,2,-5.435093,35.000000,4,-16.427232,13.000000,8,-20.235648,6.000000,,,,,,
4200,00008,3,3,0,0,3,8,-1.687532,43.000000,2,10.458929,67.000000,4,6.959979,60.000000,8,-8.337966,30.000000,6,-13.374257,19.000000,5,-18.733835,9.000000,7,-36.895859,0.000000,,,,,,
4200,00011,3,3,0,0,3,11,-0.233710,46.000000,7,20.236377,87.000000,6,10.796219,68.000000,8,8.537641,64.000000,5,-10.457853,25.000000,4,-10.994977,24.000000,2,-11.574365,23.000000,,,,,,
4300,00008,5,5,0,0,3,8,-0.947592,44.000000,2,9.582437,66.000000,4,1.314524,49.000000,8,-7.629201,31.000000,6,-14.412298,17.000000,5,-22.057198,2.000000,7,-37.087500,0.000000,,,,,,
4300,00006,5,5,0,0,3,6,-2.761827,41.000000,2,17.043397,81.000000,7,6.193247,59.000000,8,4.103162,55.000000,5,-3.982044,38.000000,4,-4.236496,38.000000,6,-16.487107,13.000000,,,,,,
4300,00013,5,5,0,0,3,13,12.739611,72.000000,4,14.198009,75.000000,2,10.526936,68.000000,8,-1.319302,44.000000,5,-10.088799,26.000000,6,-11.176752,24.000000,7,-19.078165,8.000000,,,,,,
4300,00007,5,5,0,0,3,7,-35.042098,0.000000,6,12.954055,72.000000,4,4.094872,55.000000,2,2.750841,52.000000,7,0.886119,48.000000,8,-6.484477,33.000000,5,-14.161300,18.000000,,,,,,
4300,00010,5,5,0,0,3,10,-4.791098,37.000000,6,24.002129,95.000000,7,11.199929,69.000000,2,6.848673,60.000000,8,3.273387,53.000000,5,-1.332303,44.000000,4,-22.775919,0.000000,,,,,,
4500,00001,2,2,0,0,3,1,33.406261,114.000000,8,11.372793,69.000000,2,0.561717,47.000000,4,-6.835276,33.000000,7,-10.055698,26.000000,5,-16.118806,14.000000,6,-18.116039,10.000000,,,,,,
4500,00013,2,2,0,0,3,13,19.171105,85.000000,4,13.996580,75.000000,2,12.231507,71.000000,8,0.414111,47.000000,5,-4.847056,37.000000,6,-10.181587,26.000000,7,-18.110205,10.000000,,,,,,
4600,00013,2,2,0,0,3,13,15.679168,78.000000,2,12.462499,71.000000,4,9.173027,65.000000,8,-1.245117,44.000000,5,-6.480168,33.000000,6,-13.802538,19.000000,7,-17.770393,11.000000,,,,,,
4600,00011,2,2,0,0,3,11,-0.334805,46.000000,7,18.227587,83.000000,6,7.004935,60.000000,8,3.453510,53.000000,5,-6.753868,33.000000,2,-11.793177,23.000000,4,-13.559041,19.000000,,,,,,
4700,00002,1,1,0,0,3,2,-4.206000,38.000000,2,12.364172,71.000000,5,5.292139,57.000000,6,3.308273,53.000000,7,-0.154532,46.000000,8,-3.904500,38.000000,4,-4.766229,37.000000,,,,,,
4800,00002,2,2,0,0,3,2,-4.601861,37.000000,2,11.444588,69.000000,5,2.993547,52.000000,4,1.766190,50.000000,7,1.719915,50.000000,6,0.097829,47.000000,8,-0.983275,44.000000,,,,,,
4800,00001,2,2,0,0,3,1,31.935779,111.000000,8,11.030754,69.000000,2,-2.487400,41.000000,4,-10.648327,25.000000,7,-12.808077,21.000000,5,-13.699392,19.000000,6,-18.790190,8.000000,,,,,,
4900,00007,2,2,0,0,3,7,-34.615549,0.000000,2,16.173292,79.000000,6,14.459106,76.000000,4,5.558023,58.000000,8,-3.543267,39.000000,7,-7.373969,32.000000,5,-11.867634,22.000000,,,,,,
4900,00012,2,2,0,0,3,12,38.436379,124.000000,2,6.321452,59.000000,8,1.359394,49.000000,4,-4.687553,37.000000,5,-7.108110,32.000000,6,-11.033966,24.000000,7,-15.088555,16.000000,,,,,,
