timestamp,ueImsiComplete,DRB.PdcpSduDelayDl(cellAverageLatency),m_pDCPBytesUL(0),m_pDCPBytesDL(cellDlTxVolume),DRB.PdcpSduVolumeDl_Filter.UEID(txBytes),Tot.PdcpSduNbrDl.UEID(txDlPackets),DRB.PdcpSduBitRateDl.UEID(pdcpThroughput),DRB.PdcpSduDelayDl.UEID(pdcpLatency),txPdcpPduLteRlc,txPdcpPduBytesLteRlc,QosFlow.PdcpPduVolumeDL_Filter.UEID(txPdcpPduBytesNrRlc),DRB.PdcpPduNbrDl.Qos.UEID(txPdcpPduNrRlc)
100,00004,0.000000,0,0,0,0,0.000000,0.000000,0,0,0.000000,0
100,00006,0.000000,0,0,0,0,0.000000,0.000000,0,0,0.000000,0
100,00013,0.000000,0,0,0,0,0.000000,0.000000,0,0,0.000000,0
100,00002,0.000000,0,0,0,0,0.000000,0.000000,0,0,0.000000,0
100,00012,0.000000,0,0,0,0,0.000000,0.000000,0,0,0.000000,0
100,00009,0.000000,0,0,0,0,0.000000,0.000000,0,0,0.000000,0
100,00005,0.000000,0,0,0,0,0.000000,0.000000,0,0,0.000000,0
100,00003,0.000000,0,0,0,0,0.000000,0.000000,0,0,0.000000,0
100,00007,0.000000,0,0,0,0,0.000000,0.000000,0,0,0.000000,0
100,00014,0.000000,0,0,0,0,0.000000,0.000000,0,0,0.000000,0
100,00010,0.000000,0,0,0,0,0.000000,0.000000,0,0,0.000000,0
100,00011,0.000000,0,0,0,0,0.000000,0.000000,0,0,0.000000,0
100,00008,0.000000,0,0,0,0,0.000000,0.000000,0,0,0.000000,0
100,00001,0.000000,0,0,0,0,0.000000,0.000000,0,0,0.000000,0
200,00004,253.857938,0,26264,1876,179,18760.000000,110.592005,86,901,975.000000,93
200,00006,253.857938,0,26264,1876,179,18760.000000,293.045251,87,912,964.000000,92
200,00013,253.857938,0,26264,1876,179,18760.000000,316.191873,95,996,880.000000,84
200,00002,253.857938,0,26264,1876,179,18760.000000,247.815206,86,901,975.000000,93
200,00012,253.857938,0,26264,1876,179,18760.000000,237.474063,95,996,880.000000,84
200,00009,253.857938,0,26264,1876,179,18760.000000,289.659176,91,954,922.000000,88
200,00005,253.857938,0,26264,1876,179,18760.000000,252.270521,87,912,964.000000,92
200,00003,253.857938,0,26264,1876,179,18760.000000,278.571191,91,954,922.000000,88
200,00007,253.857938,0,26264,1876,179,18760.000000,342.358091,90,943,933.000000,89
200,00014,253.857938,0,26264,1876,179,18760.000000,267.638438,85,891,985.000000,94
200,00010,253.857938,0,26264,1876,179,18760.000000,202.984448,90,943,933.000000,89
200,00011,253.857938,0,26264,1876,179,18760.000000,282.438280,95,996,880.000000,84
200,00008,253.857938,0,26264,1876,179,18760.000000,285.261377,83,870,1006.000000,96
200,00001,253.857938,0,26264,1876,179,18760.000000,147.711211,85,891,985.000000,94
300,00004,702.286835,0,29344,2096,200,20960.000000,675.386774,82,859,1237.000000,118
300,00006,702.286835,0,29344,2096,200,20960.000000,738.534140,110,1153,943.000000,90
300,00013,702.286835,0,29344,2096,200,20960.000000,882.810159,112,1174,922.000000,88
300,00002,702.286835,0,29344,2096,200,20960.000000,703.339409,96,1006,1090.000000,104
300,00012,702.286835,0,29344,2096,200,20960.000000,753.496791,96,1006,1090.000000,104
300,00009,702.286835,0,29344,2096,200,20960.000000,399.506881,100,1048,1048.000000,100
300,00005,702.286835,0,29344,2096,200,20960.000000,666.744940,99,1038,1058.000000,101
300,00003,702.286835,0,29344,2096,200,20960.000000,732.266540,114,1195,901.000000,86
300,00007,702.286835,0,29344,2096,200,20960.000000,685.282562,101,1058,1038.000000,99
300,00014,702.286835,0,29344,2096,200,20960.000000,654.547740,114,1195,901.000000,86
300,00010,702.286835,0,29344,2096,200,20960.000000,776.201169,100,1048,1048.000000,100
300,00011,702.286835,0,29344,2096,200,20960.000000,747.880140,101,1058,1038.000000,99
300,00008,702.286835,0,29344,2096,200,20960.000000,691.812540,93,975,1121.000000,107
300,00001,702.286835,0,29344,2096,200,20960.000000,724.205906,95,996,1100.000000,105
400,00004,1173.745058,0,29344,2096,200,20960.000000,1203.720209,98,1027,1069.000000,102
400,00006,1173.745058,0,29344,2096,200,20960.000000,1216.934140,94,985,1111.000000,106
400,00013,1173.745058,0,29344,2096,200,20960.000000,1319.258540,99,1038,1058.000000,101
400,00002,1173.745058,0,29344,2096,200,20960.000000,1191.577340,83,870,1226.000000,117
400,00012,1173.745058,0,29344,2096,200,20960.000000,1261.623726,108,1132,964.000000,92
400,00009,1173.745058,0,29344,2096,200,20960.000000,957.929573,98,1027,1069.000000,102
400,00005,1173.745058,0,29344,2096,200,20960.000000,1137.044940,101,1058,1038.000000,99
400,00003,1173.745058,0,29344,2096,200,20960.000000,1212.166540,113,1184,912.000000,87
400,00007,1173.745058,0,29344,2096,200,20960.000000,1191.323340,108,1132,964.000000,92
400,00014,1173.745058,0,29344,2096,200,20960.000000,1153.147740,99,1038,1058.000000,101
400,00010,1173.745058,0,29344,2096,200,20960.000000,1134.323908,94,985,1111.000000,106
400,00011,1173.745058,0,29344,2096,200,20960.000000,1280.880140,103,1079,1017.000000,97
400,00008,1173.745058,0,29344,2096,200,20960.000000,1086.612540,99,1038,1058.000000,101
400,00001,1173.745058,0,29344,2096,200,20960.000000,1085.888140,105,1100,996.000000,95
500,00004,1804.381921,0,29344,2096,200,20960.000000,1558.155740,105,1100,996.000000,95
500,00006,1804.381921,0,29344,2096,200,20960.000000,2423.985058,95,996,1100.000000,105
500,00013,1804.381921,0,29344,2096,200,20960.000000,1860.058540,102,1069,1027.000000,98
500,00002,1804.381921,0,29344,2096,200,20960.000000,1640.577340,101,1058,1038.000000,99
500,00012,1804.381921,0,29344,2096,200,20960.000000,1734.869340,93,975,1121.000000,107
500,00009,1804.381921,0,29344,2096,200,20960.000000,1708.301740,107,1121,975.000000,93
500,00005,1804.381921,0,29344,2096,200,20960.000000,1664.600112,114,1195,901.000000,86
500,00003,1804.381921,0,29344,2096,200,20960.000000,2469.141439,106,1111,985.000000,94
500,00007,1804.381921,0,29344,2096,200,20960.000000,1650.423340,96,1006,1090.000000,104
500,00014,1804.381921,0,29344,2096,200,20960.000000,1679.747740,103,1079,1017.000000,97
500,00010,1804.381921,0,29344,2096,200,20960.000000,1697.390940,104,1090,1006.000000,96
500,00011,1804.381921,0,29344,2096,200,20960.000000,2007.594890,102,1069,1027.000000,98
500,00008,1804.381921,0,29344,2096,200,20960.000000,1562.212540,105,1100,996.000000,95
500,00001,1804.381921,0,29344,2096,200,20960.000000,1604.288140,94,985,1111.000000,106
600,00004,2302.317728,0,29344,2096,200,20960.000000,2028.975348,108,1132,964.000000,92
600,00006,2302.317728,0,29344,2096,200,20960.000000,2303.405640,109,1142,954.000000,91
600,00013,2302.317728,0,29344,2096,200,20960.000000,2367.995795,110,1153,943.000000,90
600,00002,2302.317728,0,29344,2096,200,20960.000000,2613.974624,90,943,1153.000000,110
600,00012,2302.317728,0,29344,2096,200,20960.000000,2215.261497,107,1121,975.000000,93
600,00009,2302.317728,0,29344,2096,200,20960.000000,2259.999779,108,1132,964.000000,92
600,00005,2302.317728,0,29344,2096,200,20960.000000,2163.444940,108,1132,964.000000,92
600,00003,2302.317728,0,29344,2096,200,20960.000000,2368.766540,111,1163,933.000000,89
600,00007,2302.317728,0,29344,2096,200,20960.000000,2186.906099,106,1111,985.000000,94
600,00014,2302.317728,0,29344,2096,200,20960.000000,3137.162846,106,1111,985.000000,94
600,00010,2302.317728,0,29344,2096,200,20960.000000,2129.106626,104,1090,1006.000000,96
600,00011,2302.317728,0,29344,2096,200,20960.000000,2223.311513,105,1100,996.000000,95
600,00008,2302.317728,0,29344,2096,200,20960.000000,2146.011555,102,1069,1027.000000,98
600,00001,2302.317728,0,29344,2096,200,20960.000000,2088.125395,105,1100,996.000000,95
700,00004,2762.557197,0,29344,2096,200,20960.000000,2466.855740,104,1090,1006.000000,96
700,00006,2762.557197,0,29344,2096,200,20960.000000,2699.634140,102,1069,1027.000000,98
700,00013,2762.557197,0,29344,2096,200,20960.000000,2819.958540,102,1069,1027.000000,98
700,00002,2762.557197,0,29344,2096,200,20960.000000,1976.000885,95,996,1100.000000,105
700,00012,2762.557197,0,29344,2096,200,20960.000000,3875.851184,101,1058,1038.000000,99
700,00009,2762.557197,0,29344,2096,200,20960.000000,3077.857382,101,1058,1038.000000,99
700,00005,2762.557197,0,29344,2096,200,20960.000000,2660.444940,101,1058,1038.000000,99
700,00003,2762.557197,0,29344,2096,200,20960.000000,2896.766540,102,1069,1027.000000,98
700,00007,2762.557197,0,29344,2096,200,20960.000000,2777.323340,101,1058,1038.000000,99
700,00014,2762.557197,0,29344,2096,200,20960.000000,2784.747740,100,1048,1048.000000,100
700,00010,2762.557197,0,29344,2096,200,20960.000000,2784.144418,107,1121,975.000000,93
700,00011,2762.557197,0,29344,2096,200,20960.000000,2738.915228,102,1069,1027.000000,98
700,00008,2762.557197,0,29344,2096,200,20960.000000,2512.612540,111,1163,933.000000,89
700,00001,2762.557197,0,29344,2096,200,20960.000000,2604.688140,95,996,1100.000000,105
800,00004,3485.254621,0,29344,2096,200,20960.000000,4241.573840,106,1111,985.000000,94
800,00006,3485.254621,0,29344,2096,200,20960.000000,3166.234140,94,985,1111.000000,106
800,00013,3485.254621,0,29344,2096,200,20960.000000,3296.258540,97,1017,1079.000000,103
800,00002,3485.254621,0,29344,2096,200,20960.000000,2664.557198,105,1100,996.000000,95
800,00012,3485.254621,0,29344,2096,200,20960.000000,3193.169340,103,1079,1017.000000,97
800,00009,3485.254621,0,29344,2096,200,20960.000000,3139.601740,98,1027,1069.000000,102
800,00005,3485.254621,0,29344,2096,200,20960.000000,3155.944940,93,975,1121.000000,107
800,00003,3485.254621,0,29344,2096,200,20960.000000,4476.072386,93,975,1121.000000,107
800,00007,3485.254621,0,29344,2096,200,20960.000000,4160.225356,88,922,1174.000000,112
800,00014,3485.254621,0,29344,2096,200,20960.000000,3250.047740,113,1184,912.000000,87
800,00010,3485.254621,0,29344,2096,200,20960.000000,2729.819155,106,1111,985.000000,94
800,00011,3485.254621,0,29344,2096,200,20960.000000,3315.580140,103,1079,1017.000000,97
800,00008,3485.254621,0,29344,2096,200,20960.000000,4876.685024,105,1100,996.000000,95
800,00001,3485.254621,0,29344,2096,200,20960.000000,3127.795158,96,1006,1090.000000,104
900,00004,3944.993323,0,29344,2096,200,20960.000000,3627.757588,118,1237,859.000000,82
900,00006,3944.993323,0,29344,2096,200,20960.000000,3637.865174,111,1163,933.000000,89
900,00013,3944.993323,0,29344,2096,200,20960.000000,4093.852217,93,975,1121.000000,107
900,00002,3944.993323,0,29344,2096,200,20960.000000,3135.469070,93,975,1121.000000,107
900,00012,3944.993323,0,29344,2096,200,20960.000000,4008.602003,101,1058,1038.000000,99
900,00009,3944.993323,0,29344,2096,200,20960.000000,3646.401740,109,1142,954.000000,91
900,00005,3944.993323,0,29344,2096,200,20960.000000,3692.788077,102,1069,1027.000000,98
900,00003,3944.993323,0,29344,2096,200,20960.000000,4019.182226,81,849,1247.000000,119
900,00007,3944.993323,0,29344,2096,200,20960.000000,5361.299677,101,1058,1038.000000,99
900,00014,3944.993323,0,29344,2096,200,20960.000000,3746.416367,87,912,1184.000000,113
900,00010,3944.993323,0,29344,2096,200,20960.000000,3164.332524,100,1048,1048.000000,100
900,00011,3944.993323,0,29344,2096,200,20960.000000,5241.115287,103,1079,1017.000000,97
900,00008,3944.993323,0,29344,2096,200,20960.000000,4254.150159,109,1142,954.000000,91
900,00001,3944.993323,0,29344,2096,200,20960.000000,3600.674415,96,1006,1090.000000,104
1000,00004,4371.558770,0,29344,2096,200,20960.000000,3991.679878,87,912,1184.000000,113
1000,00006,4371.558770,0,29344,2096,200,20960.000000,4453.275329,101,1058,1038.000000,99
1000,00013,4371.558770,0,29344,2096,200,20960.000000,4366.658540,104,1090,1006.000000,96
1000,00002,4371.558770,0,29344,2096,200,20960.000000,3132.239545,105,1100,996.000000,95
1000,00012,4371.558770,0,29344,2096,200,20960.000000,4131.143850,117,1226,870.000000,83
1000,00009,4371.558770,0,29344,2096,200,20960.000000,4185.588015,89,933,1163.000000,111
1000,00005,4371.558770,0,29344,2096,200,20960.000000,5203.090029,108,1132,964.000000,92
1000,00003,4371.558770,0,29344,2096,200,20960.000000,5773.135634,105,1100,996.000000,95
1000,00007,4371.558770,0,29344,2096,200,20960.000000,4208.023340,104,1090,1006.000000,96
1000,00014,4371.558770,0,29344,2096,200,20960.000000,4261.347740,92,964,1132.000000,108
1000,00010,4371.558770,0,29344,2096,200,20960.000000,4108.990940,99,1038,1058.000000,101
1000,00011,4371.558770,0,29344,2096,200,20960.000000,4349.798186,95,996,1100.000000,105
1000,00008,4371.558770,0,29344,2096,200,20960.000000,4937.763615,102,1069,1027.000000,98
1000,00001,4371.558770,0,29344,2096,200,20960.000000,4099.088140,101,1058,1038.000000,99
1100,00004,4738.643128,0,29344,2096,200,20960.000000,4540.355740,94,985,1111.000000,106
1100,00006,4738.643128,0,29344,2096,200,20960.000000,4750.342382,106,1111,985.000000,94
1100,00013,4738.643128,0,29344,2096,200,20960.000000,4885.758540,105,1100,996.000000,95
1100,00002,4738.643128,0,29344,2096,200,20960.000000,3374.320006,110,1153,943.000000,90
1100,00012,4738.643128,0,29344,2096,200,20960.000000,5590.945500,101,1058,1038.000000,99
1100,00009,4738.643128,0,29344,2096,200,20960.000000,4764.814021,97,1017,1079.000000,103
1100,00005,4738.643128,0,29344,2096,200,20960.000000,1599.621014,105,1100,996.000000,95
1100,00003,4738.643128,0,29344,2096,200,20960.000000,6369.019636,97,1017,1079.000000,103
1100,00007,4738.643128,0,29344,2096,200,20960.000000,4711.623340,90,943,1153.000000,110
1100,00014,4738.643128,0,29344,2096,200,20960.000000,4797.447740,92,964,1132.000000,108
1100,00010,4738.643128,0,29344,2096,200,20960.000000,4599.890940,104,1090,1006.000000,96
1100,00011,4738.643128,0,29344,2096,200,20960.000000,4869.258970,96,1006,1090.000000,104
1100,00008,4738.643128,0,29344,2096,200,20960.000000,4563.712540,87,912,1184.000000,113
1100,00001,4738.643128,0,29344,2096,200,20960.000000,6923.893423,82,859,1237.000000,118
1200,00004,5098.290744,0,29344,2096,200,20960.000000,5039.155740,108,1132,964.000000,92
1200,00006,5098.290744,0,29344,2096,200,20960.000000,5195.034140,91,954,1142.000000,109
1200,00013,5098.290744,0,29344,2096,200,20960.000000,5393.258540,111,1163,933.000000,89
1200,00002,5098.290744,0,29344,2096,200,20960.000000,4062.648558,94,985,1111.000000,106
1200,00012,5098.290744,0,29344,2096,200,20960.000000,5219.469340,98,1027,1069.000000,102
1200,00009,5098.290744,0,29344,2096,200,20960.000000,5256.201740,93,975,1121.000000,107
1200,00005,5098.290744,0,29344,2096,200,20960.000000,1908.648545,97,1017,1079.000000,103
1200,00003,5098.290744,0,29344,2096,200,20960.000000,5556.243884,107,1121,975.000000,93
1200,00007,5098.290744,0,29344,2096,200,20960.000000,5774.649723,102,1069,1027.000000,98
1200,00014,5098.290744,0,29344,2096,200,20960.000000,5247.047740,104,1090,1006.000000,96
1200,00010,5098.290744,0,29344,2096,200,20960.000000,5082.790940,94,985,1111.000000,106
1200,00011,5098.290744,0,29344,2096,200,20960.000000,5330.974656,104,1090,1006.000000,96
1200,00008,5098.290744,0,29344,2096,200,20960.000000,5072.812540,103,1079,1017.000000,97
1200,00001,5098.290744,0,29344,2096,200,20960.000000,7237.134335,86,901,1195.000000,114
1300,00004,5702.126004,0,29344,2096,200,20960.000000,5551.230250,109,1142,954.000000,91
1300,00006,5702.126004,0,29344,2096,200,20960.000000,5675.718454,89,933,1163.000000,111
1300,00013,5702.126004,0,29344,2096,200,20960.000000,5871.917364,82,859,1237.000000,118
1300,00002,5702.126004,0,29344,2096,200,20960.000000,5270.663615,107,1121,975.000000,93
1300,00012,5702.126004,0,29344,2096,200,20960.000000,5704.281105,112,1174,922.000000,88
1300,00009,5702.126004,0,29344,2096,200,20960.000000,7292.790739,97,1017,1079.000000,103
1300,00005,5702.126004,0,29344,2096,200,20960.000000,1833.887813,90,943,1153.000000,110
1300,00003,5702.126004,0,29344,2096,200,20960.000000,6050.966540,102,1069,1027.000000,98
1300,00007,5702.126004,0,29344,2096,200,20960.000000,7056.853058,95,996,1100.000000,105
1300,00014,5702.126004,0,29344,2096,200,20960.000000,5744.933947,111,1163,933.000000,89
1300,00010,5702.126004,0,29344,2096,200,20960.000000,5622.734077,88,922,1174.000000,112
1300,00011,5702.126004,0,29344,2096,200,20960.000000,6710.949092,93,975,1121.000000,107
1300,00008,5702.126004,0,29344,2096,200,20960.000000,5681.562931,103,1079,1017.000000,97
1300,00001,5702.126004,0,29344,2096,200,20960.000000,5761.275073,108,1132,964.000000,92
1400,00004,6664.560769,0,29344,2096,200,20960.000000,6092.255740,96,1006,1090.000000,104
1400,00006,6664.560769,0,29344,2096,200,20960.000000,8565.343163,92,964,1132.000000,108
1400,00013,6664.560769,0,29344,2096,200,20960.000000,6375.858540,105,1100,996.000000,95
1400,00002,6664.560769,0,29344,2096,200,20960.000000,5746.277340,99,1038,1058.000000,101
1400,00012,6664.560769,0,29344,2096,200,20960.000000,6200.569340,107,1121,975.000000,93
1400,00009,6664.560769,0,29344,2096,200,20960.000000,6162.701740,92,964,1132.000000,108
1400,00005,6664.560769,0,29344,2096,200,20960.000000,5123.084673,96,1006,1090.000000,104
1400,00003,6664.560769,0,29344,2096,200,20960.000000,6564.066540,105,1100,996.000000,95
1400,00007,6664.560769,0,29344,2096,200,20960.000000,6769.629345,108,1132,964.000000,92
1400,00014,6664.560769,0,29344,2096,200,20960.000000,7903.000647,92,964,1132.000000,108
1400,00010,6664.560769,0,29344,2096,200,20960.000000,6290.400644,96,1006,1090.000000,104
1400,00011,6664.560769,0,29344,2096,200,20960.000000,6677.405973,86,901,1195.000000,114
1400,00008,6664.560769,0,29344,2096,200,20960.000000,6122.912540,104,1090,1006.000000,96
1400,00001,6664.560769,0,29344,2096,200,20960.000000,8710.344540,96,1006,1090.000000,104
1500,00004,6806.952391,0,29344,2096,200,20960.000000,6580.355740,94,985,1111.000000,106
1500,00006,6806.952391,0,29344,2096,200,20960.000000,7517.112529,88,922,1174.000000,112
1500,00013,6806.952391,0,29344,2096,200,20960.000000,6998.481068,101,1058,1038.000000,99
1500,00002,6806.952391,0,29344,2096,200,20960.000000,6200.434601,113,1184,912.000000,87
1500,00012,6806.952391,0,29344,2096,200,20960.000000,6687.969340,105,1100,996.000000,95
1500,00009,6806.952391,0,29344,2096,200,20960.000000,6672.101740,98,1027,1069.000000,102
1500,00005,6806.952391,0,29344,2096,200,20960.000000,6686.144940,99,1038,1058.000000,101
1500,00003,6806.952391,0,29344,2096,200,20960.000000,7010.466540,109,1142,954.000000,91
1500,00007,6806.952391,0,29344,2096,200,20960.000000,6611.923340,93,975,1121.000000,107
1500,00014,6806.952391,0,29344,2096,200,20960.000000,7011.726570,96,1006,1090.000000,104
1500,00010,6806.952391,0,29344,2096,200,20960.000000,7416.969584,85,891,1205.000000,115
1500,00011,6806.952391,0,29344,2096,200,20960.000000,6822.080140,106,1111,985.000000,94
1500,00008,6806.952391,0,29344,2096,200,20960.000000,6653.596751,97,1017,1079.000000,103
1500,00001,6806.952391,0,29344,2096,200,20960.000000,6427.970596,103,1079,1017.000000,97
1600,00004,7882.367488,0,29344,2096,200,20960.000000,7086.055740,113,1184,912.000000,87
1600,00006,7882.367488,0,29344,2096,200,20960.000000,8132.574768,80,838,1258.000000,120
1600,00013,7882.367488,0,29344,2096,200,20960.000000,8851.239720,104,1090,1006.000000,96
1600,00002,7882.367488,0,29344,2096,200,20960.000000,6717.302090,106,1111,985.000000,94
1600,00012,7882.367488,0,29344,2096,200,20960.000000,7156.069340,103,1079,1017.000000,97
1600,00009,7882.367488,0,29344,2096,200,20960.000000,7931.504441,103,1079,1017.000000,97
1600,00005,7882.367488,0,29344,2096,200,20960.000000,7128.082195,92,964,1132.000000,108
1600,00003,7882.367488,0,29344,2096,200,20960.000000,7429.966540,96,1006,1090.000000,104
1600,00007,7882.367488,0,29344,2096,200,20960.000000,7096.590007,104,1090,1006.000000,96
1600,00014,7882.367488,0,29344,2096,200,20960.000000,11662.624969,94,985,1111.000000,106
1600,00010,7882.367488,0,29344,2096,200,20960.000000,7491.935719,100,1048,1048.000000,100
1600,00011,7882.367488,0,29344,2096,200,20960.000000,7325.370336,104,1090,1006.000000,96
1600,00008,7882.367488,0,29344,2096,200,20960.000000,7203.539991,102,1069,1027.000000,98
1600,00001,7882.367488,0,29344,2096,200,20960.000000,9140.288975,87,912,1184.000000,113
1700,00004,8142.976083,0,29344,2096,200,20960.000000,7670.128154,100,1048,1048.000000,100
1700,00006,8142.976083,0,29344,2096,200,20960.000000,7692.034140,115,1205,891.000000,85
1700,00013,8142.976083,0,29344,2096,200,20960.000000,8206.235837,102,1069,1027.000000,98
1700,00002,8142.976083,0,29344,2096,200,20960.000000,7174.131591,102,1069,1027.000000,98
1700,00012,8142.976083,0,29344,2096,200,20960.000000,7647.614438,103,1079,1017.000000,97
1700,00009,8142.976083,0,29344,2096,200,20960.000000,7803.032426,112,1174,922.000000,88
1700,00005,8142.976083,0,29344,2096,200,20960.000000,7656.544940,99,1038,1058.000000,101
1700,00003,8142.976083,0,29344,2096,200,20960.000000,7788.066540,96,1006,1090.000000,104
1700,00007,8142.976083,0,29344,2096,200,20960.000000,7542.523340,97,1017,1079.000000,103
1700,00014,8142.976083,0,29344,2096,200,20960.000000,9451.362462,111,1163,933.000000,89
1700,00010,8142.976083,0,29344,2096,200,20960.000000,7708.790940,118,1237,859.000000,82
1700,00011,8142.976083,0,29344,2096,200,20960.000000,10779.453045,110,1153,943.000000,90
1700,00008,8142.976083,0,29344,2096,200,20960.000000,9495.759165,92,964,1132.000000,108
1700,00001,8142.976083,0,29344,2096,200,20960.000000,7385.988140,98,1027,1069.000000,102
1800,00004,8759.311033,0,29344,2096,200,20960.000000,8162.955740,96,1006,1090.000000,104
1800,00006,8759.311033,0,29344,2096,200,20960.000000,12346.325493,109,1142,954.000000,91
1800,00013,8759.311033,0,29344,2096,200,20960.000000,8278.758540,102,1069,1027.000000,98
1800,00002,8759.311033,0,29344,2096,200,20960.000000,7968.651129,84,880,1216.000000,116
1800,00012,8759.311033,0,29344,2096,200,20960.000000,8472.808770,95,996,1100.000000,105
1800,00009,8759.311033,0,29344,2096,200,20960.000000,8210.515775,104,1090,1006.000000,96
1800,00005,8759.311033,0,29344,2096,200,20960.000000,8184.144940,82,859,1237.000000,118
1800,00003,8759.311033,0,29344,2096,200,20960.000000,9053.287786,113,1184,912.000000,87
1800,00007,8759.311033,0,29344,2096,200,20960.000000,8046.323340,89,933,1163.000000,111
1800,00014,8759.311033,0,29344,2096,200,20960.000000,10770.936610,106,1111,985.000000,94
1800,00010,8759.311033,0,29344,2096,200,20960.000000,8153.990940,107,1121,975.000000,93
1800,00011,8759.311033,0,29344,2096,200,20960.000000,8861.954715,97,1017,1079.000000,103
1800,00008,8759.311033,0,29344,2096,200,20960.000000,8243.412540,98,1027,1069.000000,102
1800,00001,8759.311033,0,29344,2096,200,20960.000000,7876.288140,94,985,1111.000000,106
1900,00004,8479.545394,0,29344,2096,200,20960.000000,8583.755740,101,1058,1038.000000,99
1900,00006,8479.545394,0,29344,2096,200,20960.000000,9314.237594,102,1069,1027.000000,98
1900,00013,8479.545394,0,29344,2096,200,20960.000000,8801.058540,100,1048,1048.000000,100
1900,00002,8479.545394,0,29344,2096,200,20960.000000,8473.150164,90,943,1153.000000,110
1900,00012,8479.545394,0,29344,2096,200,20960.000000,8784.369340,94,985,1111.000000,106
1900,00009,8479.545394,0,29344,2096,200,20960.000000,8658.701740,95,996,1100.000000,105
1900,00005,8479.545394,0,29344,2096,200,20960.000000,4708.192206,105,1100,996.000000,95
1900,00003,8479.545394,0,29344,2096,200,20960.000000,8736.345850,116,1216,880.000000,84
1900,00007,8479.545394,0,29344,2096,200,20960.000000,8494.623340,107,1121,975.000000,93
1900,00014,8479.545394,0,29344,2096,200,20960.000000,9158.540351,104,1090,1006.000000,96
1900,00010,8479.545394,0,29344,2096,200,20960.000000,9167.279832,102,1069,1027.000000,98
1900,00011,8479.545394,0,29344,2096,200,20960.000000,8717.480140,105,1100,996.000000,95
1900,00008,8479.545394,0,29344,2096,200,20960.000000,8759.512540,89,933,1163.000000,111
1900,00001,8479.545394,0,29344,2096,200,20960.000000,8356.388140,99,1038,1058.000000,101
2000,00004,9493.884017,0,29344,2096,200,20960.000000,9054.073387,94,985,1111.000000,106
2000,00006,9493.884017,0,29344,2096,200,20960.000000,9709.928865,104,1090,1006.000000,96
2000,00013,9493.884017,0,29344,2096,200,20960.000000,9274.466383,104,1090,1006.000000,96
2000,00002,9493.884017,0,29344,2096,200,20960.000000,9015.305213,108,1132,964.000000,92
2000,00012,9493.884017,0,29344,2096,200,20960.000000,12174.411899,115,1205,891.000000,85
2000,00009,9493.884017,0,29344,2096,200,20960.000000,9134.509583,93,975,1121.000000,107
2000,00005,9493.884017,0,29344,2096,200,20960.000000,6456.262618,96,1006,1090.000000,104
2000,00003,9493.884017,0,29344,2096,200,20960.000000,9303.866540,104,1090,1006.000000,96
2000,00007,9493.884017,0,29344,2096,200,20960.000000,9017.250926,101,1058,1038.000000,99
2000,00014,9493.884017,0,29344,2096,200,20960.000000,9566.106190,97,1017,1079.000000,103
2000,00010,9493.884017,0,29344,2096,200,20960.000000,9158.910548,109,1142,954.000000,91
2000,00011,9493.884017,0,29344,2096,200,20960.000000,13161.344185,97,1017,1079.000000,103
2000,00008,9493.884017,0,29344,2096,200,20960.000000,9171.677246,106,1111,985.000000,94
2000,00001,9493.884017,0,29344,2096,200,20960.000000,8716.262650,101,1058,1038.000000,99
2100,00004,10177.460723,0,29344,2096,200,20960.000000,9659.922805,109,1142,954.000000,91
2100,00006,10177.460723,0,29344,2096,200,20960.000000,9691.834140,111,1163,933.000000,89
2100,00013,10177.460723,0,29344,2096,200,20960.000000,9710.658540,93,975,1121.000000,107
2100,00002,10177.460723,0,29344,2096,200,20960.000000,9477.743570,101,1058,1038.000000,99
2100,00012,10177.460723,0,29344,2096,200,20960.000000,9767.269340,88,922,1174.000000,112
2100,00009,10177.460723,0,29344,2096,200,20960.000000,12214.539541,104,1090,1006.000000,96
2100,00005,10177.460723,0,29344,2096,200,20960.000000,9768.544940,104,1090,1006.000000,96
2100,00003,10177.460723,0,29344,2096,200,20960.000000,12689.262285,100,1048,1048.000000,100
2100,00007,10177.460723,0,29344,2096,200,20960.000000,9481.923340,103,1079,1017.000000,97
2100,00014,10177.460723,0,29344,2096,200,20960.000000,10932.295098,94,985,1111.000000,106
2100,00010,10177.460723,0,29344,2096,200,20960.000000,10103.815033,91,954,1142.000000,109
2100,00011,10177.460723,0,29344,2096,200,20960.000000,10354.640806,94,985,1111.000000,106
2100,00008,10177.460723,0,29344,2096,200,20960.000000,9560.412540,114,1195,901.000000,86
2100,00001,10177.460723,0,29344,2096,200,20960.000000,9071.588140,83,870,1226.000000,117
2200,00004,10721.185936,0,29344,2096,200,20960.000000,12549.685297,100,1048,1048.000000,100
2200,00006,10721.185936,0,29344,2096,200,20960.000000,10138.234140,93,975,1121.000000,107
2200,00013,10721.185936,0,29344,2096,200,20960.000000,10271.858540,86,901,1195.000000,114
2200,00002,10721.185936,0,29344,2096,200,20960.000000,10613.572886,108,1132,964.000000,92
2200,00012,10721.185936,0,29344,2096,200,20960.000000,10292.069340,93,975,1121.000000,107
2200,00009,10721.185936,0,29344,2096,200,20960.000000,10141.654583,103,1079,1017.000000,97
2200,00005,10721.185936,0,29344,2096,200,20960.000000,10231.244940,92,964,1132.000000,108
2200,00003,10721.185936,0,29344,2096,200,20960.000000,10223.766540,105,1100,996.000000,95
2200,00007,10721.185936,0,29344,2096,200,20960.000000,9902.823340,95,996,1100.000000,105
2200,00014,10721.185936,0,29344,2096,200,20960.000000,10031.847740,106,1111,985.000000,94
2200,00010,10721.185936,0,29344,2096,200,20960.000000,10165.490940,88,922,1174.000000,112
2200,00011,10721.185936,0,29344,2096,200,20960.000000,15984.015542,100,1048,1048.000000,100
2200,00008,10721.185936,0,29344,2096,200,20960.000000,10032.193242,95,996,1100.000000,105
2200,00001,10721.185936,0,29344,2096,200,20960.000000,9518.146035,111,1163,933.000000,89
2300,00004,11210.266945,0,29344,2096,200,20960.000000,13829.390920,101,1058,1038.000000,99
2300,00006,11210.266945,0,29344,2096,200,20960.000000,10712.557003,96,1006,1090.000000,104
2300,00013,11210.266945,0,29344,2096,200,20960.000000,10838.048195,100,1048,1048.000000,100
2300,00002,11210.266945,0,29344,2096,200,20960.000000,10161.545967,94,985,1111.000000,106
2300,00012,11210.266945,0,29344,2096,200,20960.000000,12936.865844,99,1038,1058.000000,101
2300,00009,11210.266945,0,29344,2096,200,20960.000000,9100.759453,95,996,1100.000000,105
2300,00005,11210.266945,0,29344,2096,200,20960.000000,10697.003764,103,1079,1017.000000,97
2300,00003,11210.266945,0,29344,2096,200,20960.000000,10723.593991,94,985,1111.000000,106
2300,00007,11210.266945,0,29344,2096,200,20960.000000,10430.609615,97,1017,1079.000000,103
2300,00014,11210.266945,0,29344,2096,200,20960.000000,10575.020205,96,1006,1090.000000,104
2300,00010,11210.266945,0,29344,2096,200,20960.000000,10758.931330,93,975,1121.000000,107
2300,00011,11210.266945,0,29344,2096,200,20960.000000,10669.291905,97,1017,1079.000000,103
2300,00008,11210.266945,0,29344,2096,200,20960.000000,10596.383128,104,1090,1006.000000,96
2300,00001,11210.266945,0,29344,2096,200,20960.000000,14913.735911,98,1027,1069.000000,102
2400,00004,11501.787128,0,29344,2096,200,20960.000000,16248.674418,112,1174,922.000000,88
2400,00006,11501.787128,0,29344,2096,200,20960.000000,11005.134140,99,1038,1058.000000,101
2400,00013,11501.787128,0,29344,2096,200,20960.000000,11312.758540,97,1017,1079.000000,103
2400,00002,11501.787128,0,29344,2096,200,20960.000000,10794.098795,91,954,1142.000000,109
2400,00012,11501.787128,0,29344,2096,200,20960.000000,11233.169340,91,954,1142.000000,109
2400,00009,11501.787128,0,29344,2096,200,20960.000000,10627.521521,100,1048,1048.000000,100
2400,00005,11501.787128,0,29344,2096,200,20960.000000,11120.544940,93,975,1121.000000,107
2400,00003,11501.787128,0,29344,2096,200,20960.000000,11281.366540,93,975,1121.000000,107
2400,00007,11501.787128,0,29344,2096,200,20960.000000,10931.423340,108,1132,964.000000,92
2400,00014,11501.787128,0,29344,2096,200,20960.000000,11067.947740,93,975,1121.000000,107
2400,00010,11501.787128,0,29344,2096,200,20960.000000,11012.390940,100,1048,1048.000000,100
2400,00011,11501.787128,0,29344,2096,200,20960.000000,11182.280140,98,1027,1069.000000,102
2400,00008,11501.787128,0,29344,2096,200,20960.000000,11142.712540,98,1027,1069.000000,102
2400,00001,11501.787128,0,29344,2096,200,20960.000000,12064.996858,110,1153,943.000000,90
2500,00004,12351.733314,0,29344,2096,200,20960.000000,17609.877786,93,975,1121.000000,107
2500,00006,12351.733314,0,29344,2096,200,20960.000000,11805.975307,93,975,1121.000000,107
2500,00013,12351.733314,0,29344,2096,200,20960.000000,11699.358540,91,954,1142.000000,109
2500,00002,12351.733314,0,29344,2096,200,20960.000000,11228.177340,103,1079,1017.000000,97
2500,00012,12351.733314,0,29344,2096,200,20960.000000,15099.673181,106,1111,985.000000,94
2500,00009,12351.733314,0,29344,2096,200,20960.000000,11410.428056,100,1048,1048.000000,100
2500,00005,12351.733314,0,29344,2096,200,20960.000000,11578.844940,90,943,1153.000000,110
2500,00003,12351.733314,0,29344,2096,200,20960.000000,12662.683197,105,1100,996.000000,95
2500,00007,12351.733314,0,29344,2096,200,20960.000000,11364.723340,97,1017,1079.000000,103
2500,00014,12351.733314,0,29344,2096,200,20960.000000,11567.347740,101,1058,1038.000000,99
2500,00010,12351.733314,0,29344,2096,200,20960.000000,12671.396153,103,1079,1017.000000,97
2500,00011,12351.733314,0,29344,2096,200,20960.000000,11582.380140,95,996,1100.000000,105
2500,00008,12351.733314,0,29344,2096,200,20960.000000,11591.212540,94,985,1111.000000,106
2500,00001,12351.733314,0,29344,2096,200,20960.000000,11052.188140,117,1226,870.000000,83
2600,00004,13049.564884,0,29344,2096,200,20960.000000,14284.634993,108,1132,964.000000,92
2600,00006,13049.564884,0,29344,2096,200,20960.000000,14809.319128,106,1111,985.000000,94
2600,00013,13049.564884,0,29344,2096,200,20960.000000,12158.458540,110,1153,943.000000,90
2600,00002,13049.564884,0,29344,2096,200,20960.000000,11693.277340,102,1069,1027.000000,98
2600,00012,13049.564884,0,29344,2096,200,20960.000000,12367.469340,107,1121,975.000000,93
2600,00009,13049.564884,0,29344,2096,200,20960.000000,11850.101740,108,1132,964.000000,92
2600,00005,13049.564884,0,29344,2096,200,20960.000000,12062.875974,99,1038,1058.000000,101
2600,00003,13049.564884,0,29344,2096,200,20960.000000,12662.975268,98,1027,1069.000000,102
2600,00007,13049.564884,0,29344,2096,200,20960.000000,17240.160920,86,901,1195.000000,114
2600,00014,13049.564884,0,29344,2096,200,20960.000000,12026.947740,97,1017,1079.000000,103
2600,00010,13049.564884,0,29344,2096,200,20960.000000,11908.690940,109,1142,954.000000,91
2600,00011,13049.564884,0,29344,2096,200,20960.000000,11931.580140,99,1038,1058.000000,101
2600,00008,13049.564884,0,29344,2096,200,20960.000000,12062.412540,101,1058,1038.000000,99
2600,00001,13049.564884,0,29344,2096,200,20960.000000,15635.003773,107,1121,975.000000,93
2700,00004,13261.224415,0,29344,2096,200,20960.000000,18135.820052,92,964,1132.000000,108
2700,00006,13261.224415,0,29344,2096,200,20960.000000,16077.661599,101,1058,1038.000000,99
2700,00013,13261.224415,0,29344,2096,200,20960.000000,12681.721285,91,954,1142.000000,109
2700,00002,13261.224415,0,29344,2096,200,20960.000000,12214.585183,98,1027,1069.000000,102
2700,00012,13261.224415,0,29344,2096,200,20960.000000,12868.006595,96,1006,1090.000000,104
2700,00009,13261.224415,0,29344,2096,200,20960.000000,12356.568407,110,1153,943.000000,90
2700,00005,13261.224415,0,29344,2096,200,20960.000000,12538.444940,101,1058,1038.000000,99
2700,00003,13261.224415,0,29344,2096,200,20960.000000,12786.966540,102,1069,1027.000000,98
2700,00007,13261.224415,0,29344,2096,200,20960.000000,13144.036047,109,1142,954.000000,91
2700,00014,13261.224415,0,29344,2096,200,20960.000000,12522.864981,106,1111,985.000000,94
2700,00010,13261.224415,0,29344,2096,200,20960.000000,13220.912799,111,1163,933.000000,89
2700,00011,13261.224415,0,29344,2096,200,20960.000000,12577.299762,96,1006,1090.000000,104
2700,00008,13261.224415,0,29344,2096,200,20960.000000,12545.990971,97,1017,1079.000000,103
2700,00001,13261.224415,0,29344,2096,200,20960.000000,11986.262650,108,1132,964.000000,92
2800,00004,13295.896220,0,29344,2096,200,20960.000000,14110.317760,110,1153,943.000000,90
2800,00006,13295.896220,0,29344,2096,200,20960.000000,12722.834140,93,975,1121.000000,107
2800,00013,13295.896220,0,29344,2096,200,20960.000000,13141.558540,101,1058,1038.000000,99
2800,00002,13295.896220,0,29344,2096,200,20960.000000,12929.498168,100,1048,1048.000000,100
2800,00012,13295.896220,0,29344,2096,200,20960.000000,14251.077592,92,964,1132.000000,108
2800,00009,13295.896220,0,29344,2096,200,20960.000000,12832.601740,114,1195,901.000000,86
2800,00005,13295.896220,0,29344,2096,200,20960.000000,10791.032225,95,996,1100.000000,105
2800,00003,13295.896220,0,29344,2096,200,20960.000000,13278.966540,103,1079,1017.000000,97
2800,00007,13295.896220,0,29344,2096,200,20960.000000,12867.023340,87,912,1184.000000,113
2800,00014,13295.896220,0,29344,2096,200,20960.000000,12987.447740,101,1058,1038.000000,99
2800,00010,13295.896220,0,29344,2096,200,20960.000000,12723.487431,98,1027,1069.000000,102
2800,00011,13295.896220,0,29344,2096,200,20960.000000,15683.300327,96,1006,1090.000000,104
2800,00008,13295.896220,0,29344,2096,200,20960.000000,13040.012540,92,964,1132.000000,108
2800,00001,13295.896220,0,29344,2096,200,20960.000000,14783.388997,104,1090,1006.000000,96
2900,00004,14355.073487,0,29344,2096,200,20960.000000,17005.395623,110,1153,943.000000,90
2900,00006,14355.073487,0,29344,2096,200,20960.000000,15797.123447,100,1048,1048.000000,100
2900,00013,14355.073487,0,29344,2096,200,20960.000000,13617.258540,115,1205,891.000000,85
2900,00002,14355.073487,0,29344,2096,200,20960.000000,13249.477340,92,964,1132.000000,108
2900,00012,14355.073487,0,29344,2096,200,20960.000000,14776.619920,101,1058,1038.000000,99
2900,00009,14355.073487,0,29344,2096,200,20960.000000,11268.221471,103,1079,1017.000000,97
2900,00005,14355.073487,0,29344,2096,200,20960.000000,11159.263969,104,1090,1006.000000,96
2900,00003,14355.073487,0,29344,2096,200,20960.000000,13785.266540,93,975,1121.000000,107
2900,00007,14355.073487,0,29344,2096,200,20960.000000,19893.242680,104,1090,1006.000000,96
2900,00014,14355.073487,0,29344,2096,200,20960.000000,13432.747740,108,1132,964.000000,92
2900,00010,14355.073487,0,29344,2096,200,20960.000000,13220.790940,106,1111,985.000000,94
2900,00011,14355.073487,0,29344,2096,200,20960.000000,13788.448779,108,1132,964.000000,92
2900,00008,14355.073487,0,29344,2096,200,20960.000000,13523.509031,99,1038,1058.000000,101
2900,00001,14355.073487,0,29344,2096,200,20960.000000,16453.662804,105,1100,996.000000,95
3000,00004,14512.046676,0,29344,2096,200,20960.000000,13972.406720,88,922,1174.000000,112
3000,00006,14512.046676,0,29344,2096,200,20960.000000,13492.003106,99,1038,1058.000000,101
3000,00013,14512.046676,0,29344,2096,200,20960.000000,14161.582678,113,1184,912.000000,87
3000,00002,14512.046676,0,29344,2096,200,20960.000000,13759.291065,116,1216,880.000000,84
3000,00012,14512.046676,0,29344,2096,200,20960.000000,15532.573324,103,1079,1017.000000,97
3000,00009,14512.046676,0,29344,2096,200,20960.000000,13764.803701,95,996,1100.000000,105
3000,00005,14512.046676,0,29344,2096,200,20960.000000,13912.886116,105,1100,996.000000,95
3000,00003,14512.046676,0,29344,2096,200,20960.000000,14303.790069,96,1006,1090.000000,104
3000,00007,14512.046676,0,29344,2096,200,20960.000000,20983.247548,105,1100,996.000000,95
3000,00014,14512.046676,0,29344,2096,200,20960.000000,13889.161465,94,985,1111.000000,106
3000,00010,14512.046676,0,29344,2096,200,20960.000000,13696.557607,111,1163,933.000000,89
3000,00011,14512.046676,0,29344,2096,200,20960.000000,14298.684681,107,1121,975.000000,93
3000,00008,14512.046676,0,29344,2096,200,20960.000000,14037.559599,108,1132,964.000000,92
3000,00001,14512.046676,0,29344,2096,200,20960.000000,13364.105787,101,1058,1038.000000,99
3100,00004,15356.563198,0,29344,2096,200,20960.000000,14546.622407,100,1048,1048.000000,100
3100,00006,15356.563198,0,29344,2096,200,20960.000000,14064.834140,102,1069,1027.000000,98
3100,00013,15356.563198,0,29344,2096,200,20960.000000,14715.658540,97,1017,1079.000000,103
3100,00002,15356.563198,0,29344,2096,200,20960.000000,14292.082603,104,1090,1006.000000,96
3100,00012,15356.563198,0,29344,2096,200,20960.000000,17685.433833,90,943,1153.000000,110
3100,00009,15356.563198,0,29344,2096,200,20960.000000,9995.206599,97,1017,1079.000000,103
3100,00005,15356.563198,0,29344,2096,200,20960.000000,14352.144940,112,1174,922.000000,88
3100,00003,15356.563198,0,29344,2096,200,20960.000000,14752.266540,92,964,1132.000000,108
3100,00007,15356.563198,0,29344,2096,200,20960.000000,20456.048672,112,1174,922.000000,88
3100,00014,15356.563198,0,29344,2096,200,20960.000000,17922.785861,101,1058,1038.000000,99
3100,00010,15356.563198,0,29344,2096,200,20960.000000,14250.890940,97,1017,1079.000000,103
3100,00011,15356.563198,0,29344,2096,200,20960.000000,17385.520158,102,1069,1027.000000,98
3100,00008,15356.563198,0,29344,2096,200,20960.000000,14524.212540,106,1111,985.000000,94
3100,00001,15356.563198,0,29344,2096,200,20960.000000,16048.176996,111,1163,933.000000,89
3200,00004,16239.654014,0,29344,2096,200,20960.000000,18571.148144,93,975,1121.000000,107
3200,00006,16239.654014,0,29344,2096,200,20960.000000,14569.634140,108,1132,964.000000,92
3200,00013,16239.654014,0,29344,2096,200,20960.000000,25424.911813,92,964,1132.000000,108
3200,00002,16239.654014,0,29344,2096,200,20960.000000,14817.777340,119,1247,849.000000,81
3200,00012,16239.654014,0,29344,2096,200,20960.000000,15837.142911,101,1058,1038.000000,99
3200,00009,16239.654014,0,29344,2096,200,20960.000000,14850.252617,91,954,1142.000000,109
3200,00005,16239.654014,0,29344,2096,200,20960.000000,14851.344940,96,1006,1090.000000,104
3200,00003,16239.654014,0,29344,2096,200,20960.000000,15252.566540,97,1017,1079.000000,103
3200,00007,16239.654014,0,29344,2096,200,20960.000000,17589.059961,95,996,1100.000000,105
3200,00014,16239.654014,0,29344,2096,200,20960.000000,14896.647740,95,996,1100.000000,105
3200,00010,16239.654014,0,29344,2096,200,20960.000000,16427.489230,102,1069,1027.000000,98
3200,00011,16239.654014,0,29344,2096,200,20960.000000,14984.180140,107,1121,975.000000,93
3200,00008,16239.654014,0,29344,2096,200,20960.000000,15004.512540,95,996,1100.000000,105
3200,00001,16239.654014,0,29344,2096,200,20960.000000,14278.488140,102,1069,1027.000000,98
3300,00004,16370.445573,0,29344,2096,200,20960.000000,15554.465544,100,1048,1048.000000,100
3300,00006,16370.445573,0,29344,2096,200,20960.000000,15096.992964,90,943,1153.000000,110
3300,00013,16370.445573,0,29344,2096,200,20960.000000,18988.556254,106,1111,985.000000,94
3300,00002,16370.445573,0,29344,2096,200,20960.000000,15292.232242,90,943,1153.000000,110
3300,00012,16370.445573,0,29344,2096,200,20960.000000,15943.986987,111,1163,933.000000,89
3300,00009,16370.445573,0,29344,2096,200,20960.000000,15399.901740,104,1090,1006.000000,96
3300,00005,16370.445573,0,29344,2096,200,20960.000000,15284.944940,101,1058,1038.000000,99
3300,00003,16370.445573,0,29344,2096,200,20960.000000,18427.618536,95,996,1100.000000,105
3300,00007,16370.445573,0,29344,2096,200,20960.000000,18189.192861,101,1058,1038.000000,99
3300,00014,16370.445573,0,29344,2096,200,20960.000000,15403.671269,85,891,1205.000000,115
3300,00010,16370.445573,0,29344,2096,200,20960.000000,15777.945773,96,1006,1090.000000,104
3300,00011,16370.445573,0,29344,2096,200,20960.000000,15505.664454,84,880,1216.000000,116
3300,00008,16370.445573,0,29344,2096,200,20960.000000,19600.193966,84,880,1216.000000,116
3300,00001,16370.445573,0,29344,2096,200,20960.000000,14720.870493,111,1163,933.000000,89
3400,00004,16496.718364,0,29344,2096,200,20960.000000,16026.755740,99,1038,1058.000000,101
3400,00006,16496.718364,0,29344,2096,200,20960.000000,17121.763104,112,1174,922.000000,88
3400,00013,16496.718364,0,29344,2096,200,20960.000000,16168.058540,103,1079,1017.000000,97
3400,00002,16496.718364,0,29344,2096,200,20960.000000,15655.477340,94,985,1111.000000,106
3400,00012,16496.718364,0,29344,2096,200,20960.000000,16437.569340,109,1142,954.000000,91
3400,00009,16496.718364,0,29344,2096,200,20960.000000,15888.601740,105,1100,996.000000,95
3400,00005,16496.718364,0,29344,2096,200,20960.000000,15708.844940,108,1132,964.000000,92
3400,00003,16496.718364,0,29344,2096,200,20960.000000,19159.177854,102,1069,1027.000000,98
3400,00007,16496.718364,0,29344,2096,200,20960.000000,18849.229365,99,1038,1058.000000,101
3400,00014,16496.718364,0,29344,2096,200,20960.000000,15928.970547,98,1027,1069.000000,102
3400,00010,16496.718364,0,29344,2096,200,20960.000000,15845.090940,98,1027,1069.000000,102
3400,00011,16496.718364,0,29344,2096,200,20960.000000,15986.280140,100,1048,1048.000000,100
3400,00008,16496.718364,0,29344,2096,200,20960.000000,16995.049364,99,1038,1058.000000,101
3400,00001,16496.718364,0,29344,2096,200,20960.000000,15183.188140,93,975,1121.000000,107
3500,00004,17735.108566,0,29344,2096,200,20960.000000,18057.788918,102,1069,1027.000000,98
3500,00006,17735.108566,0,29344,2096,200,20960.000000,16414.782158,95,996,1100.000000,105
3500,00013,17735.108566,0,29344,2096,200,20960.000000,16657.958540,101,1058,1038.000000,99
3500,00002,17735.108566,0,29344,2096,200,20960.000000,20653.189229,106,1111,985.000000,94
3500,00012,17735.108566,0,29344,2096,200,20960.000000,16900.769340,97,1017,1079.000000,103
3500,00009,17735.108566,0,29344,2096,200,20960.000000,16356.801740,105,1100,996.000000,95
3500,00005,17735.108566,0,29344,2096,200,20960.000000,16156.344940,99,1038,1058.000000,101
3500,00003,17735.108566,0,29344,2096,200,20960.000000,19826.592596,94,985,1111.000000,106
3500,00007,17735.108566,0,29344,2096,200,20960.000000,16175.723340,106,1111,985.000000,94
3500,00014,17735.108566,0,29344,2096,200,20960.000000,16485.147740,94,985,1111.000000,106
3500,00010,17735.108566,0,29344,2096,200,20960.000000,16370.768133,109,1142,954.000000,91
3500,00011,17735.108566,0,29344,2096,200,20960.000000,16501.371368,94,985,1111.000000,106
3500,00008,17735.108566,0,29344,2096,200,20960.000000,26061.793740,94,985,1111.000000,106
3500,00001,17735.108566,0,29344,2096,200,20960.000000,15672.488140,99,1038,1058.000000,101
3600,00004,18131.288001,0,29344,2096,200,20960.000000,17320.234759,95,996,1100.000000,105
3600,00006,18131.288001,0,29344,2096,200,20960.000000,16889.495043,88,922,1174.000000,112
3600,00013,18131.288001,0,29344,2096,200,20960.000000,26016.104105,99,1038,1058.000000,101
3600,00002,18131.288001,0,29344,2096,200,20960.000000,16850.953693,98,1027,1069.000000,102
3600,00012,18131.288001,0,29344,2096,200,20960.000000,17329.369340,88,922,1174.000000,112
3600,00009,18131.288001,0,29344,2096,200,20960.000000,16763.901740,102,1069,1027.000000,98
3600,00005,18131.288001,0,29344,2096,200,20960.000000,16651.121411,105,1100,996.000000,95
3600,00003,18131.288001,0,29344,2096,200,20960.000000,23312.355586,121,1268,828.000000,79
3600,00007,18131.288001,0,29344,2096,200,20960.000000,17691.737655,99,1038,1058.000000,101
3600,00014,18131.288001,0,29344,2096,200,20960.000000,17779.162548,100,1048,1048.000000,100
3600,00010,18131.288001,0,29344,2096,200,20960.000000,16915.185058,103,1079,1017.000000,97
3600,00011,18131.288001,0,29344,2096,200,20960.000000,17079.193865,103,1079,1017.000000,97
3600,00008,18131.288001,0,29344,2096,200,20960.000000,17047.160100,98,1027,1069.000000,102
3600,00001,18131.288001,0,29344,2096,200,20960.000000,16192.057106,102,1069,1027.000000,98
3700,00004,18717.976870,0,29344,2096,200,20960.000000,21168.709830,110,1153,943.000000,90
3700,00006,18717.976870,0,29344,2096,200,20960.000000,22265.125445,110,1153,943.000000,90
3700,00013,18717.976870,0,29344,2096,200,20960.000000,17639.255092,114,1195,901.000000,86
3700,00002,18717.976870,0,29344,2096,200,20960.000000,17071.644007,87,912,1184.000000,113
3700,00012,18717.976870,0,29344,2096,200,20960.000000,17818.790909,102,1069,1027.000000,98
3700,00009,18717.976870,0,29344,2096,200,20960.000000,17242.940956,102,1069,1027.000000,98
3700,00005,18717.976870,0,29344,2096,200,20960.000000,17095.944940,106,1111,985.000000,94
3700,00003,18717.976870,0,29344,2096,200,20960.000000,25841.648602,107,1121,975.000000,93
3700,00007,18717.976870,0,29344,2096,200,20960.000000,18238.569344,93,975,1121.000000,107
3700,00014,18717.976870,0,29344,2096,200,20960.000000,17477.247740,102,1069,1027.000000,98
3700,00010,18717.976870,0,29344,2096,200,20960.000000,18713.218500,96,1006,1090.000000,104
3700,00011,18717.976870,0,29344,2096,200,20960.000000,17511.980140,106,1111,985.000000,94
3700,00008,18717.976870,0,29344,2096,200,20960.000000,17299.312540,94,985,1111.000000,106
3700,00001,18717.976870,0,29344,2096,200,20960.000000,16667.288140,94,985,1111.000000,106
3800,00004,18074.822006,0,29344,2096,200,20960.000000,17924.780301,93,975,1121.000000,107
3800,00006,18074.822006,0,29344,2096,200,20960.000000,17659.534140,102,1069,1027.000000,98
3800,00013,18074.822006,0,29344,2096,200,20960.000000,18153.658540,95,996,1100.000000,105
3800,00002,18074.822006,0,29344,2096,200,20960.000000,17550.854533,101,1058,1038.000000,99
3800,00012,18074.822006,0,29344,2096,200,20960.000000,18239.969340,104,1090,1006.000000,96
3800,00009,18074.822006,0,29344,2096,200,20960.000000,16306.071364,95,996,1100.000000,105
3800,00005,18074.822006,0,29344,2096,200,20960.000000,17575.944940,100,1048,1048.000000,100
3800,00003,18074.822006,0,29344,2096,200,20960.000000,18641.967919,96,1006,1090.000000,104
3800,00007,18074.822006,0,29344,2096,200,20960.000000,17629.323340,107,1121,975.000000,93
3800,00014,18074.822006,0,29344,2096,200,20960.000000,17941.647740,101,1058,1038.000000,99
3800,00010,18074.822006,0,29344,2096,200,20960.000000,17873.090940,100,1048,1048.000000,100
3800,00011,18074.822006,0,29344,2096,200,20960.000000,17927.080140,94,985,1111.000000,106
3800,00008,18074.822006,0,29344,2096,200,20960.000000,17829.412540,104,1090,1006.000000,96
3800,00001,18074.822006,0,29344,2096,200,20960.000000,21794.172313,107,1121,975.000000,93
3900,00004,19990.513399,0,29344,2096,200,20960.000000,18407.555740,101,1058,1038.000000,99
3900,00006,19990.513399,0,29344,2096,200,20960.000000,26264.317603,107,1121,975.000000,93
3900,00013,19990.513399,0,29344,2096,200,20960.000000,25884.786600,95,996,1100.000000,105
3900,00002,19990.513399,0,29344,2096,200,20960.000000,18028.877340,105,1100,996.000000,95
3900,00012,19990.513399,0,29344,2096,200,20960.000000,18828.904428,115,1205,891.000000,85
3900,00009,19990.513399,0,29344,2096,200,20960.000000,18005.113612,116,1216,880.000000,84
3900,00005,19990.513399,0,29344,2096,200,20960.000000,18127.244940,89,933,1163.000000,111
3900,00003,19990.513399,0,29344,2096,200,20960.000000,18922.566540,101,1058,1038.000000,99
3900,00007,19990.513399,0,29344,2096,200,20960.000000,18179.723340,108,1132,964.000000,92
3900,00014,19990.513399,0,29344,2096,200,20960.000000,22250.148945,114,1195,901.000000,86
3900,00010,19990.513399,0,29344,2096,200,20960.000000,18420.090940,88,922,1174.000000,112
3900,00011,19990.513399,0,29344,2096,200,20960.000000,18414.380140,101,1058,1038.000000,99
3900,00008,19990.513399,0,29344,2096,200,20960.000000,22625.089281,110,1153,943.000000,90
3900,00001,19990.513399,0,29344,2096,200,20960.000000,17508.388140,89,933,1163.000000,111
4000,00004,19248.215701,0,29344,2096,200,20960.000000,18915.151818,106,1111,985.000000,94
4000,00006,19248.215701,0,29344,2096,200,20960.000000,22569.644965,99,1038,1058.000000,101
4000,00013,19248.215701,0,29344,2096,200,20960.000000,20270.314304,94,985,1111.000000,106
4000,00002,19248.215701,0,29344,2096,200,20960.000000,18703.434050,104,1090,1006.000000,96
4000,00012,19248.215701,0,29344,2096,200,20960.000000,19362.614438,100,1048,1048.000000,100
4000,00009,19248.215701,0,29344,2096,200,20960.000000,18753.627230,108,1132,964.000000,92
4000,00005,19248.215701,0,29344,2096,200,20960.000000,18637.962181,102,1069,1027.000000,98
4000,00003,19248.215701,0,29344,2096,200,20960.000000,19469.621712,95,996,1100.000000,105
4000,00007,19248.215701,0,29344,2096,200,20960.000000,18624.433144,99,1038,1058.000000,101
4000,00014,19248.215701,0,29344,2096,200,20960.000000,19582.661860,101,1058,1038.000000,99
4000,00010,19248.215701,0,29344,2096,200,20960.000000,18870.185058,102,1069,1027.000000,98
4000,00011,19248.215701,0,29344,2096,200,20960.000000,18864.978179,91,954,1142.000000,109
4000,00008,19248.215701,0,29344,2096,200,20960.000000,18814.912540,99,1038,1058.000000,101
4000,00001,19248.215701,0,29344,2096,200,20960.000000,18035.478336,102,1069,1027.000000,98
4100,00004,21100.712777,0,29344,2096,200,20960.000000,19448.155740,107,1121,975.000000,93
4100,00006,21100.712777,0,29344,2096,200,20960.000000,24525.943300,98,1027,1069.000000,102
4100,00013,21100.712777,0,29344,2096,200,20960.000000,19872.080507,101,1058,1038.000000,99
4100,00002,21100.712777,0,29344,2096,200,20960.000000,19250.826758,110,1153,943.000000,90
4100,00012,21100.712777,0,29344,2096,200,20960.000000,33546.019697,96,1006,1090.000000,104
4100,00009,21100.712777,0,29344,2096,200,20960.000000,19245.001740,88,922,1174.000000,112
4100,00005,21100.712777,0,29344,2096,200,20960.000000,19660.446864,108,1132,964.000000,92
4100,00003,21100.712777,0,29344,2096,200,20960.000000,23366.108056,91,954,1142.000000,109
4100,00007,21100.712777,0,29344,2096,200,20960.000000,19107.818077,82,859,1237.000000,118
4100,00014,21100.712777,0,29344,2096,200,20960.000000,19335.023179,92,964,1132.000000,108
4100,00010,21100.712777,0,29344,2096,200,20960.000000,20810.474138,108,1132,964.000000,92
4100,00011,21100.712777,0,29344,2096,200,20960.000000,19325.980140,108,1132,964.000000,92
4100,00008,21100.712777,0,29344,2096,200,20960.000000,19378.712540,100,1048,1048.000000,100
4100,00001,21100.712777,0,29344,2096,200,20960.000000,18537.388140,114,1195,901.000000,86
4200,00004,20702.040267,0,29344,2096,200,20960.000000,19958.955740,89,933,1163.000000,111
4200,00006,20702.040267,0,29344,2096,200,20960.000000,19657.734140,88,922,1174.000000,112
4200,00013,20702.040267,0,29344,2096,200,20960.000000,20574.347509,87,912,1184.000000,113
4200,00002,20702.040267,0,29344,2096,200,20960.000000,19584.677340,94,985,1111.000000,106
4200,00012,20702.040267,0,29344,2096,200,20960.000000,24261.042783,105,1100,996.000000,95
4200,00009,20702.040267,0,29344,2096,200,20960.000000,19779.601740,100,1048,1048.000000,100
4200,00005,20702.040267,0,29344,2096,200,20960.000000,19548.844940,116,1216,880.000000,84
4200,00003,20702.040267,0,29344,2096,200,20960.000000,25122.909827,95,996,1100.000000,105
4200,00007,20702.040267,0,29344,2096,200,20960.000000,19622.223340,96,1006,1090.000000,104
4200,00014,20702.040267,0,29344,2096,200,20960.000000,19881.947740,104,1090,1006.000000,96
4200,00010,20702.040267,0,29344,2096,200,20960.000000,19716.206729,108,1132,964.000000,92
4200,00011,20702.040267,0,29344,2096,200,20960.000000,19841.371368,102,1069,1027.000000,98
4200,00008,20702.040267,0,29344,2096,200,20960.000000,20191.497252,98,1027,1069.000000,102
4200,00001,20702.040267,0,29344,2096,200,20960.000000,22087.203295,107,1121,975.000000,93
4300,00004,20786.632644,0,29344,2096,200,20960.000000,20406.155740,92,964,1132.000000,108
4300,00006,20786.632644,0,29344,2096,200,20960.000000,20090.934140,95,996,1100.000000,105
4300,00013,20786.632644,0,29344,2096,200,20960.000000,30564.548191,97,1017,1079.000000,103
4300,00002,20786.632644,0,29344,2096,200,20960.000000,20040.577340,115,1205,891.000000,85
4300,00012,20786.632644,0,29344,2096,200,20960.000000,20642.069340,100,1048,1048.000000,100
4300,00009,20786.632644,0,29344,2096,200,20960.000000,17231.460352,111,1163,933.000000,89
4300,00005,20786.632644,0,29344,2096,200,20960.000000,19987.690038,102,1069,1027.000000,98
4300,00003,20786.632644,0,29344,2096,200,20960.000000,21156.184239,90,943,1153.000000,110
4300,00007,20786.632644,0,29344,2096,200,20960.000000,20125.119418,105,1100,996.000000,95
4300,00014,20786.632644,0,29344,2096,200,20960.000000,20385.926171,105,1100,996.000000,95
4300,00010,20786.632644,0,29344,2096,200,20960.000000,20211.655646,96,1006,1090.000000,104
4300,00011,20786.632644,0,29344,2096,200,20960.000000,20363.997787,94,985,1111.000000,106
4300,00008,20786.632644,0,29344,2096,200,20960.000000,20292.067712,92,964,1132.000000,108
4300,00001,20786.632644,0,29344,2096,200,20960.000000,19514.470899,108,1132,964.000000,92
4400,00004,21581.645848,0,29344,2096,200,20960.000000,20905.838093,90,943,1153.000000,110
4400,00006,21581.645848,0,29344,2096,200,20960.000000,20570.882416,98,1027,1069.000000,102
4400,00013,21581.645848,0,29344,2096,200,20960.000000,20866.755092,107,1121,975.000000,93
4400,00002,21581.645848,0,29344,2096,200,20960.000000,20489.683222,99,1038,1058.000000,101
4400,00012,21581.645848,0,29344,2096,200,20960.000000,21443.394731,98,1027,1069.000000,102
4400,00009,21581.645848,0,29344,2096,200,20960.000000,18194.419145,91,954,1142.000000,109
4400,00005,21581.645848,0,29344,2096,200,20960.000000,20483.344940,107,1121,975.000000,93
4400,00003,21581.645848,0,29344,2096,200,20960.000000,21411.366540,93,975,1121.000000,107
4400,00007,21581.645848,0,29344,2096,200,20960.000000,24712.232561,96,1006,1090.000000,104
4400,00014,21581.645848,0,29344,2096,200,20960.000000,20818.047740,95,996,1100.000000,105
4400,00010,21581.645848,0,29344,2096,200,20960.000000,20624.590940,95,996,1100.000000,105
4400,00011,21581.645848,0,29344,2096,200,20960.000000,30721.485766,96,1006,1090.000000,104
4400,00008,21581.645848,0,29344,2096,200,20960.000000,20814.512540,106,1111,985.000000,94
4400,00001,21581.645848,0,29344,2096,200,20960.000000,20086.488140,91,954,1142.000000,109
4500,00004,24268.846879,0,29344,2096,200,20960.000000,21415.569775,103,1079,1017.000000,97
4500,00006,24268.846879,0,29344,2096,200,20960.000000,23074.122779,110,1153,943.000000,90
4500,00013,24268.846879,0,29344,2096,200,20960.000000,31666.280216,99,1038,1058.000000,101
4500,00002,24268.846879,0,29344,2096,200,20960.000000,20955.591375,112,1174,922.000000,88
4500,00012,24268.846879,0,29344,2096,200,20960.000000,22156.411880,90,943,1153.000000,110
4500,00009,24268.846879,0,29344,2096,200,20960.000000,21114.201740,100,1048,1048.000000,100
4500,00005,24268.846879,0,29344,2096,200,20960.000000,20913.844940,100,1048,1048.000000,100
4500,00003,24268.846879,0,29344,2096,200,20960.000000,24691.640291,103,1079,1017.000000,97
4500,00007,24268.846879,0,29344,2096,200,20960.000000,31651.528210,91,954,1142.000000,109
4500,00014,24268.846879,0,29344,2096,200,20960.000000,21255.647740,111,1163,933.000000,89
4500,00010,24268.846879,0,29344,2096,200,20960.000000,21088.590940,111,1163,933.000000,89
4500,00011,24268.846879,0,29344,2096,200,20960.000000,32597.374727,94,985,1111.000000,106
4500,00008,24268.846879,0,29344,2096,200,20960.000000,21327.112540,107,1121,975.000000,93
4500,00001,24268.846879,0,29344,2096,200,20960.000000,25855.939148,97,1017,1079.000000,103
4600,00004,23610.522744,0,29344,2096,200,20960.000000,21983.455740,109,1142,954.000000,91
4600,00006,23610.522744,0,29344,2096,200,20960.000000,24464.314724,91,954,1142.000000,109
4600,00013,23610.522744,0,29344,2096,200,20960.000000,29718.517402,85,891,1205.000000,115
4600,00002,23610.522744,0,29344,2096,200,20960.000000,21415.877340,106,1111,985.000000,94
4600,00012,23610.522744,0,29344,2096,200,20960.000000,23049.800181,97,1017,1079.000000,103
4600,00009,23610.522744,0,29344,2096,200,20960.000000,21645.077179,102,1069,1027.000000,98
4600,00005,23610.522744,0,29344,2096,200,20960.000000,21356.544940,99,1038,1058.000000,101
4600,00003,23610.522744,0,29344,2096,200,20960.000000,22313.866540,92,964,1132.000000,108
4600,00007,23610.522744,0,29344,2096,200,20960.000000,25539.775599,90,943,1153.000000,110
4600,00014,23610.522744,0,29344,2096,200,20960.000000,21688.747740,100,1048,1048.000000,100
4600,00010,23610.522744,0,29344,2096,200,20960.000000,32642.260215,109,1142,954.000000,91
4600,00011,23610.522744,0,29344,2096,200,20960.000000,21772.480140,102,1069,1027.000000,98
4600,00008,23610.522744,0,29344,2096,200,20960.000000,21769.412540,88,922,1174.000000,112
4600,00001,23610.522744,0,29344,2096,200,20960.000000,21187.188140,101,1058,1038.000000,99
4700,00004,23722.189753,0,29344,2096,200,20960.000000,22474.073387,100,1048,1048.000000,100
4700,00006,23722.189753,0,29344,2096,200,20960.000000,34673.183606,96,1006,1090.000000,104
4700,00013,23722.189753,0,29344,2096,200,20960.000000,32518.330778,92,964,1132.000000,108
4700,00002,23722.189753,0,29344,2096,200,20960.000000,21896.938124,113,1184,912.000000,87
4700,00012,23722.189753,0,29344,2096,200,20960.000000,22513.496791,100,1048,1048.000000,100
4700,00009,23722.189753,0,29344,2096,200,20960.000000,17825.122597,88,922,1174.000000,112
4700,00005,23722.189753,0,29344,2096,200,20960.000000,24858.822293,90,943,1153.000000,110
4700,00003,23722.189753,0,29344,2096,200,20960.000000,22833.501023,95,996,1100.000000,105
4700,00007,23722.189753,0,29344,2096,200,20960.000000,22108.746869,100,1048,1048.000000,100
4700,00014,23722.189753,0,29344,2096,200,20960.000000,22178.083034,102,1069,1027.000000,98
4700,00010,23722.189753,0,29344,2096,200,20960.000000,22048.910548,94,985,1111.000000,106
4700,00011,23722.189753,0,29344,2096,200,20960.000000,22213.409552,92,964,1132.000000,108
4700,00008,23722.189753,0,29344,2096,200,20960.000000,22259.814501,96,1006,1090.000000,104
4700,00001,23722.189753,0,29344,2096,200,20960.000000,21708.223434,104,1090,1006.000000,96
4800,00004,23787.291510,0,29344,2096,200,20960.000000,23669.644274,107,1121,975.000000,93
4800,00006,23787.291510,0,29344,2096,200,20960.000000,22452.734140,104,1090,1006.000000,96
4800,00013,23787.291510,0,29344,2096,200,20960.000000,22738.158540,105,1100,996.000000,95
4800,00002,23787.291510,0,29344,2096,200,20960.000000,22421.177340,98,1027,1069.000000,102
4800,00012,23787.291510,0,29344,2096,200,20960.000000,22988.169340,96,1006,1090.000000,104
4800,00009,23787.291510,0,29344,2096,200,20960.000000,22653.601740,112,1174,922.000000,88
4800,00005,23787.291510,0,29344,2096,200,20960.000000,21041.871607,97,1017,1079.000000,103
4800,00003,23787.291510,0,29344,2096,200,20960.000000,23345.066540,102,1069,1027.000000,98
4800,00007,23787.291510,0,29344,2096,200,20960.000000,34145.511748,96,1006,1090.000000,104
4800,00014,23787.291510,0,29344,2096,200,20960.000000,22733.707389,90,943,1153.000000,110
4800,00010,23787.291510,0,29344,2096,200,20960.000000,23118.287876,92,964,1132.000000,108
4800,00011,23787.291510,0,29344,2096,200,20960.000000,22653.280140,92,964,1132.000000,108
4800,00008,23787.291510,0,29344,2096,200,20960.000000,22695.412540,93,975,1121.000000,107
4800,00001,23787.291510,0,29344,2096,200,20960.000000,26365.457932,95,996,1100.000000,105
4900,00004,24653.075436,0,29344,2096,200,20960.000000,23397.355740,102,1069,1027.000000,98
4900,00006,24653.075436,0,29344,2096,200,20960.000000,22947.834140,92,964,1132.000000,108
4900,00013,24653.075436,0,29344,2096,200,20960.000000,23230.558540,94,985,1111.000000,106
4900,00002,24653.075436,0,29344,2096,200,20960.000000,22895.477340,92,964,1132.000000,108
4900,00012,24653.075436,0,29344,2096,200,20960.000000,35968.558491,91,954,1142.000000,109
4900,00009,24653.075436,0,29344,2096,200,20960.000000,23108.401740,108,1132,964.000000,92
4900,00005,24653.075436,0,29344,2096,200,20960.000000,19946.460856,99,1038,1058.000000,101
4900,00003,24653.075436,0,29344,2096,200,20960.000000,23815.066540,89,933,1163.000000,111
4900,00007,24653.075436,0,29344,2096,200,20960.000000,22970.523340,89,933,1163.000000,111
4900,00014,24653.075436,0,29344,2096,200,20960.000000,23177.747740,89,933,1163.000000,111
4900,00010,24653.075436,0,29344,2096,200,20960.000000,34616.813625,100,1048,1048.000000,100
4900,00011,24653.075436,0,29344,2096,200,20960.000000,23150.757333,99,1038,1058.000000,101
4900,00008,24653.075436,0,29344,2096,200,20960.000000,23143.812540,112,1174,922.000000,88
4900,00001,24653.075436,0,29344,2096,200,20960.000000,22773.688140,105,1100,996.000000,95
