% start	end	CellId	IMSI	RNTI	LCID	nTxPDUs	TxBytes	nRxPDUs	RxBytes	delay	stdDev	min	max	PduSize	stdDev	min	max
0.1	0.2	1	1	14	3	178	233180	106	138860	0.0147711	0.0167133	0.00125942	0.0539988	1310	0	1310	1310	
0.1	0.2	1	2	4	3	178	233180	94	123140	0.0247815	0.0125926	0.00343691	0.0516691	1310	0	1310	1310	
0.1	0.2	1	3	8	3	178	233180	43	56330	0.0278571	0.0114514	0.00699665	0.0454967	1310	0	1310	1310	
0.1	0.2	1	4	1	3	178	233180	129	168990	0.0110592	0.0107257	0.00113118	0.0374956	1310	0	1310	1310	
0.1	0.2	1	5	7	3	178	233180	43	56330	0.0252271	0.012357	0.00499449	0.0459945	1310	0	1310	1310	
0.1	0.2	1	6	2	3	178	233180	45	58950	0.0293045	0.0131349	0.00349341	0.0519934	1310	0	1310	1310	
0.1	0.2	1	7	9	3	178	233180	84	110040	0.0340651	0.0137679	0.00649233	0.0520744	1310	0	1310	1310	
0.1	0.2	1	8	13	3	178	233180	43	56330	0.0285261	0.0122651	0.00799125	0.0494913	1310	0	1310	1310	
0.1	0.2	1	9	6	3	178	233180	47	61570	0.0289659	0.015183	0.00399017	0.0740008	1310	0	1310	1310	
0.1	0.2	1	10	11	3	178	233180	76	99560	0.0202984	0.0139089	0.00123184	0.0484891	1310	0	1310	1310	
0.1	0.2	1	11	12	3	178	233180	43	56330	0.0282438	0.0109829	0.00948801	0.047488	1310	0	1310	1310	
0.1	0.2	1	12	5	3	178	233180	47	61570	0.0237474	0.014811	0.00498693	0.064569	1310	0	1310	1310	
0.1	0.2	1	13	3	3	178	233180	45	58950	0.0316192	0.0143845	0.00398585	0.0544859	1310	0	1310	1310	
0.1	0.2	1	14	10	3	178	233180	43	56330	0.0267638	0.0117475	0.00748477	0.0454848	1310	0	1310	1310	
0.2	0.3	1	1	14	3	198	259380	51	66810	0.0724206	0.0131847	0.0330094	0.0914988	1310	0	1310	1310	
0.2	0.3	1	2	4	3	198	259380	58	75980	0.0703339	0.0151725	0.0449977	0.0974977	1310	0	1310	1310	
0.2	0.3	1	3	8	3	198	259380	50	65500	0.0732267	0.0147435	0.0474967	0.0954967	1310	0	1310	1310	
0.2	0.3	1	4	1	3	198	259380	58	75980	0.0675387	0.0186708	0.0359956	0.0964956	1310	0	1310	1310	
0.2	0.3	1	5	7	3	198	259380	50	65500	0.0666745	0.0146314	0.0424945	0.0894945	1310	0	1310	1310	
0.2	0.3	1	6	2	3	198	259380	50	65500	0.0738534	0.012926	0.0504934	0.0959934	1310	0	1310	1310	
0.2	0.3	1	7	9	3	198	259380	51	66810	0.0685283	0.0155391	0.0419923	0.0949923	1310	0	1310	1310	
0.2	0.3	1	8	13	3	198	259380	50	65500	0.0691813	0.0126793	0.0454913	0.0909913	1310	0	1310	1310	
0.2	0.3	1	9	6	3	198	259380	219	286890	0.0399507	0.0321273	0.000982922	0.0939902	1310	0	1310	1310	
0.2	0.3	1	10	11	3	198	259380	143	187330	0.0776201	0.017204	0.0464891	0.11016	1310	0	1310	1310	
0.2	0.3	1	11	12	3	198	259380	50	65500	0.074788	0.0159933	0.048988	0.100488	1310	0	1310	1310	
0.2	0.3	1	12	5	3	198	259380	51	66810	0.0753497	0.0153464	0.0494869	0.0999869	1310	0	1310	1310	
0.2	0.3	1	13	3	3	198	259380	57	74670	0.088281	0.0231664	0.0559859	0.163318	1310	0	1310	1310	
0.2	0.3	1	14	10	3	198	259380	50	65500	0.0654548	0.0155191	0.0394848	0.0904848	1310	0	1310	1310	
0.3	0.4	1	1	14	3	198	259380	50	65500	0.108589	0.0137101	0.0874988	0.132499	1310	0	1310	1310	
0.3	0.4	1	2	4	3	198	259380	50	65500	0.119158	0.011295	0.100498	0.141998	1310	0	1310	1310	
0.3	0.4	1	3	8	3	198	259380	50	65500	0.121217	0.0156561	0.0954967	0.147997	1310	0	1310	1310	
0.3	0.4	1	4	1	3	198	259380	54	70740	0.120372	0.0164194	0.0974956	0.193078	1310	0	1310	1310	
0.3	0.4	1	5	7	3	198	259380	50	65500	0.113704	0.0146424	0.0889945	0.139494	1310	0	1310	1310	
0.3	0.4	1	6	2	3	198	259380	50	65500	0.121693	0.0146388	0.0974934	0.145493	1310	0	1310	1310	
0.3	0.4	1	7	9	3	198	259380	50	65500	0.119132	0.0127295	0.0959923	0.139992	1310	0	1310	1310	
0.3	0.4	1	8	13	3	198	259380	50	65500	0.108661	0.0132652	0.0849913	0.130491	1310	0	1310	1310	
0.3	0.4	1	9	6	3	198	259380	75	98250	0.095793	0.0490869	0.00101864	0.14949	1310	0	1310	1310	
0.3	0.4	1	10	11	3	198	259380	62	81220	0.113432	0.0219562	0.0665533	0.144989	1310	0	1310	1310	
0.3	0.4	1	11	12	3	198	259380	50	65500	0.128088	0.0142467	0.104488	0.151488	1310	0	1310	1310	
0.3	0.4	1	12	5	3	198	259380	57	74670	0.126162	0.0163894	0.0964869	0.154487	1310	0	1310	1310	
0.3	0.4	1	13	3	3	198	259380	50	65500	0.131926	0.0150179	0.105986	0.155486	1310	0	1310	1310	
0.3	0.4	1	14	10	3	198	259380	50	65500	0.115315	0.014545	0.0919848	0.140985	1310	0	1310	1310	
0.4	0.5	1	1	14	3	198	259380	50	65500	0.160429	0.0151469	0.134499	0.185499	1310	0	1310	1310	
0.4	0.5	1	2	4	3	198	259380	50	65500	0.164058	0.0142	0.139498	0.188498	1310	0	1310	1310	
0.4	0.5	1	3	8	3	198	259380	114	149340	0.246914	0.0698806	0.147997	0.336829	1310	0	1310	1310	
0.4	0.5	1	4	1	3	198	259380	50	65500	0.155816	0.0125835	0.137496	0.178996	1310	0	1310	1310	
0.4	0.5	1	5	7	3	198	259380	58	75980	0.16646	0.0157833	0.138494	0.191994	1310	0	1310	1310	
0.4	0.5	1	6	2	3	198	259380	91	119210	0.242399	0.0785508	0.147493	0.354325	1310	0	1310	1310	
0.4	0.5	1	7	9	3	198	259380	50	65500	0.165042	0.0150663	0.139492	0.189992	1310	0	1310	1310	
0.4	0.5	1	8	13	3	198	259380	50	65500	0.156221	0.0138738	0.133491	0.179991	1310	0	1310	1310	
0.4	0.5	1	9	6	3	198	259380	50	65500	0.17083	0.0149743	0.14649	0.19649	1310	0	1310	1310	
0.4	0.5	1	10	11	3	198	259380	50	65500	0.169739	0.0134116	0.147989	0.192989	1310	0	1310	1310	
0.4	0.5	1	11	12	3	198	259380	58	75980	0.200759	0.0519573	0.156488	0.37232	1310	0	1310	1310	
0.4	0.5	1	12	5	3	198	259380	50	65500	0.173487	0.0132776	0.148987	0.193987	1310	0	1310	1310	
0.4	0.5	1	13	3	3	198	259380	50	65500	0.186006	0.0155288	0.160486	0.209986	1310	0	1310	1310	
0.4	0.5	1	14	10	3	198	259380	50	65500	0.167975	0.0163677	0.141485	0.195485	1310	0	1310	1310	
0.5	0.6	1	1	14	3	198	259380	51	66810	0.208813	0.0153737	0.184999	0.235499	1310	0	1310	1310	
0.5	0.6	1	2	4	3	198	259380	286	374660	0.261726	0.0430997	0.183998	0.34408	1310	0	1310	1310	
0.5	0.6	1	3	8	3	198	259380	50	65500	0.236877	0.0150701	0.211997	0.260997	1310	0	1310	1310	
0.5	0.6	1	4	1	3	198	259380	51	66810	0.202898	0.0143972	0.178996	0.225996	1310	0	1310	1310	
0.5	0.6	1	5	7	3	198	259380	50	65500	0.216344	0.0147977	0.189994	0.240494	1310	0	1310	1310	
0.5	0.6	1	6	2	3	198	259380	51	66810	0.223542	0.0128145	0.202493	0.245493	1310	0	1310	1310	
0.5	0.6	1	7	9	3	198	259380	58	75980	0.218691	0.017937	0.190492	0.249492	1310	0	1310	1310	
0.5	0.6	1	8	13	3	198	259380	53	69430	0.214601	0.0524301	0.183491	0.483073	1310	0	1310	1310	
0.5	0.6	1	9	6	3	198	259380	51	66810	0.226	0.0142911	0.20199	0.24849	1310	0	1310	1310	
0.5	0.6	1	10	11	3	198	259380	51	66810	0.212911	0.0128543	0.191989	0.234989	1310	0	1310	1310	
0.5	0.6	1	11	12	3	198	259380	51	66810	0.222331	0.0129594	0.200488	0.244488	1310	0	1310	1310	
0.5	0.6	1	12	5	3	198	259380	51	66810	0.221526	0.0146536	0.197987	0.245987	1310	0	1310	1310	
0.5	0.6	1	13	3	3	198	259380	51	66810	0.2368	0.0144322	0.213486	0.260986	1310	0	1310	1310	
0.5	0.6	1	14	10	3	198	259380	104	136240	0.313716	0.101008	0.200485	0.446817	1310	0	1310	1310	
0.6	0.7	1	1	14	3	198	259380	50	65500	0.260469	0.0156774	0.233999	0.285499	1310	0	1310	1310	
0.6	0.7	1	2	4	3	198	259380	211	276410	0.197772	0.0308907	0.15833	0.268498	1310	0	1310	1310	
0.6	0.7	1	3	8	3	198	259380	50	65500	0.289677	0.0152873	0.263997	0.315997	1310	0	1310	1310	
0.6	0.7	1	4	1	3	198	259380	50	65500	0.246686	0.0125746	0.226496	0.267996	1310	0	1310	1310	
0.6	0.7	1	5	7	3	198	259380	50	65500	0.266044	0.0126213	0.244494	0.286994	1310	0	1310	1310	
0.6	0.7	1	6	2	3	198	259380	50	65500	0.269963	0.0140884	0.244993	0.291493	1310	0	1310	1310	
0.6	0.7	1	7	9	3	198	259380	50	65500	0.277732	0.0148394	0.252992	0.302492	1310	0	1310	1310	
0.6	0.7	1	8	13	3	198	259380	50	65500	0.251261	0.0146967	0.225491	0.275491	1310	0	1310	1310	
0.6	0.7	1	9	6	3	198	259380	135	176850	0.307786	0.0333399	0.24849	0.358822	1310	0	1310	1310	
0.6	0.7	1	10	11	3	198	259380	316	413960	0.278962	0.0458464	0.193321	0.364071	1310	0	1310	1310	
0.6	0.7	1	11	12	3	198	259380	57	74670	0.273892	0.0180521	0.243988	0.303488	1310	0	1310	1310	
0.6	0.7	1	12	5	3	198	259380	91	119210	0.387585	0.130222	0.245487	0.553819	1310	0	1310	1310	
0.6	0.7	1	13	3	3	198	259380	50	65500	0.281996	0.0121921	0.263486	0.304486	1310	0	1310	1310	
0.6	0.7	1	14	10	3	198	259380	50	65500	0.278475	0.0145443	0.254485	0.303485	1310	0	1310	1310	
0.7	0.8	1	1	14	3	198	259380	57	74670	0.31278	0.014824	0.284499	0.338499	1310	0	1310	1310	
0.7	0.8	1	2	4	3	198	259380	62	81220	0.266456	0.0552572	0.15408	0.316498	1310	0	1310	1310	
0.7	0.8	1	3	8	3	198	259380	99	129690	0.447607	0.105122	0.318497	0.581829	1310	0	1310	1310	
0.7	0.8	1	4	1	3	198	259380	114	149340	0.424157	0.115351	0.270496	0.549542	1310	0	1310	1310	
0.7	0.8	1	5	7	3	198	259380	50	65500	0.315594	0.0156727	0.289494	0.339994	1310	0	1310	1310	
0.7	0.8	1	6	2	3	198	259380	50	65500	0.316623	0.0131195	0.292993	0.337993	1310	0	1310	1310	
0.7	0.8	1	7	9	3	198	259380	75	98250	0.416023	0.1281	0.302992	0.620574	1310	0	1310	1310	
0.7	0.8	1	8	13	3	198	259380	172	225320	0.487669	0.129988	0.275991	0.599573	1310	0	1310	1310	
0.7	0.8	1	9	6	3	198	259380	50	65500	0.31396	0.013472	0.28949	0.33549	1310	0	1310	1310	
0.7	0.8	1	10	11	3	198	259380	73	95630	0.274104	0.0623447	0.176321	0.339489	1310	0	1310	1310	
0.7	0.8	1	11	12	3	198	259380	50	65500	0.331558	0.015593	0.306488	0.358488	1310	0	1310	1310	
0.7	0.8	1	12	5	3	198	259380	50	65500	0.319317	0.0148037	0.294987	0.343487	1310	0	1310	1310	
0.7	0.8	1	13	3	3	198	259380	50	65500	0.329626	0.0135161	0.306986	0.353486	1310	0	1310	1310	
0.7	0.8	1	14	10	3	198	259380	50	65500	0.325005	0.0129043	0.303985	0.348485	1310	0	1310	1310	
0.8	0.9	1	1	14	3	198	259380	51	66810	0.360067	0.0158569	0.335499	0.387499	1310	0	1310	1310	
0.8	0.9	1	2	4	3	198	259380	77	100870	0.313547	0.0349696	0.26208	0.361998	1310	0	1310	1310	
0.8	0.9	1	3	8	3	198	259380	51	66810	0.401918	0.0147528	0.376997	0.424997	1310	0	1310	1310	
0.8	0.9	1	4	1	3	198	259380	50	65500	0.345956	0.0154576	0.321996	0.372496	1310	0	1310	1310	
0.8	0.9	1	5	7	3	198	259380	51	66810	0.369279	0.0173044	0.339994	0.396494	1310	0	1310	1310	
0.8	0.9	1	6	2	3	198	259380	58	75980	0.363787	0.0145545	0.336993	0.388993	1310	0	1310	1310	
0.8	0.9	1	7	9	3	198	259380	147	192570	0.53613	0.120964	0.346992	0.652217	1310	0	1310	1310	
0.8	0.9	1	8	13	3	198	259380	70	91700	0.423163	0.109894	0.331491	0.659716	1310	0	1310	1310	
0.8	0.9	1	9	6	3	198	259380	50	65500	0.36464	0.0168971	0.33749	0.39249	1310	0	1310	1310	
0.8	0.9	1	10	11	3	198	259380	169	221390	0.316433	0.0342511	0.268196	0.387989	1310	0	1310	1310	
0.8	0.9	1	11	12	3	198	259380	92	120520	0.524112	0.163135	0.355488	0.73157	1310	0	1310	1310	
0.8	0.9	1	12	5	3	198	259380	56	73360	0.40086	0.103416	0.346987	0.718319	1310	0	1310	1310	
0.8	0.9	1	13	3	3	198	259380	63	82530	0.409385	0.0859473	0.357986	0.721318	1310	0	1310	1310	
0.8	0.9	1	14	10	3	198	259380	51	66810	0.374642	0.0154083	0.349985	0.400485	1310	0	1310	1310	
0.9	1	1	1	14	3	198	259380	50	65500	0.409909	0.0153436	0.382999	0.433999	1310	0	1310	1310	
0.9	1	1	2	4	3	198	259380	222	290820	0.313224	0.0524176	0.23183	0.408498	1310	0	1310	1310	
0.9	1	1	3	8	3	198	259380	100	131000	0.577314	0.132806	0.425997	0.726793	1310	0	1310	1310	
0.9	1	1	4	1	3	198	259380	58	75980	0.399168	0.016365	0.371496	0.425996	1310	0	1310	1310	
0.9	1	1	5	7	3	198	259380	655	858050	0.521909	0.153718	0.261327	0.792827	1310	0	1310	1310	
0.9	1	1	6	2	3	198	259380	54	70740	0.445328	0.109708	0.386993	0.83754	1310	0	1310	1310	
0.9	1	1	7	9	3	198	259380	50	65500	0.420802	0.0151916	0.394992	0.446492	1310	0	1310	1310	
0.9	1	1	8	13	3	198	259380	68	89080	0.493776	0.142128	0.384991	0.740823	1310	0	1310	1310	
0.9	1	1	9	6	3	198	259380	51	66810	0.418559	0.0170786	0.38949	0.44649	1310	0	1310	1310	
0.9	1	1	10	11	3	198	259380	50	65500	0.410899	0.0142566	0.386489	0.435989	1310	0	1310	1310	
0.9	1	1	11	12	3	198	259380	51	66810	0.43498	0.0452709	0.403488	0.73407	1310	0	1310	1310	
0.9	1	1	12	5	3	198	259380	51	66810	0.413114	0.0156412	0.389487	0.439487	1310	0	1310	1310	
0.9	1	1	13	3	3	198	259380	50	65500	0.436666	0.0162775	0.408986	0.463986	1310	0	1310	1310	
0.9	1	1	14	10	3	198	259380	50	65500	0.426135	0.0153544	0.399485	0.450985	1310	0	1310	1310	
1	1.1	1	1	14	3	198	259380	120	157200	0.692389	0.198699	0.434499	0.876831	1310	0	1310	1310	
1	1.1	1	2	4	3	198	259380	148	193880	0.337432	0.0679492	0.274223	0.453998	1310	0	1310	1310	
1	1.1	1	3	8	3	198	259380	168	220080	0.636902	0.0963541	0.468997	0.749579	1310	0	1310	1310	
1	1.1	1	4	1	3	198	259380	50	65500	0.454036	0.0147371	0.429496	0.476996	1310	0	1310	1310	
1	1.1	1	5	7	3	198	259380	393	514830	0.159472	0.14293	0.000987242	0.496994	1310	0	1310	1310	
1	1.1	1	6	2	3	198	259380	51	66810	0.475034	0.0543902	0.444993	0.842575	1310	0	1310	1310	
1	1.1	1	7	9	3	198	259380	50	65500	0.471162	0.0136137	0.447492	0.494992	1310	0	1310	1310	
1	1.1	1	8	13	3	198	259380	50	65500	0.456371	0.0151093	0.429991	0.482991	1310	0	1310	1310	
1	1.1	1	9	6	3	198	259380	57	74670	0.476481	0.0166064	0.44749	0.50349	1310	0	1310	1310	
1	1.1	1	10	11	3	198	259380	50	65500	0.459989	0.0161068	0.433989	0.486989	1310	0	1310	1310	
1	1.1	1	11	12	3	198	259380	51	66810	0.486926	0.0614964	0.455488	0.90732	1310	0	1310	1310	
1	1.1	1	12	5	3	198	259380	72	94320	0.559095	0.173213	0.442487	0.901212	1310	0	1310	1310	
1	1.1	1	13	3	3	198	259380	50	65500	0.488576	0.0151761	0.462986	0.515486	1310	0	1310	1310	
1	1.1	1	14	10	3	198	259380	50	65500	0.479745	0.0141545	0.456485	0.502485	1310	0	1310	1310	
1.1	1.2	1	1	14	3	198	259380	108	141480	0.721888	0.203067	0.486999	0.922331	1310	0	1310	1310	
1.1	1.2	1	2	4	3	198	259380	94	123140	0.406265	0.0763501	0.29133	0.499498	1310	0	1310	1310	
1.1	1.2	1	3	8	3	198	259380	60	78600	0.555624	0.0282696	0.522997	0.676829	1310	0	1310	1310	
1.1	1.2	1	4	1	3	198	259380	50	65500	0.503916	0.0156369	0.479996	0.528996	1310	0	1310	1310	
1.1	1.2	1	5	7	3	198	259380	159	208290	0.193236	0.2543	0.000987242	0.554994	1310	0	1310	1310	
1.1	1.2	1	6	2	3	198	259380	50	65500	0.519503	0.0159077	0.493993	0.545993	1310	0	1310	1310	
1.1	1.2	1	7	9	3	198	259380	61	79910	0.577465	0.127386	0.494992	0.902039	1310	0	1310	1310	
1.1	1.2	1	8	13	3	198	259380	50	65500	0.507281	0.0147396	0.483491	0.531991	1310	0	1310	1310	
1.1	1.2	1	9	6	3	198	259380	50	65500	0.52562	0.0140181	0.50199	0.54949	1310	0	1310	1310	
1.1	1.2	1	10	11	3	198	259380	50	65500	0.508279	0.0135316	0.488489	0.531989	1310	0	1310	1310	
1.1	1.2	1	11	12	3	198	259380	51	66810	0.533097	0.0594224	0.503988	0.93757	1310	0	1310	1310	
1.1	1.2	1	12	5	3	198	259380	50	65500	0.521947	0.0135495	0.500987	0.545487	1310	0	1310	1310	
1.1	1.2	1	13	3	3	198	259380	50	65500	0.539326	0.0139775	0.516486	0.563986	1310	0	1310	1310	
1.1	1.2	1	14	10	3	198	259380	50	65500	0.524705	0.0134469	0.501985	0.545485	1310	0	1310	1310	
1.2	1.3	1	1	14	3	198	259380	55	72050	0.576128	0.0985456	0.523999	0.922081	1310	0	1310	1310	
1.2	1.3	1	2	4	3	198	259380	51	66810	0.527066	0.0158855	0.499998	0.548998	1310	0	1310	1310	
1.2	1.3	1	3	8	3	198	259380	50	65500	0.605097	0.0157875	0.578997	0.631497	1310	0	1310	1310	
1.2	1.3	1	4	1	3	198	259380	51	66810	0.555123	0.0160794	0.531496	0.582496	1310	0	1310	1310	
1.2	1.3	1	5	7	3	198	259380	157	205670	0.185708	0.271013	0.000987242	0.606494	1310	0	1310	1310	
1.2	1.3	1	6	2	3	198	259380	51	66810	0.567572	0.0127626	0.545993	0.589993	1310	0	1310	1310	
1.2	1.3	1	7	9	3	198	259380	92	120520	0.705685	0.179225	0.541492	0.957074	1310	0	1310	1310	
1.2	1.3	1	8	13	3	198	259380	52	68120	0.568156	0.0574896	0.534991	0.959573	1310	0	1310	1310	
1.2	1.3	1	9	6	3	198	259380	215	281650	0.729279	0.0897608	0.55349	0.826715	1310	0	1310	1310	
1.2	1.3	1	10	11	3	198	259380	51	66810	0.562273	0.0167103	0.535489	0.589489	1310	0	1310	1310	
1.2	1.3	1	11	12	3	198	259380	63	82530	0.671095	0.208928	0.545488	1.10157	1310	0	1310	1310	
1.2	1.3	1	12	5	3	198	259380	51	66810	0.570428	0.0132422	0.547487	0.592987	1310	0	1310	1310	
1.2	1.3	1	13	3	3	198	259380	51	66810	0.587192	0.0141835	0.564486	0.611486	1310	0	1310	1310	
1.2	1.3	1	14	10	3	198	259380	58	75980	0.574493	0.0164441	0.548985	0.601985	1310	0	1310	1310	
1.3	1.4	1	1	14	3	198	259380	155	203050	0.871034	0.192204	0.569999	1.03008	1310	0	1310	1310	
1.3	1.4	1	2	4	3	198	259380	50	65500	0.574628	0.0127443	0.552998	0.596498	1310	0	1310	1310	
1.3	1.4	1	3	8	3	198	259380	50	65500	0.656407	0.0121322	0.635497	0.677997	1310	0	1310	1310	
1.3	1.4	1	4	1	3	198	259380	50	65500	0.609226	0.0156669	0.582496	0.634496	1310	0	1310	1310	
1.3	1.4	1	5	7	3	198	259380	61	79910	0.512308	0.242067	0.000987242	0.647494	1310	0	1310	1310	
1.3	1.4	1	6	2	3	198	259380	88	115280	0.856534	0.281597	0.592493	1.20183	1310	0	1310	1310	
1.3	1.4	1	7	9	3	198	259380	57	74670	0.676963	0.142593	0.600492	1.05732	1310	0	1310	1310	
1.3	1.4	1	8	13	3	198	259380	50	65500	0.612291	0.0152637	0.586991	0.638991	1310	0	1310	1310	
1.3	1.4	1	9	6	3	198	259380	50	65500	0.61627	0.0140259	0.59449	0.64099	1310	0	1310	1310	
1.3	1.4	1	10	11	3	198	259380	62	81220	0.62904	0.0300722	0.591489	0.712821	1310	0	1310	1310	
1.3	1.4	1	11	12	3	198	259380	62	81220	0.667741	0.135391	0.597488	1.11982	1310	0	1310	1310	
1.3	1.4	1	12	5	3	198	259380	50	65500	0.620057	0.0139591	0.597487	0.643487	1310	0	1310	1310	
1.3	1.4	1	13	3	3	198	259380	50	65500	0.637586	0.013643	0.613986	0.660486	1310	0	1310	1310	
1.3	1.4	1	14	10	3	198	259380	69	90390	0.7903	0.257249	0.606485	1.22982	1310	0	1310	1310	
1.4	1.5	1	1	14	3	198	259380	57	74670	0.642797	0.0154948	0.617499	0.669499	1310	0	1310	1310	
1.4	1.5	1	2	4	3	198	259380	51	66810	0.620043	0.0140545	0.56983	0.642998	1310	0	1310	1310	
1.4	1.5	1	3	8	3	198	259380	50	65500	0.701047	0.0140299	0.678497	0.725997	1310	0	1310	1310	
1.4	1.5	1	4	1	3	198	259380	50	65500	0.658036	0.0134114	0.634496	0.679996	1310	0	1310	1310	
1.4	1.5	1	5	7	3	198	259380	50	65500	0.668614	0.0128244	0.644994	0.689494	1310	0	1310	1310	
1.4	1.5	1	6	2	3	198	259380	60	78600	0.751711	0.216528	0.629993	1.27983	1310	0	1310	1310	
1.4	1.5	1	7	9	3	198	259380	50	65500	0.661192	0.0121445	0.640992	0.684992	1310	0	1310	1310	
1.4	1.5	1	8	13	3	198	259380	57	74670	0.66536	0.0167411	0.636491	0.693491	1310	0	1310	1310	
1.4	1.5	1	9	6	3	198	259380	50	65500	0.66721	0.0150676	0.64199	0.69299	1310	0	1310	1310	
1.4	1.5	1	10	11	3	198	259380	114	149340	0.741697	0.0602024	0.652489	0.813071	1310	0	1310	1310	
1.4	1.5	1	11	12	3	198	259380	50	65500	0.682208	0.0134442	0.660488	0.705988	1310	0	1310	1310	
1.4	1.5	1	12	5	3	198	259380	50	65500	0.668797	0.0132645	0.646487	0.691987	1310	0	1310	1310	
1.4	1.5	1	13	3	3	198	259380	51	66810	0.699848	0.0914498	0.663986	1.33396	1310	0	1310	1310	
1.4	1.5	1	14	10	3	198	259380	51	66810	0.701173	0.0771574	0.664485	1.23107	1310	0	1310	1310	
1.5	1.6	1	1	14	3	198	259380	129	168990	0.914029	0.178936	0.669999	1.07472	1310	0	1310	1310	
1.5	1.6	1	2	4	3	198	259380	69	90390	0.67173	0.0166213	0.645498	0.710776	1310	0	1310	1310	
1.5	1.6	1	3	8	3	198	259380	51	66810	0.742997	0.0112561	0.724997	0.761997	1310	0	1310	1310	
1.5	1.6	1	4	1	3	198	259380	50	65500	0.708606	0.0149732	0.685996	0.733496	1310	0	1310	1310	
1.5	1.6	1	5	7	3	198	259380	51	66810	0.712808	0.0143105	0.688994	0.737494	1310	0	1310	1310	
1.5	1.6	1	6	2	3	198	259380	70	91700	0.813257	0.221161	0.682993	1.30033	1310	0	1310	1310	
1.5	1.6	1	7	9	3	198	259380	51	66810	0.709659	0.0145745	0.684992	0.732492	1310	0	1310	1310	
1.5	1.6	1	8	13	3	198	259380	51	66810	0.720354	0.0158133	0.693991	0.746491	1310	0	1310	1310	
1.5	1.6	1	9	6	3	198	259380	69	90390	0.79315	0.122189	0.69449	1.02027	1310	0	1310	1310	
1.5	1.6	1	10	11	3	198	259380	121	158510	0.749194	0.028871	0.700489	0.806464	1310	0	1310	1310	
1.5	1.6	1	11	12	3	198	259380	51	66810	0.732537	0.0166196	0.704488	0.758488	1310	0	1310	1310	
1.5	1.6	1	12	5	3	198	259380	50	65500	0.715607	0.0142959	0.694487	0.740987	1310	0	1310	1310	
1.5	1.6	1	13	3	3	198	259380	75	98250	0.885124	0.281197	0.709486	1.43507	1310	0	1310	1310	
1.5	1.6	1	14	10	3	198	259380	273	357630	1.16515	0.211274	0.713985	1.35157	1310	0	1310	1310	
1.6	1.7	1	1	14	3	198	259380	50	65500	0.738599	0.0140694	0.713999	0.762999	1310	0	1310	1310	
1.6	1.7	1	2	4	3	198	259380	68	89080	0.717413	0.0153802	0.689498	0.746498	1310	0	1310	1310	
1.6	1.7	1	3	8	3	198	259380	50	65500	0.778807	0.00867961	0.760997	0.794997	1310	0	1310	1310	
1.6	1.7	1	4	1	3	198	259380	58	75980	0.767013	0.0195547	0.735496	0.800496	1310	0	1310	1310	
1.6	1.7	1	5	7	3	198	259380	50	65500	0.765654	0.0153877	0.739494	0.788994	1310	0	1310	1310	
1.6	1.7	1	6	2	3	198	259380	50	65500	0.769203	0.0146577	0.743493	0.791993	1310	0	1310	1310	
1.6	1.7	1	7	9	3	198	259380	50	65500	0.754252	0.0135651	0.729992	0.777492	1310	0	1310	1310	
1.6	1.7	1	8	13	3	198	259380	70	91700	0.949576	0.28439	0.745991	1.42207	1310	0	1310	1310	
1.6	1.7	1	9	6	3	198	259380	53	69430	0.780303	0.057815	0.74449	1.06079	1310	0	1310	1310	
1.6	1.7	1	10	11	3	198	259380	50	65500	0.770879	0.012808	0.747989	0.793489	1310	0	1310	1310	
1.6	1.7	1	11	12	3	198	259380	89	116590	1.07795	0.33601	0.759488	1.47657	1310	0	1310	1310	
1.6	1.7	1	12	5	3	198	259380	51	66810	0.764761	0.0130952	0.743487	0.786987	1310	0	1310	1310	
1.6	1.7	1	13	3	3	198	259380	53	69430	0.820624	0.165703	0.760486	1.53432	1310	0	1310	1310	
1.6	1.7	1	14	10	3	198	259380	87	113970	0.945136	0.201173	0.750985	1.22382	1310	0	1310	1310	
1.7	1.8	1	1	14	3	198	259380	50	65500	0.787629	0.0132637	0.764999	0.807499	1310	0	1310	1310	
1.7	1.8	1	2	4	3	198	259380	82	107380	0.796865	0.0336621	0.748998	0.87758	1309.51	4.41726	1270	1310	
1.7	1.8	1	3	8	3	198	259380	60	78600	0.905329	0.19791	0.794497	1.35095	1310	0	1310	1310	
1.7	1.8	1	4	1	3	198	259380	50	65500	0.816296	0.0093241	0.799496	0.834496	1310	0	1310	1310	
1.7	1.8	1	5	7	3	198	259380	50	65500	0.818414	0.014786	0.792494	0.843494	1310	0	1310	1310	
1.7	1.8	1	6	2	3	198	259380	128	167680	1.23463	0.336453	0.793993	1.52608	1310	0	1310	1310	
1.7	1.8	1	7	9	3	198	259380	50	65500	0.804632	0.0137655	0.779492	0.826992	1310	0	1310	1310	
1.7	1.8	1	8	13	3	198	259380	50	65500	0.824341	0.0152129	0.798991	0.848491	1310	0	1310	1310	
1.7	1.8	1	9	6	3	198	259380	57	74670	0.821052	0.0136921	0.79849	0.84699	1310	0	1310	1310	
1.7	1.8	1	10	11	3	198	259380	50	65500	0.815399	0.0132051	0.794989	0.838989	1310	0	1310	1310	
1.7	1.8	1	11	12	3	198	259380	54	70740	0.875429	0.176111	0.800988	1.49957	1310	0	1310	1310	
1.7	1.8	1	12	5	3	198	259380	59	77290	0.847281	0.141018	0.791987	1.58982	1310	0	1310	1310	
1.7	1.8	1	13	3	3	198	259380	50	65500	0.827876	0.0149742	0.803986	0.853986	1310	0	1310	1310	
1.7	1.8	1	14	10	3	198	259380	366	479460	1.07754	0.123258	0.793985	1.24282	1310	0	1310	1310	
1.8	1.9	1	1	14	3	198	259380	50	65500	0.835639	0.0144381	0.810499	0.857499	1310	0	1310	1310	
1.8	1.9	1	2	4	3	198	259380	65	85150	0.847315	0.0466872	0.796498	0.93158	1310	0	1310	1310	
1.8	1.9	1	3	8	3	198	259380	58	75980	0.873635	0.0183924	0.844497	0.904997	1310	0	1310	1310	
1.8	1.9	1	4	1	3	198	259380	50	65500	0.858376	0.013091	0.838496	0.879996	1310	0	1310	1310	
1.8	1.9	1	5	7	3	198	259380	381	499110	0.472744	0.178872	0.287827	0.899994	1310	0	1310	1310	
1.8	1.9	1	6	2	3	198	259380	56	73360	0.931424	0.196181	0.842493	1.49268	1310	0	1310	1310	
1.8	1.9	1	7	9	3	198	259380	50	65500	0.849462	0.0133031	0.827492	0.871992	1310	0	1310	1310	
1.8	1.9	1	8	13	3	198	259380	50	65500	0.875951	0.0128678	0.853491	0.896991	1310	0	1310	1310	
1.8	1.9	1	9	6	3	198	259380	50	65500	0.86587	0.0126497	0.84799	0.88799	1310	0	1310	1310	
1.8	1.9	1	10	11	3	198	259380	68	89080	0.916728	0.0917712	0.836989	1.10246	1310	0	1310	1310	
1.8	1.9	1	11	12	3	198	259380	50	65500	0.871748	0.0134522	0.850488	0.895488	1310	0	1310	1310	
1.8	1.9	1	12	5	3	198	259380	50	65500	0.878437	0.0156594	0.853987	0.905487	1310	0	1310	1310	
1.8	1.9	1	13	3	3	198	259380	50	65500	0.880106	0.0125891	0.859486	0.903986	1310	0	1310	1310	
1.8	1.9	1	14	10	3	198	259380	97	127070	0.915048	0.0594578	0.836985	0.992817	1310	0	1310	1310	
1.9	2	1	1	14	3	198	259380	51	66810	0.871626	0.00886219	0.853499	0.887499	1310	0	1310	1310	
1.9	2	1	2	4	3	198	259380	69	90390	0.901531	0.0475007	0.850498	0.989223	1310	0	1310	1310	
1.9	2	1	3	8	3	198	259380	50	65500	0.930387	0.0145231	0.905497	0.954497	1310	0	1310	1310	
1.9	2	1	4	1	3	198	259380	51	66810	0.905407	0.0125382	0.882496	0.923496	1310	0	1310	1310	
1.9	2	1	5	7	3	198	259380	85	111350	0.654104	0.325435	0.248987	0.949994	1310	0	1310	1310	
1.9	2	1	6	2	3	198	259380	55	72050	0.970993	0.190146	0.891993	1.67208	1310	0	1310	1310	
1.9	2	1	7	9	3	198	259380	58	75980	0.901725	0.0165355	0.872992	0.927992	1310	0	1310	1310	
1.9	2	1	8	13	3	198	259380	51	66810	0.917168	0.0123603	0.895491	0.937991	1310	0	1310	1310	
1.9	2	1	9	6	3	198	259380	51	66810	0.913451	0.0131798	0.89049	0.93549	1310	0	1310	1310	
1.9	2	1	10	11	3	198	259380	51	66810	0.915891	0.0143056	0.889989	0.938489	1310	0	1310	1310	
1.9	2	1	11	12	3	198	259380	107	140170	1.31613	0.38444	0.895988	1.69875	1310	0	1310	1310	
1.9	2	1	12	5	3	198	259380	79	103490	1.21744	0.392779	0.907487	1.76702	1310	0	1310	1310	
1.9	2	1	13	3	3	198	259380	51	66810	0.927447	0.0142323	0.901986	0.949986	1310	0	1310	1310	
1.9	2	1	14	10	3	198	259380	74	96940	0.956611	0.104158	0.881985	1.17482	1310	0	1310	1310	
2	2.1	1	1	14	3	198	259380	50	65500	0.907159	0.0140056	0.882499	0.930499	1310	0	1310	1310	
2	2.1	1	2	4	3	198	259380	65	85150	0.947774	0.0454623	0.902998	1.07683	1310	0	1310	1310	
2	2.1	1	3	8	3	198	259380	98	128380	1.26893	0.298589	0.956497	1.60333	1310	0	1310	1310	
2	2.1	1	4	1	3	198	259380	51	66810	0.965992	0.122972	0.922496	1.82033	1310	0	1310	1310	
2	2.1	1	5	7	3	198	259380	50	65500	0.976854	0.0138689	0.952994	1.00049	1310	0	1310	1310	
2	2.1	1	6	2	3	198	259380	50	65500	0.969183	0.0128074	0.945993	0.989993	1310	0	1310	1310	
2	2.1	1	7	9	3	198	259380	50	65500	0.948192	0.0136221	0.926492	0.971992	1310	0	1310	1310	
2	2.1	1	8	13	3	198	259380	50	65500	0.956041	0.0112274	0.935991	0.977491	1310	0	1310	1310	
2	2.1	1	9	6	3	198	259380	504	660240	1.22177	0.129779	0.93699	1.424	1310	0	1310	1310	
2	2.1	1	10	11	3	198	259380	66	86460	1.01038	0.111214	0.938989	1.28907	1310	0	1310	1310	
2	2.1	1	11	12	3	198	259380	63	82530	1.03546	0.219543	0.938988	1.70657	1310	0	1310	1310	
2	2.1	1	12	5	3	198	259380	50	65500	0.976727	0.0158701	0.949487	1.00249	1310	0	1310	1310	
2	2.1	1	13	3	3	198	259380	50	65500	0.971066	0.0157086	0.945986	0.998486	1310	0	1310	1310	
2	2.1	1	14	10	3	198	259380	272	356320	1.09323	0.0756249	0.930485	1.18857	1310	0	1310	1310	
2.1	2.2	1	1	14	3	198	259380	57	74670	0.951815	0.0153703	0.925499	0.978999	1310	0	1310	1310	
2.1	2.2	1	2	4	3	198	259380	189	247590	1.06136	0.0578202	0.944498	1.12042	1310	0	1310	1310	
2.1	2.2	1	3	8	3	198	259380	50	65500	1.02238	0.0161225	0.997997	1.049	1310	0	1310	1310	
2.1	2.2	1	4	1	3	198	259380	71	93010	1.25497	0.398146	0.976496	1.90817	1310	0	1310	1310	
2.1	2.2	1	5	7	3	198	259380	50	65500	1.02312	0.0127202	1.00299	1.04649	1310	0	1310	1310	
2.1	2.2	1	6	2	3	198	259380	50	65500	1.01382	0.0127306	0.990993	1.03449	1310	0	1310	1310	
2.1	2.2	1	7	9	3	198	259380	50	65500	0.990282	0.0140142	0.965992	1.01349	1310	0	1310	1310	
2.1	2.2	1	8	13	3	198	259380	57	74670	1.00322	0.0168332	0.975491	1.03199	1310	0	1310	1310	
2.1	2.2	1	9	6	3	198	259380	230	301300	1.01396	0.0240291	0.974001	1.06097	1310	0	1310	1310	
2.1	2.2	1	10	11	3	198	259380	50	65500	1.01655	0.0129109	0.993989	1.03849	1310	0	1310	1310	
2.1	2.2	1	11	12	3	198	259380	252	330120	1.5984	0.294656	0.989488	1.81446	1310	0	1310	1310	
2.1	2.2	1	12	5	3	198	259380	50	65500	1.02921	0.013448	1.00549	1.05049	1310	0	1310	1310	
2.1	2.2	1	13	3	3	198	259380	50	65500	1.02719	0.014998	1.00249	1.05249	1310	0	1310	1310	
2.1	2.2	1	14	10	3	198	259380	50	65500	1.00318	0.0140567	0.978985	1.02798	1310	0	1310	1310	
2.2	2.3	1	1	14	3	198	259380	376	492560	1.49157	0.203106	0.976999	1.68558	1310	0	1310	1310	
2.2	2.3	1	2	4	3	198	259380	51	66810	1.01615	0.0137915	0.993998	1.0405	1310	0	1310	1310	
2.2	2.3	1	3	8	3	198	259380	51	66810	1.07236	0.0143503	1.049	1.097	1310	0	1310	1310	
2.2	2.3	1	4	1	3	198	259380	81	106110	1.38294	0.435667	1.0255	1.96758	1310	0	1310	1310	
2.2	2.3	1	5	7	3	198	259380	51	66810	1.0697	0.0132364	1.04599	1.09249	1310	0	1310	1310	
2.2	2.3	1	6	2	3	198	259380	59	77290	1.07126	0.118416	1.03099	1.95847	1310	0	1310	1310	
2.2	2.3	1	7	9	3	198	259380	51	66810	1.04306	0.0160025	1.01649	1.06849	1310	0	1310	1310	
2.2	2.3	1	8	13	3	198	259380	51	66810	1.05964	0.0154202	1.03599	1.08649	1310	0	1310	1310	
2.2	2.3	1	9	6	3	198	259380	425	556750	0.910076	0.0976669	0.722465	1.07349	1310	0	1310	1310	
2.2	2.3	1	10	11	3	198	259380	53	69430	1.07589	0.0852429	1.03699	1.50007	1310	0	1310	1310	
2.2	2.3	1	11	12	3	198	259380	51	66810	1.06693	0.0149488	1.04199	1.09149	1310	0	1310	1310	
2.2	2.3	1	12	5	3	198	259380	66	86460	1.29369	0.411272	1.05199	2.05982	1310	0	1310	1310	
2.2	2.3	1	13	3	3	198	259380	58	75980	1.0838	0.0173037	1.05499	1.11299	1310	0	1310	1310	
2.2	2.3	1	14	10	3	198	259380	53	69430	1.0575	0.0374357	1.02598	1.25832	1310	0	1310	1310	
2.3	2.4	1	1	14	3	198	259380	80	104800	1.20035	0.188261	1.033	1.45258	1310	0	1310	1310	
2.3	2.4	1	2	4	3	198	259380	62	81220	1.07941	0.036888	1.0425	1.19547	1310	0	1310	1310	
2.3	2.4	1	3	8	3	198	259380	50	65500	1.12814	0.0160309	1.1015	1.153	1310	0	1310	1310	
2.3	2.4	1	4	1	3	198	259380	135	176850	1.62487	0.44318	1.079	2.01808	1310	0	1310	1310	
2.3	2.4	1	5	7	3	198	259380	50	65500	1.11205	0.0122556	1.08999	1.13449	1310	0	1310	1310	
2.3	2.4	1	6	2	3	198	259380	50	65500	1.10051	0.011219	1.07999	1.11899	1310	0	1310	1310	
2.3	2.4	1	7	9	3	198	259380	50	65500	1.09314	0.013094	1.06949	1.11299	1310	0	1310	1310	
2.3	2.4	1	8	13	3	198	259380	50	65500	1.11427	0.015252	1.08749	1.13999	1310	0	1310	1310	
2.3	2.4	1	9	6	3	198	259380	56	73360	1.06275	0.108512	0.742465	1.11999	1310	0	1310	1310	
2.3	2.4	1	10	11	3	198	259380	50	65500	1.10124	0.0139087	1.07549	1.12149	1310	0	1310	1310	
2.3	2.4	1	11	12	3	198	259380	50	65500	1.11823	0.0151665	1.09149	1.14449	1310	0	1310	1310	
2.3	2.4	1	12	5	3	198	259380	50	65500	1.12332	0.0161825	1.09799	1.14949	1310	0	1310	1310	
2.3	2.4	1	13	3	3	198	259380	50	65500	1.13128	0.00958745	1.11499	1.14899	1310	0	1310	1310	
2.3	2.4	1	14	10	3	198	259380	50	65500	1.10679	0.0155169	1.07998	1.13198	1310	0	1310	1310	
2.4	2.5	1	1	14	3	198	259380	50	65500	1.10522	0.0145371	1.081	1.1305	1310	0	1310	1310	
2.4	2.5	1	2	4	3	198	259380	50	65500	1.12282	0.0139382	1.1005	1.1455	1310	0	1310	1310	
2.4	2.5	1	3	8	3	198	259380	57	74670	1.26627	0.246803	1.1525	1.92658	1310	0	1310	1310	
2.4	2.5	1	4	1	3	198	259380	188	246280	1.76099	0.361826	1.14	2.02208	1310	0	1310	1310	
2.4	2.5	1	5	7	3	198	259380	50	65500	1.15788	0.0116804	1.13449	1.17649	1310	0	1310	1310	
2.4	2.5	1	6	2	3	198	259380	52	68120	1.1806	0.190884	1.11799	2.14883	1310	0	1310	1310	
2.4	2.5	1	7	9	3	198	259380	50	65500	1.13647	0.0146917	1.11099	1.15949	1310	0	1310	1310	
2.4	2.5	1	8	13	3	198	259380	50	65500	1.15912	0.0120415	1.14049	1.18149	1310	0	1310	1310	
2.4	2.5	1	9	6	3	198	259380	57	74670	1.14104	0.0156238	1.11349	1.16749	1310	0	1310	1310	
2.4	2.5	1	10	11	3	198	259380	66	86460	1.26714	0.220808	1.12199	1.67257	1310	0	1310	1310	
2.4	2.5	1	11	12	3	198	259380	50	65500	1.15824	0.00961411	1.14199	1.17499	1310	0	1310	1310	
2.4	2.5	1	12	5	3	198	259380	85	111350	1.50997	0.469846	1.15549	2.18457	1310	0	1310	1310	
2.4	2.5	1	13	3	3	198	259380	50	65500	1.16994	0.0123991	1.14899	1.19249	1310	0	1310	1310	
2.4	2.5	1	14	10	3	198	259380	50	65500	1.15673	0.0136357	1.13248	1.17948	1310	0	1310	1310	
2.5	2.6	1	1	14	3	198	259380	248	324880	1.5635	0.210922	1.128	1.73681	1310	0	1310	1310	
2.5	2.6	1	2	4	3	198	259380	50	65500	1.16933	0.0136635	1.1475	1.194	1310	0	1310	1310	
2.5	2.6	1	3	8	3	198	259380	61	79910	1.2663	0.177102	1.1985	2.05156	1310	0	1310	1310	
2.5	2.6	1	4	1	3	198	259380	71	93010	1.42846	0.341801	1.185	1.96108	1310	0	1310	1310	
2.5	2.6	1	5	7	3	198	259380	58	75980	1.20629	0.0170415	1.17749	1.23399	1310	0	1310	1310	
2.5	2.6	1	6	2	3	198	259380	71	93010	1.48093	0.460878	1.16049	2.19654	1310	0	1310	1310	
2.5	2.6	1	7	9	3	198	259380	109	142790	1.72402	0.498708	1.15999	2.19057	1310	0	1310	1310	
2.5	2.6	1	8	13	3	198	259380	50	65500	1.20624	0.0147237	1.18299	1.23299	1310	0	1310	1310	
2.5	2.6	1	9	6	3	198	259380	50	65500	1.18501	0.0123911	1.16749	1.20699	1310	0	1310	1310	
2.5	2.6	1	10	11	3	198	259380	50	65500	1.19087	0.0127125	1.17049	1.21249	1310	0	1310	1310	
2.5	2.6	1	11	12	3	198	259380	50	65500	1.19316	0.0120423	1.17249	1.21449	1310	0	1310	1310	
2.5	2.6	1	12	5	3	198	259380	50	65500	1.23675	0.014294	1.21199	1.25849	1310	0	1310	1310	
2.5	2.6	1	13	3	3	198	259380	50	65500	1.21585	0.0152957	1.19249	1.24199	1310	0	1310	1310	
2.5	2.6	1	14	10	3	198	259380	50	65500	1.20269	0.0142586	1.18098	1.22798	1310	0	1310	1310	
2.6	2.7	1	1	14	3	198	259380	51	66810	1.19863	0.0153042	1.1725	1.223	1310	0	1310	1310	
2.6	2.7	1	2	4	3	198	259380	51	66810	1.22146	0.0158107	1.1965	1.246	1310	0	1310	1310	
2.6	2.7	1	3	8	3	198	259380	50	65500	1.2787	0.0137273	1.2555	1.302	1310	0	1310	1310	
2.6	2.7	1	4	1	3	198	259380	409	535790	1.81358	0.227522	1.234	2.04658	1310	0	1310	1310	
2.6	2.7	1	5	7	3	198	259380	50	65500	1.25384	0.0118077	1.23549	1.27449	1310	0	1310	1310	
2.6	2.7	1	6	2	3	198	259380	79	103490	1.60777	0.512962	1.20849	2.31508	1310	0	1310	1310	
2.6	2.7	1	7	9	3	198	259380	63	82530	1.3144	0.259725	1.21099	2.19107	1310	0	1310	1310	
2.6	2.7	1	8	13	3	198	259380	51	66810	1.2546	0.0152788	1.23099	1.27849	1310	0	1310	1310	
2.6	2.7	1	9	6	3	198	259380	51	66810	1.23566	0.0147593	1.21049	1.25949	1310	0	1310	1310	
2.6	2.7	1	10	11	3	198	259380	60	78600	1.32209	0.213254	1.20949	1.84282	1310	0	1310	1310	
2.6	2.7	1	11	12	3	198	259380	52	68120	1.25773	0.133487	1.21449	2.19607	1310	0	1310	1310	
2.6	2.7	1	12	5	3	198	259380	51	66810	1.2868	0.0164924	1.25999	1.31549	1310	0	1310	1310	
2.6	2.7	1	13	3	3	198	259380	51	66810	1.26817	0.0130522	1.24649	1.29249	1310	0	1310	1310	
2.6	2.7	1	14	10	3	198	259380	58	75980	1.25229	0.0125306	1.22948	1.27298	1310	0	1310	1310	
2.7	2.8	1	1	14	3	198	259380	96	125760	1.47834	0.244684	1.2225	1.76483	1310	0	1310	1310	
2.7	2.8	1	2	4	3	198	259380	53	69430	1.29295	0.082606	1.246	1.64569	1310	0	1310	1310	
2.7	2.8	1	3	8	3	198	259380	50	65500	1.3279	0.0134836	1.3045	1.3505	1310	0	1310	1310	
2.7	2.8	1	4	1	3	198	259380	63	82530	1.41103	0.218217	1.278	1.84058	1310	0	1310	1310	
2.7	2.8	1	5	7	3	198	259380	301	394310	1.0791	0.108094	0.965326	1.32249	1310	0	1310	1310	
2.7	2.8	1	6	2	3	198	259380	50	65500	1.27228	0.0104925	1.25449	1.29199	1310	0	1310	1310	
2.7	2.8	1	7	9	3	198	259380	50	65500	1.2867	0.0107205	1.26849	1.30749	1310	0	1310	1310	
2.7	2.8	1	8	13	3	198	259380	50	65500	1.304	0.01219	1.28149	1.32349	1310	0	1310	1310	
2.7	2.8	1	9	6	3	198	259380	50	65500	1.28326	0.0139596	1.25799	1.30299	1310	0	1310	1310	
2.7	2.8	1	10	11	3	198	259380	57	74670	1.27235	0.0136626	1.25099	1.29849	1310	0	1310	1310	
2.7	2.8	1	11	12	3	198	259380	83	108730	1.56088	0.395773	1.26749	2.20057	1310	0	1310	1310	
2.7	2.8	1	12	5	3	198	259380	54	70740	1.42511	0.302396	1.31449	2.50557	1310	0	1310	1310	
2.7	2.8	1	13	3	3	198	259380	50	65500	1.31416	0.0137565	1.29249	1.33799	1310	0	1310	1310	
2.7	2.8	1	14	10	3	198	259380	50	65500	1.29874	0.013987	1.27548	1.32348	1310	0	1310	1310	
2.8	2.9	1	1	14	3	198	259380	320	419200	1.64537	0.170599	1.263	1.77147	1310	0	1310	1310	
2.8	2.9	1	2	4	3	198	259380	50	65500	1.32495	0.0134089	1.3025	1.3485	1310	0	1310	1310	
2.8	2.9	1	3	8	3	198	259380	50	65500	1.37853	0.0151491	1.354	1.404	1310	0	1310	1310	
2.8	2.9	1	4	1	3	198	259380	197	258070	1.70054	0.208138	1.3215	1.85808	1310	0	1310	1310	
2.8	2.9	1	5	7	3	198	259380	122	159820	1.11593	0.195307	0.916219	1.37049	1310	0	1310	1310	
2.8	2.9	1	6	2	3	198	259380	65	85150	1.57971	0.497363	1.29249	2.51183	1310	0	1310	1310	
2.8	2.9	1	7	9	3	198	259380	127	166370	1.98932	0.530702	1.30949	2.42207	1310	0	1310	1310	
2.8	2.9	1	8	13	3	198	259380	57	74670	1.35235	0.0148191	1.32799	1.37599	1310	0	1310	1310	
2.8	2.9	1	9	6	3	198	259380	380	497800	1.12758	0.102699	0.983572	1.35149	1310	0	1310	1310	
2.8	2.9	1	10	11	3	198	259380	50	65500	1.32208	0.0143077	1.29949	1.34649	1310	0	1310	1310	
2.8	2.9	1	11	12	3	198	259380	52	68120	1.37884	0.175254	1.32199	2.26007	1310	0	1310	1310	
2.8	2.9	1	12	5	3	198	259380	54	70740	1.47766	0.317822	1.36549	2.6138	1310	0	1310	1310	
2.8	2.9	1	13	3	3	198	259380	50	65500	1.36173	0.0155387	1.33749	1.38949	1310	0	1310	1310	
2.8	2.9	1	14	10	3	198	259380	50	65500	1.34327	0.0130255	1.31948	1.36498	1310	0	1310	1310	
2.9	3	1	1	14	3	198	259380	51	66810	1.33641	0.01374	1.313	1.36	1310	0	1310	1310	
2.9	3	1	2	4	3	198	259380	51	66810	1.37593	0.0159484	1.3505	1.4025	1310	0	1310	1310	
2.9	3	1	3	8	3	198	259380	51	66810	1.43038	0.0126066	1.408	1.449	1310	0	1310	1310	
2.9	3	1	4	1	3	198	259380	51	66810	1.39724	0.0162577	1.37	1.424	1310	0	1310	1310	
2.9	3	1	5	7	3	198	259380	51	66810	1.39129	0.0130204	1.36849	1.41249	1310	0	1310	1310	
2.9	3	1	6	2	3	198	259380	58	75980	1.3492	0.0171505	1.32349	1.37949	1310	0	1310	1310	
2.9	3	1	7	9	3	198	259380	170	222700	2.09647	0.469814	1.35799	2.42832	1310	0	1310	1310	
2.9	3	1	8	13	3	198	259380	51	66810	1.40376	0.0153324	1.37749	1.42949	1310	0	1310	1310	
2.9	3	1	9	6	3	198	259380	51	66810	1.37648	0.0147843	1.35249	1.40149	1310	0	1310	1310	
2.9	3	1	10	11	3	198	259380	51	66810	1.36966	0.0146839	1.34549	1.39399	1310	0	1310	1310	
2.9	3	1	11	12	3	198	259380	53	69430	1.42987	0.173023	1.36999	2.29257	1310	0	1310	1310	
2.9	3	1	12	5	3	198	259380	56	73360	1.55326	0.367466	1.41649	2.71702	1310	0	1310	1310	
2.9	3	1	13	3	3	198	259380	58	75980	1.41616	0.0154311	1.38999	1.44249	1310	0	1310	1310	
2.9	3	1	14	10	3	198	259380	51	66810	1.38892	0.0139578	1.36548	1.41098	1310	0	1310	1310	
3	3.1	1	1	14	3	198	259380	130	170300	1.60482	0.176341	1.3585	1.77144	1310	0	1310	1310	
3	3.1	1	2	4	3	198	259380	57	74670	1.42921	0.0163103	1.403	1.457	1310	0	1310	1310	
3	3.1	1	3	8	3	198	259380	50	65500	1.47523	0.0140931	1.45	1.4985	1310	0	1310	1310	
3	3.1	1	4	1	3	198	259380	57	74670	1.45466	0.0179181	1.423	1.4825	1310	0	1310	1310	
3	3.1	1	5	7	3	198	259380	50	65500	1.43521	0.013033	1.41149	1.45749	1310	0	1310	1310	
3	3.1	1	6	2	3	198	259380	50	65500	1.40648	0.01452	1.38049	1.42999	1310	0	1310	1310	
3	3.1	1	7	9	3	198	259380	135	176850	2.04295	0.470476	1.40849	2.41832	1310	0	1310	1310	
3	3.1	1	8	13	3	198	259380	50	65500	1.45242	0.0138291	1.42949	1.47499	1310	0	1310	1310	
3	3.1	1	9	6	3	198	259380	452	592120	0.999521	0.176374	0.781072	1.45299	1310	0	1310	1310	
3	3.1	1	10	11	3	198	259380	50	65500	1.42509	0.0164419	1.39749	1.45149	1310	0	1310	1310	
3	3.1	1	11	12	3	198	259380	71	93010	1.73855	0.450774	1.42349	2.461	1310	0	1310	1310	
3	3.1	1	12	5	3	198	259380	64	83840	1.76854	0.526611	1.46399	2.77718	1310	0	1310	1310	
3	3.1	1	13	3	3	198	259380	50	65500	1.47157	0.0152451	1.44649	1.49599	1310	0	1310	1310	
3	3.1	1	14	10	3	198	259380	427	559370	1.79228	0.154615	1.40998	1.98498	1310	0	1310	1310	
3.1	3.2	1	1	14	3	198	259380	50	65500	1.42785	0.0131519	1.407	1.4505	1310	0	1310	1310	
3.1	3.2	1	2	4	3	198	259380	50	65500	1.48178	0.0136375	1.4595	1.505	1310	0	1310	1310	
3.1	3.2	1	3	8	3	198	259380	50	65500	1.52526	0.0147012	1.5	1.5495	1310	0	1310	1310	
3.1	3.2	1	4	1	3	198	259380	191	250210	1.85711	0.208787	1.486	2.02047	1310	0	1310	1310	
3.1	3.2	1	5	7	3	198	259380	50	65500	1.48513	0.0130732	1.46099	1.50399	1310	0	1310	1310	
3.1	3.2	1	6	2	3	198	259380	50	65500	1.45696	0.0165999	1.43049	1.48399	1310	0	1310	1310	
3.1	3.2	1	7	9	3	198	259380	70	91700	1.75891	0.447022	1.45649	2.48229	1310	0	1310	1310	
3.1	3.2	1	8	13	3	198	259380	50	65500	1.50045	0.0127303	1.47849	1.52199	1310	0	1310	1310	
3.1	3.2	1	9	6	3	198	259380	57	74670	1.48503	0.0171545	1.45699	1.51549	1310	0	1310	1310	
3.1	3.2	1	10	11	3	198	259380	62	81220	1.64275	0.335902	1.45549	2.32532	1310	0	1310	1310	
3.1	3.2	1	11	12	3	198	259380	50	65500	1.49842	0.0137318	1.47599	1.52249	1310	0	1310	1310	
3.1	3.2	1	12	5	3	198	259380	59	77290	1.58371	0.239758	1.51749	2.89182	1310	0	1310	1310	
3.1	3.2	1	13	3	3	198	259380	186	243660	2.54249	0.62167	1.49849	2.94932	1310	0	1310	1310	
3.1	3.2	1	14	10	3	198	259380	50	65500	1.48966	0.0143434	1.46648	1.51498	1310	0	1310	1310	
3.2	3.3	1	1	14	3	198	259380	51	66810	1.47209	0.0137021	1.45	1.497	1310	0	1310	1310	
3.2	3.3	1	2	4	3	198	259380	51	66810	1.52922	0.0108408	1.5095	1.546	1310	0	1310	1310	
3.2	3.3	1	3	8	3	198	259380	76	99560	1.84276	0.486359	1.5485	2.74633	1310	0	1310	1310	
3.2	3.3	1	4	1	3	198	259380	51	66810	1.55545	0.0138958	1.5325	1.58	1310	0	1310	1310	
3.2	3.3	1	5	7	3	198	259380	58	75980	1.52849	0.0128408	1.50599	1.55099	1310	0	1310	1310	
3.2	3.3	1	6	2	3	198	259380	51	66810	1.5097	0.014665	1.48649	1.53499	1310	0	1310	1310	
3.2	3.3	1	7	9	3	198	259380	72	94320	1.81892	0.466688	1.49599	2.56807	1310	0	1310	1310	
3.2	3.3	1	8	13	3	198	259380	72	94320	1.96002	0.653184	1.52499	2.98707	1310	0	1310	1310	
3.2	3.3	1	9	6	3	198	259380	51	66810	1.53999	0.0141834	1.51799	1.56349	1310	0	1310	1310	
3.2	3.3	1	10	11	3	198	259380	54	70740	1.57779	0.192799	1.50949	2.36482	1310	0	1310	1310	
3.2	3.3	1	11	12	3	198	259380	51	66810	1.55057	0.0159472	1.52399	1.57749	1310	0	1310	1310	
3.2	3.3	1	12	5	3	198	259380	51	66810	1.5944	0.016348	1.56799	1.62099	1310	0	1310	1310	
3.2	3.3	1	13	3	3	198	259380	68	89080	1.89886	0.573597	1.54799	2.88882	1310	0	1310	1310	
3.2	3.3	1	14	10	3	198	259380	51	66810	1.54037	0.0150198	1.51648	1.56598	1310	0	1310	1310	
3.3	3.4	1	1	14	3	198	259380	50	65500	1.51832	0.0152562	1.493	1.544	1310	0	1310	1310	
3.3	3.4	1	2	4	3	198	259380	50	65500	1.56555	0.010155	1.55	1.583	1310	0	1310	1310	
3.3	3.4	1	3	8	3	198	259380	65	85150	1.9017	0.51006	1.601	2.84731	1310	0	1310	1310	
3.3	3.4	1	4	1	3	198	259380	50	65500	1.60268	0.0118484	1.581	1.6215	1310	0	1310	1310	
3.3	3.4	1	5	7	3	198	259380	50	65500	1.57088	0.00961625	1.55549	1.58949	1310	0	1310	1310	
3.3	3.4	1	6	2	3	198	259380	56	73360	1.71218	0.436072	1.53549	2.96333	1310	0	1310	1310	
3.3	3.4	1	7	9	3	198	259380	83	108730	1.88492	0.477512	1.54099	2.62907	1310	0	1310	1310	
3.3	3.4	1	8	13	3	198	259380	54	70740	1.6995	0.384041	1.56849	3.08457	1310	0	1310	1310	
3.3	3.4	1	9	6	3	198	259380	50	65500	1.58886	0.0136863	1.56699	1.61149	1310	0	1310	1310	
3.3	3.4	1	10	11	3	198	259380	50	65500	1.58451	0.0155947	1.55799	1.60899	1310	0	1310	1310	
3.3	3.4	1	11	12	3	198	259380	50	65500	1.59863	0.0136262	1.57449	1.62049	1310	0	1310	1310	
3.3	3.4	1	12	5	3	198	259380	50	65500	1.64376	0.0149997	1.61899	1.66799	1310	0	1310	1310	
3.3	3.4	1	13	3	3	198	259380	50	65500	1.61681	0.0128137	1.59449	1.63999	1310	0	1310	1310	
3.3	3.4	1	14	10	3	198	259380	57	74670	1.5929	0.0160452	1.56448	1.62148	1310	0	1310	1310	
3.4	3.5	1	1	14	3	198	259380	50	65500	1.56725	0.0127912	1.546	1.5895	1310	0	1310	1310	
3.4	3.5	1	2	4	3	198	259380	178	233180	2.06442	0.287812	1.5805	2.26376	1310	0	1310	1310	
3.4	3.5	1	3	8	3	198	259380	67	87770	1.98266	0.529207	1.651	2.91722	1310	0	1310	1310	
3.4	3.5	1	4	1	3	198	259380	70	91700	1.79973	0.250886	1.6215	2.22501	1310	0	1310	1310	
3.4	3.5	1	5	7	3	198	259380	50	65500	1.61563	0.0144229	1.59049	1.63999	1310	0	1310	1310	
3.4	3.5	1	6	2	3	198	259380	51	66810	1.64148	0.209535	1.58999	3.10572	1310	0	1310	1310	
3.4	3.5	1	7	9	3	198	259380	50	65500	1.61757	0.0144612	1.59299	1.64049	1310	0	1310	1310	
3.4	3.5	1	8	13	3	198	259380	147	192570	2.60618	0.700615	1.61049	3.15207	1310	0	1310	1310	
3.4	3.5	1	9	6	3	198	259380	50	65500	1.63568	0.011517	1.61349	1.65499	1310	0	1310	1310	
3.4	3.5	1	10	11	3	198	259380	57	74670	1.63708	0.0148204	1.61349	1.66049	1310	0	1310	1310	
3.4	3.5	1	11	12	3	198	259380	57	74670	1.65014	0.0169165	1.62299	1.67949	1310	0	1310	1310	
3.4	3.5	1	12	5	3	198	259380	50	65500	1.69008	0.0118299	1.66999	1.71099	1310	0	1310	1310	
3.4	3.5	1	13	3	3	198	259380	50	65500	1.6658	0.0141052	1.64149	1.69049	1310	0	1310	1310	
3.4	3.5	1	14	10	3	198	259380	50	65500	1.64851	0.015603	1.62198	1.67598	1310	0	1310	1310	
3.5	3.6	1	1	14	3	198	259380	58	75980	1.61921	0.0152687	1.5935	1.6445	1310	0	1310	1310	
3.5	3.6	1	2	4	3	198	259380	53	69430	1.6851	0.13414	1.632	2.22547	1310	0	1310	1310	
3.5	3.6	1	3	8	3	198	259380	99	129690	2.33124	0.619255	1.7085	2.98458	1310	0	1310	1310	
3.5	3.6	1	4	1	3	198	259380	54	70740	1.73202	0.152927	1.662	2.31583	1310	0	1310	1310	
3.5	3.6	1	5	7	3	198	259380	51	66810	1.66511	0.0150893	1.64049	1.68999	1310	0	1310	1310	
3.5	3.6	1	6	2	3	198	259380	51	66810	1.68895	0.203898	1.63699	3.11325	1310	0	1310	1310	
3.5	3.6	1	7	9	3	198	259380	56	73360	1.76917	0.323251	1.64249	2.82232	1310	0	1310	1310	
3.5	3.6	1	8	13	3	198	259380	59	77290	1.70472	0.198195	1.65349	3.19775	1310	0	1310	1310	
3.5	3.6	1	9	6	3	198	259380	50	65500	1.67639	0.0140473	1.65249	1.70049	1310	0	1310	1310	
3.5	3.6	1	10	11	3	198	259380	51	66810	1.69152	0.0156053	1.66549	1.71899	1310	0	1310	1310	
3.5	3.6	1	11	12	3	198	259380	51	66810	1.70792	0.014164	1.68549	1.73049	1310	0	1310	1310	
3.5	3.6	1	12	5	3	198	259380	50	65500	1.73294	0.0139508	1.70949	1.75649	1310	0	1310	1310	
3.5	3.6	1	13	3	3	198	259380	124	162440	2.60161	0.730538	1.69399	3.22157	1310	0	1310	1310	
3.5	3.6	1	14	10	3	198	259380	61	79910	1.77792	0.182558	1.67298	2.19032	1310	0	1310	1310	
3.6	3.7	1	1	14	3	198	259380	50	65500	1.66673	0.015649	1.6425	1.6915	1310	0	1310	1310	
3.6	3.7	1	2	4	3	198	259380	51	66810	1.70716	0.0166744	1.68	1.7345	1310	0	1310	1310	
3.6	3.7	1	3	8	3	198	259380	159	208290	2.58416	0.542278	1.761	2.98097	1310	0	1310	1310	
3.6	3.7	1	4	1	3	198	259380	467	611770	2.11687	0.162498	1.72	2.32702	1310	0	1310	1310	
3.6	3.7	1	5	7	3	198	259380	50	65500	1.70959	0.013705	1.68749	1.73099	1310	0	1310	1310	
3.6	3.7	1	6	2	3	198	259380	87	113970	2.22651	0.736235	1.68299	3.28708	1310	0	1310	1310	
3.6	3.7	1	7	9	3	198	259380	55	72050	1.82386	0.33916	1.69549	2.90879	1310	0	1310	1310	
3.6	3.7	1	8	13	3	198	259380	50	65500	1.72993	0.0170921	1.70199	1.75599	1310	0	1310	1310	
3.6	3.7	1	9	6	3	198	259380	51	66810	1.72429	0.0118664	1.70549	1.74499	1310	0	1310	1310	
3.6	3.7	1	10	11	3	198	259380	57	74670	1.87132	0.356838	1.71549	2.84282	1310	0	1310	1310	
3.6	3.7	1	11	12	3	198	259380	50	65500	1.7512	0.011892	1.72999	1.77149	1310	0	1310	1310	
3.6	3.7	1	12	5	3	198	259380	51	66810	1.78188	0.0125922	1.75949	1.80049	1310	0	1310	1310	
3.6	3.7	1	13	3	3	198	259380	58	75980	1.76393	0.0162314	1.73649	1.79049	1310	0	1310	1310	
3.6	3.7	1	14	10	3	198	259380	50	65500	1.74772	0.0138874	1.72298	1.76848	1310	0	1310	1310	
3.7	3.8	1	1	14	3	198	259380	291	381210	2.17942	0.215035	1.698	2.3464	1310	0	1310	1310	
3.7	3.8	1	2	4	3	198	259380	57	74670	1.75509	0.0141706	1.7335	1.7785	1310	0	1310	1310	
3.7	3.8	1	3	8	3	198	259380	51	66810	1.8642	0.157328	1.8145	2.9597	1310	0	1310	1310	
3.7	3.8	1	4	1	3	198	259380	57	74670	1.79248	0.0127968	1.7715	1.816	1310	0	1310	1310	
3.7	3.8	1	5	7	3	198	259380	50	65500	1.75759	0.0145093	1.73399	1.78199	1310	0	1310	1310	
3.7	3.8	1	6	2	3	198	259380	50	65500	1.76595	0.0162182	1.73899	1.79149	1310	0	1310	1310	
3.7	3.8	1	7	9	3	198	259380	50	65500	1.76293	0.0157744	1.73849	1.78999	1310	0	1310	1310	
3.7	3.8	1	8	13	3	198	259380	50	65500	1.78294	0.0136162	1.75849	1.80249	1310	0	1310	1310	
3.7	3.8	1	9	6	3	198	259380	83	108730	1.63276	0.171002	1.40907	1.79449	1310	0	1310	1310	
3.7	3.8	1	10	11	3	198	259380	50	65500	1.78731	0.0144479	1.76349	1.81199	1310	0	1310	1310	
3.7	3.8	1	11	12	3	198	259380	50	65500	1.79271	0.0131592	1.76899	1.81599	1310	0	1310	1310	
3.7	3.8	1	12	5	3	198	259380	50	65500	1.824	0.0155158	1.79699	1.84949	1310	0	1310	1310	
3.7	3.8	1	13	3	3	198	259380	50	65500	1.81537	0.0138566	1.79199	1.83949	1310	0	1310	1310	
3.7	3.8	1	14	10	3	198	259380	50	65500	1.79416	0.0143899	1.77048	1.81898	1310	0	1310	1310	
3.8	3.9	1	1	14	3	198	259380	50	65500	1.75084	0.0127253	1.728	1.7745	1310	0	1310	1310	
3.8	3.9	1	2	4	3	198	259380	50	65500	1.80289	0.0141357	1.78	1.8275	1310	0	1310	1310	
3.8	3.9	1	3	8	3	198	259380	50	65500	1.89226	0.0141491	1.8685	1.917	1310	0	1310	1310	
3.8	3.9	1	4	1	3	198	259380	50	65500	1.84076	0.0135161	1.8185	1.863	1310	0	1310	1310	
3.8	3.9	1	5	7	3	198	259380	50	65500	1.81272	0.015563	1.78749	1.84049	1310	0	1310	1310	
3.8	3.9	1	6	2	3	198	259380	101	132310	2.62643	0.799174	1.79749	3.44208	1310	0	1310	1310	
3.8	3.9	1	7	9	3	198	259380	50	65500	1.81797	0.0149755	1.79349	1.84399	1310	0	1310	1310	
3.8	3.9	1	8	13	3	198	259380	67	87770	2.24435	0.714873	1.80549	3.47607	1310	0	1310	1310	
3.8	3.9	1	9	6	3	198	259380	61	79910	1.80051	0.0941756	1.45232	1.85299	1310	0	1310	1310	
3.8	3.9	1	10	11	3	198	259380	50	65500	1.84201	0.0154302	1.81549	1.86649	1310	0	1310	1310	
3.8	3.9	1	11	12	3	198	259380	50	65500	1.84144	0.0135708	1.81849	1.86449	1310	0	1310	1310	
3.8	3.9	1	12	5	3	198	259380	57	74670	1.88289	0.0178474	1.85299	1.91149	1310	0	1310	1310	
3.8	3.9	1	13	3	3	198	259380	94	123140	2.58848	0.773709	1.84149	3.43146	1310	0	1310	1310	
3.8	3.9	1	14	10	3	198	259380	479	627490	2.22559	0.163773	1.81848	2.44657	1310	0	1310	1310	
3.9	4	1	1	14	3	198	259380	51	66810	1.80355	0.0154613	1.777	1.828	1310	0	1310	1310	
3.9	4	1	2	4	3	198	259380	52	68120	1.87034	0.111136	1.8285	2.64747	1310	0	1310	1310	
3.9	4	1	3	8	3	198	259380	58	75980	1.94696	0.0166601	1.922	1.9755	1310	0	1310	1310	
3.9	4	1	4	1	3	198	259380	51	66810	1.89152	0.0139115	1.8685	1.9155	1310	0	1310	1310	
3.9	4	1	5	7	3	198	259380	58	75980	1.8638	0.0129344	1.83949	1.88599	1310	0	1310	1310	
3.9	4	1	6	2	3	198	259380	67	87770	2.25696	0.68803	1.84849	3.51358	1310	0	1310	1310	
3.9	4	1	7	9	3	198	259380	51	66810	1.86244	0.0144887	1.84299	1.88899	1310	0	1310	1310	
3.9	4	1	8	13	3	198	259380	51	66810	1.88149	0.016463	1.85499	1.90849	1310	0	1310	1310	
3.9	4	1	9	6	3	198	259380	51	66810	1.87536	0.0140267	1.85099	1.89899	1310	0	1310	1310	
3.9	4	1	10	11	3	198	259380	51	66810	1.88702	0.0128516	1.86399	1.90749	1310	0	1310	1310	
3.9	4	1	11	12	3	198	259380	51	66810	1.8865	0.0134482	1.86499	1.91049	1310	0	1310	1310	
3.9	4	1	12	5	3	198	259380	51	66810	1.93626	0.0132896	1.91499	1.96049	1310	0	1310	1310	
3.9	4	1	13	3	3	198	259380	55	72050	2.02703	0.412578	1.89149	3.4963	1310	0	1310	1310	
3.9	4	1	14	10	3	198	259380	81	106110	1.95514	0.0916084	1.86698	2.08357	1310	0	1310	1310	
4	4.1	1	1	14	3	198	259380	50	65500	1.85374	0.0167421	1.826	1.881	1310	0	1310	1310	
4	4.1	1	2	4	3	198	259380	51	66810	1.92508	0.11984	1.8845	2.75833	1310	0	1310	1310	
4	4.1	1	3	8	3	198	259380	68	89080	2.33661	0.571507	1.977	3.31397	1310	0	1310	1310	
4	4.1	1	4	1	3	198	259380	50	65500	1.94482	0.0155172	1.918	1.969	1310	0	1310	1310	
4	4.1	1	5	7	3	198	259380	67	87770	1.96604	0.0974976	1.88849	2.13683	1310	0	1310	1310	
4	4.1	1	6	2	3	198	259380	75	98250	2.45259	0.753453	1.89949	3.52024	1310	0	1310	1310	
4	4.1	1	7	9	3	198	259380	57	74670	1.91078	0.0147276	1.88399	1.93549	1310	0	1310	1310	
4	4.1	1	8	13	3	198	259380	50	65500	1.93787	0.015911	1.91049	1.96299	1310	0	1310	1310	
4	4.1	1	9	6	3	198	259380	50	65500	1.9245	0.0151817	1.89849	1.94849	1310	0	1310	1310	
4	4.1	1	10	11	3	198	259380	57	74670	2.08105	0.409004	1.90799	3.16632	1310	0	1310	1310	
4	4.1	1	11	12	3	198	259380	50	65500	1.9326	0.0130017	1.91099	1.95499	1310	0	1310	1310	
4	4.1	1	12	5	3	198	259380	589	771590	3.35513	0.439864	1.95299	3.71527	1310	0	1310	1310	
4	4.1	1	13	3	3	198	259380	51	66810	1.98721	0.225317	1.93399	3.56282	1310	0	1310	1310	
4	4.1	1	14	10	3	198	259380	57	74670	1.9335	0.0163177	1.90498	1.96048	1310	0	1310	1310	
4.1	4.2	1	1	14	3	198	259380	99	129690	2.20872	0.314344	1.8795	2.54178	1310	0	1310	1310	
4.1	4.2	1	2	4	3	198	259380	50	65500	1.95847	0.0128243	1.9355	1.98	1310	0	1310	1310	
4.1	4.2	1	3	8	3	198	259380	78	102180	2.51229	0.633843	2.0195	3.39883	1310	0	1310	1310	
4.1	4.2	1	4	1	3	198	259380	50	65500	1.9959	0.01238	1.9735	2.0175	1310	0	1310	1310	
4.1	4.2	1	5	7	3	198	259380	50	65500	1.95488	0.0130158	1.93449	1.97849	1310	0	1310	1310	
4.1	4.2	1	6	2	3	198	259380	50	65500	1.96577	0.0137441	1.94149	1.98699	1310	0	1310	1310	
4.1	4.2	1	7	9	3	198	259380	50	65500	1.96222	0.0155607	1.93699	1.98849	1310	0	1310	1310	
4.1	4.2	1	8	13	3	198	259380	51	66810	2.01915	0.247852	1.96149	3.75207	1310	0	1310	1310	
4.1	4.2	1	9	6	3	198	259380	50	65500	1.97796	0.0132993	1.95399	2.00049	1310	0	1310	1310	
4.1	4.2	1	10	11	3	198	259380	57	74670	1.97162	0.0137385	1.94549	1.99449	1310	0	1310	1310	
4.1	4.2	1	11	12	3	198	259380	57	74670	1.98414	0.0166017	1.95699	2.01349	1310	0	1310	1310	
4.1	4.2	1	12	5	3	198	259380	73	95630	2.40358	0.568997	2.00199	3.24682	1310	0	1310	1310	
4.1	4.2	1	13	3	3	198	259380	52	68120	2.05743	0.324602	1.97299	3.66882	1310	0	1310	1310	
4.1	4.2	1	14	10	3	198	259380	50	65500	1.98819	0.0150146	1.96248	2.01248	1310	0	1310	1310	
4.2	4.3	1	1	14	3	198	259380	58	75980	1.95145	0.0195976	1.9195	1.9835	1310	0	1310	1310	
4.2	4.3	1	2	4	3	198	259380	50	65500	2.00406	0.0147799	1.981	2.029	1310	0	1310	1310	
4.2	4.3	1	3	8	3	198	259380	52	68120	2.11562	0.185002	2.064	3.41933	1310	0	1310	1310	
4.2	4.3	1	4	1	3	198	259380	50	65500	2.04062	0.0132378	2.0195	2.064	1310	0	1310	1310	
4.2	4.3	1	5	7	3	198	259380	51	66810	1.99877	0.0133324	1.97749	2.02149	1310	0	1310	1310	
4.2	4.3	1	6	2	3	198	259380	50	65500	2.00909	0.0114758	1.98799	2.02999	1310	0	1310	1310	
4.2	4.3	1	7	9	3	198	259380	51	66810	2.01251	0.0134881	1.99149	2.03699	1310	0	1310	1310	
4.2	4.3	1	8	13	3	198	259380	58	75980	2.02921	0.015075	2.00249	2.05549	1310	0	1310	1310	
4.2	4.3	1	9	6	3	198	259380	463	606530	1.72612	0.143229	1.49707	2.04299	1310	0	1310	1310	
4.2	4.3	1	10	11	3	198	259380	51	66810	2.02117	0.0133112	1.99799	2.04299	1310	0	1310	1310	
4.2	4.3	1	11	12	3	198	259380	51	66810	2.0364	0.0146484	2.01199	2.05949	1310	0	1310	1310	
4.2	4.3	1	12	5	3	198	259380	50	65500	2.06421	0.0144162	2.03899	2.08749	1310	0	1310	1310	
4.2	4.3	1	13	3	3	198	259380	127	166370	3.05645	0.825396	2.01699	3.73457	1310	0	1310	1310	
4.2	4.3	1	14	10	3	198	259380	51	66810	2.03859	0.0142739	2.01498	2.06198	1310	0	1310	1310	
4.3	4.4	1	1	14	3	198	259380	50	65500	2.00865	0.0151635	1.982	2.034	1310	0	1310	1310	
4.3	4.4	1	2	4	3	198	259380	51	66810	2.04897	0.0124878	2.0265	2.07	1310	0	1310	1310	
4.3	4.4	1	3	8	3	198	259380	50	65500	2.14114	0.0126918	2.119	2.1605	1310	0	1310	1310	
4.3	4.4	1	4	1	3	198	259380	51	66810	2.09058	0.0137937	2.0675	2.1135	1310	0	1310	1310	
4.3	4.4	1	5	7	3	198	259380	50	65500	2.04833	0.0135667	2.02399	2.07099	1310	0	1310	1310	
4.3	4.4	1	6	2	3	198	259380	58	75980	2.05709	0.0169867	2.02799	2.08449	1310	0	1310	1310	
4.3	4.4	1	7	9	3	198	259380	69	90390	2.47122	0.678889	2.03299	3.60857	1310	0	1310	1310	
4.3	4.4	1	8	13	3	198	259380	50	65500	2.08145	0.0146395	2.05549	2.10499	1310	0	1310	1310	
4.3	4.4	1	9	6	3	198	259380	90	117900	1.8231	0.279399	1.47882	2.08749	1310	0	1310	1310	
4.3	4.4	1	10	11	3	198	259380	50	65500	2.06246	0.0130737	2.03899	2.08349	1310	0	1310	1310	
4.3	4.4	1	11	12	3	198	259380	134	175540	3.07215	0.767106	2.06049	3.68807	1310	0	1310	1310	
4.3	4.4	1	12	5	3	198	259380	52	68120	2.14434	0.201594	2.09049	3.56582	1310	0	1310	1310	
4.3	4.4	1	13	3	3	198	259380	58	75980	2.08668	0.0158501	2.05999	2.11249	1310	0	1310	1310	
4.3	4.4	1	14	10	3	198	259380	50	65500	2.0818	0.0137625	2.05798	2.10548	1310	0	1310	1310	
4.4	4.5	1	1	14	3	198	259380	252	330120	2.58559	0.264253	2.0335	2.77372	1310	0	1310	1310	
4.4	4.5	1	2	4	3	198	259380	57	74670	2.09556	0.0142231	2.07	2.122	1310	0	1310	1310	
4.4	4.5	1	3	8	3	198	259380	62	81220	2.46916	0.585149	2.1645	3.66808	1310	0	1310	1310	
4.4	4.5	1	4	1	3	198	259380	57	74670	2.14156	0.0177561	2.1115	2.172	1310	0	1310	1310	
4.4	4.5	1	5	7	3	198	259380	50	65500	2.09138	0.0140681	2.06649	2.11549	1310	0	1310	1310	
4.4	4.5	1	6	2	3	198	259380	56	73360	2.30741	0.575589	2.08299	3.95808	1310	0	1310	1310	
4.4	4.5	1	7	9	3	198	259380	165	216150	3.16251	0.698773	2.08249	3.63932	1310	0	1310	1310	
4.4	4.5	1	8	13	3	198	259380	50	65500	2.13271	0.0126346	2.11049	2.15399	1310	0	1310	1310	
4.4	4.5	1	9	6	3	198	259380	50	65500	2.11142	0.0151199	2.08599	2.13699	1310	0	1310	1310	
4.4	4.5	1	10	11	3	198	259380	50	65500	2.10886	0.0135043	2.08799	2.13399	1310	0	1310	1310	
4.4	4.5	1	11	12	3	198	259380	203	265930	3.25974	0.647639	2.10399	3.66582	1310	0	1310	1310	
4.4	4.5	1	12	5	3	198	259380	52	68120	2.21564	0.280774	2.13949	3.6055	1310	0	1310	1310	
4.4	4.5	1	13	3	3	198	259380	126	165060	3.16663	0.836778	2.11699	3.86146	1310	0	1310	1310	
4.4	4.5	1	14	10	3	198	259380	50	65500	2.12556	0.0108012	2.10648	2.14598	1310	0	1310	1310	
4.5	4.6	1	1	14	3	198	259380	50	65500	2.11872	0.0156577	2.0925	2.144	1310	0	1310	1310	
4.5	4.6	1	2	4	3	198	259380	50	65500	2.14159	0.0123018	2.119	2.1635	1310	0	1310	1310	
4.5	4.6	1	3	8	3	198	259380	50	65500	2.23139	0.0121484	2.213	2.2535	1310	0	1310	1310	
4.5	4.6	1	4	1	3	198	259380	50	65500	2.19835	0.0142576	2.1745	2.223	1310	0	1310	1310	
4.5	4.6	1	5	7	3	198	259380	50	65500	2.13565	0.0106251	2.11949	2.15549	1310	0	1310	1310	
4.5	4.6	1	6	2	3	198	259380	59	77290	2.44643	0.686293	2.13699	4.0782	1310	0	1310	1310	
4.5	4.6	1	7	9	3	198	259380	69	90390	2.55398	0.646783	2.13349	3.60107	1310	0	1310	1310	
4.5	4.6	1	8	13	3	198	259380	50	65500	2.17694	0.0157166	2.15099	2.20199	1310	0	1310	1310	
4.5	4.6	1	9	6	3	198	259380	57	74670	2.16451	0.0158026	2.13649	2.19149	1310	0	1310	1310	
4.5	4.6	1	10	11	3	198	259380	207	271170	3.25103	0.620315	2.13099	3.6443	1310	0	1310	1310	
4.5	4.6	1	11	12	3	198	259380	50	65500	2.17725	0.0130659	2.15449	2.19949	1310	0	1310	1310	
4.5	4.6	1	12	5	3	198	259380	61	79910	2.30498	0.381087	2.18149	3.75332	1310	0	1310	1310	
4.5	4.6	1	13	3	3	198	259380	93	121830	2.97185	0.852419	2.16249	3.91907	1310	0	1310	1310	
4.5	4.6	1	14	10	3	198	259380	50	65500	2.16887	0.0144435	2.14348	2.19298	1310	0	1310	1310	
4.6	4.7	1	1	14	3	198	259380	51	66810	2.17082	0.0147475	2.1465	2.194	1310	0	1310	1310	
4.6	4.7	1	2	4	3	198	259380	51	66810	2.18969	0.017059	2.1605	2.2175	1310	0	1310	1310	
4.6	4.7	1	3	8	3	198	259380	58	75980	2.28335	0.0150648	2.257	2.3065	1310	0	1310	1310	
4.6	4.7	1	4	1	3	198	259380	51	66810	2.24741	0.0129506	2.2245	2.268	1310	0	1310	1310	
4.6	4.7	1	5	7	3	198	259380	472	618320	2.48588	0.144908	2.15699	2.69601	1310	0	1310	1310	
4.6	4.7	1	6	2	3	198	259380	157	205670	3.46732	0.881054	2.17999	4.12158	1310	0	1310	1310	
4.6	4.7	1	7	9	3	198	259380	51	66810	2.21087	0.0156405	2.18499	2.23499	1310	0	1310	1310	
4.6	4.7	1	8	13	3	198	259380	51	66810	2.22598	0.0128913	2.20349	2.24899	1310	0	1310	1310	
4.6	4.7	1	9	6	3	198	259380	320	419200	1.78251	0.196489	1.61007	2.24249	1310	0	1310	1310	
4.6	4.7	1	10	11	3	198	259380	51	66810	2.20489	0.0125702	2.18399	2.22649	1310	0	1310	1310	
4.6	4.7	1	11	12	3	198	259380	51	66810	2.22134	0.0127084	2.19949	2.24349	1310	0	1310	1310	
4.6	4.7	1	12	5	3	198	259380	51	66810	2.25135	0.0137106	2.22799	2.27499	1310	0	1310	1310	
4.6	4.7	1	13	3	3	198	259380	133	174230	3.25183	0.806622	2.20899	3.92007	1310	0	1310	1310	
4.6	4.7	1	14	10	3	198	259380	51	66810	2.21781	0.0148986	2.19448	2.24248	1310	0	1310	1310	
4.7	4.8	1	1	14	3	198	259380	496	649760	2.63655	0.168905	2.1995	2.85383	1310	0	1310	1310	
4.7	4.8	1	2	4	3	198	259380	50	65500	2.24212	0.0155053	2.217	2.2695	1310	0	1310	1310	
4.7	4.8	1	3	8	3	198	259380	50	65500	2.33451	0.0175791	2.3055	2.3635	1310	0	1310	1310	
4.7	4.8	1	4	1	3	198	259380	56	73360	2.36696	0.225069	2.265	3.01558	1310	0	1310	1310	
4.7	4.8	1	5	7	3	198	259380	734	961540	2.10584	0.164974	1.80158	2.38754	1310	0	1310	1310	
4.7	4.8	1	6	2	3	198	259380	50	65500	2.24527	0.0145441	2.22049	2.26799	1310	0	1310	1310	
4.7	4.8	1	7	9	3	198	259380	245	320950	3.41455	0.639609	2.23349	3.82032	1310	0	1310	1310	
4.7	4.8	1	8	13	3	198	259380	50	65500	2.26954	0.0138947	2.24499	2.29349	1310	0	1310	1310	
4.7	4.8	1	9	6	3	198	259380	50	65500	2.26536	0.0112874	2.24549	2.28549	1310	0	1310	1310	
4.7	4.8	1	10	11	3	198	259380	52	68120	2.31183	0.293461	2.23049	3.76382	1310	0	1310	1310	
4.7	4.8	1	11	12	3	198	259380	50	65500	2.26533	0.0130527	2.24299	2.28599	1310	0	1310	1310	
4.7	4.8	1	12	5	3	198	259380	50	65500	2.29882	0.0128017	2.27699	2.32049	1310	0	1310	1310	
4.7	4.8	1	13	3	3	198	259380	50	65500	2.27382	0.0131023	2.24999	2.29549	1310	0	1310	1310	
4.7	4.8	1	14	10	3	198	259380	57	74670	2.27337	0.0152078	2.24498	2.29848	1310	0	1310	1310	
4.8	4.9	1	1	14	3	198	259380	50	65500	2.27737	0.0123944	2.2535	2.298	1310	0	1310	1310	
4.8	4.9	1	2	4	3	198	259380	50	65500	2.28955	0.011877	2.268	2.3105	1310	0	1310	1310	
4.8	4.9	1	3	8	3	198	259380	50	65500	2.38151	0.012122	2.3615	2.4035	1310	0	1310	1310	
4.8	4.9	1	4	1	3	198	259380	50	65500	2.33974	0.0154561	2.314	2.365	1310	0	1310	1310	
4.8	4.9	1	5	7	3	198	259380	110	144100	1.99822	0.255741	1.73633	2.30149	1310	0	1310	1310	
4.8	4.9	1	6	2	3	198	259380	50	65500	2.29478	0.0145911	2.27049	2.31949	1310	0	1310	1310	
4.8	4.9	1	7	9	3	198	259380	50	65500	2.29705	0.0130297	2.27499	2.31899	1310	0	1310	1310	
4.8	4.9	1	8	13	3	198	259380	50	65500	2.31438	0.012559	2.29449	2.33799	1310	0	1310	1310	
4.8	4.9	1	9	6	3	198	259380	50	65500	2.31084	0.013698	2.28949	2.33449	1310	0	1310	1310	
4.8	4.9	1	10	11	3	198	259380	354	463740	3.46168	0.507472	2.27899	3.77582	1310	0	1310	1310	
4.8	4.9	1	11	12	3	198	259380	57	74670	2.31508	0.0154157	2.29049	2.34149	1310	0	1310	1310	
4.8	4.9	1	12	5	3	198	259380	649	850190	3.59791	0.391068	2.32449	3.97543	1310	0	1310	1310	
4.8	4.9	1	13	3	3	198	259380	50	65500	2.32306	0.0150889	2.29799	2.34749	1310	0	1310	1310	
4.8	4.9	1	14	10	3	198	259380	50	65500	2.31777	0.0127059	2.29698	2.34098	1310	0	1310	1310	
