% start	end	CellId	IMSI	RNTI	LCID	nTxPDUs	TxBytes	nRxPDUs	RxBytes	delay	stdDev	min	max	PduSize	stdDev	min	max
0.1	0.2	3	1	1	3	235	177315	245	181659	0.000879896	0.000394445	0	0.003	741.465	1390.92	31	9422	
0.1	0.2	3	2	2	3	297	160025	317	155441	0.000896088	0.000383894	0	0.003	490.35	1147.9	23	9422	
0.1	0.2	1	3	8	3	16	57555	16	57555	0.00227678	0.000938623	0.00083214	0.00383214	3597.19	4659.96	50	9422	
0.1	0.2	2	4	1	3	202	181622	202	172112	0.000953657	0.000532474	0	0.003	852.04	1432.09	42	9422	
0.1	0.2	6	5	4	3	15	56831	6	56532	0.003	0	0.003	0.003	9422	0	9422	9422	
0.1	0.2	1	6	2	3	15	59787	7	59158	0.003	0	0.003	0.003	8451.14	2568.65	2626	9422	
0.1	0.2	5	7	2	3	200	113112	205	113274	0.00100191	0.000504735	0	0.003	552.556	1549.74	5	9422	
0.1	0.2	7	8	2	3	18	57572	6	56532	0.003	0	0.003	0.003	9422	0	9422	9422	
0.1	0.2	3	9	3	3	292	87402	330	89990	0.000861318	0.000389954	0	0.003	272.697	1191.83	13	9422	
0.1	0.2	6	10	2	3	240	139771	267	138965	0.000874449	0.000517127	0	0.003	520.468	1383.97	9	9422	
0.1	0.2	6	11	5	3	17	56931	11	56716	0.00223279	0.00104059	0	0.003	5156	4901.27	22	9422	
0.1	0.2	1	12	5	3	60	63247	60	63247	0.00116321	0.00071145	0.000689284	0.003	1054.12	2732.88	38	9422	
0.1	0.2	1	13	3	3	14	59673	7	59158	0.003	0	0.003	0.003	8451.14	2568.65	2626	9422	
0.1	0.2	1	14	10	3	15	57477	6	56532	0.003	0	0.003	0.003	9422	0	9422	9422	
0.2	0.3	1	1	4	3	280	257185	281	261685	0.000931836	0.000512737	0	0.003	931.263	1882.41	31	9422	
0.2	0.3	1	2	5	3	342	232551	360	237637	0.000944283	0.000492333	0	0.003	660.103	1708.27	22	9422	
0.2	0.3	5	3	8	3	38	124450	29	123661	0.00224236	0.000934494	0.000814283	0.00383214	4264.17	4731.64	18	9422	
0.2	0.3	1	4	1	3	238	257913	226	256514	0.0010235	0.000637327	0	0.003	1135.02	2092.2	42	9422	
0.2	0.3	4	5	5	3	34	123880	13	122486	0.003	0	0.003	0.003	9422	0	9422	9422	
0.2	0.3	1	6	2	3	33	126786	14	125112	0.003	0	0.003	0.003	8936.57	1816.31	2626	9422	
0.2	0.3	7	7	9	3	243	186242	240	186319	0.00107394	0.000606053	0	0.003	776.329	2078.24	5	9422	
0.2	0.3	1	8	6	3	36	124075	13	122486	0.003	0	0.003	0.003	9422	0	9422	9422	
0.2	0.3	8	9	2	3	472	403989	520	404636	0.000897189	0.000438661	0	0.003	778.146	1550.21	13	9422	
0.2	0.3	6	10	2	3	434	368043	489	379465	0.000907637	0.000559123	0	0.003	776.002	1512.82	9	9422	
0.2	0.3	3	11	5	3	36	123823	30	123608	0.00232952	0.000842663	0	0.00308214	4120.27	4715.58	13	9422	
0.2	0.3	1	12	5	3	81	139610	76	130017	0.00139845	0.000886671	0.000689284	0.003	1710.75	3476.38	31	9422	
0.2	0.3	1	13	3	3	77	135669	69	135049	0.00151734	0.000877714	0.000707141	0.003	1957.23	3636.02	9	9422	
0.2	0.3	1	14	10	3	34	124691	13	122486	0.003	0	0.003	0.003	9422	0	9422	9422	
0.3	0.4	1	1	14	3	296	323974	288	327639	0.000982103	0.000598561	0	0.003	1137.64	2274.35	31	9422	
0.3	0.4	1	2	6	3	360	299339	367	303591	0.000983493	0.000563062	0	0.003	827.223	2074.29	22	9422	
0.3	0.4	1	3	8	3	58	201086	36	189615	0.00238968	0.00088944	0.000814283	0.00383214	5267.08	4711.35	18	9422	
0.3	0.4	7	4	6	3	276	329962	262	328227	0.00109758	0.000699002	0	0.003	1252.77	2387.69	42	9422	
0.3	0.4	1	5	7	3	51	200201	20	188440	0.003	0	0.003	0.003	9422	0	9422	9422	
0.3	0.4	1	6	2	3	49	193685	21	191066	0.003	0	0.003	0.003	9098.38	1483.01	2626	9422	
0.3	0.4	1	7	9	3	254	252506	249	252373	0.00112639	0.00067991	0	0.003	1013.55	2493.98	5	9422	
0.3	0.4	1	8	13	3	51	190420	20	188440	0.003	0	0.003	0.003	9422	0	9422	9422	
0.3	0.4	1	9	6	3	494	477288	544	494936	0.000941325	0.000531732	0	0.00383214	909.809	1841.33	13	9422	
0.3	0.4	6	10	2	3	588	570919	669	592380	0.000925895	0.000587596	0	0.00304643	885.471	1589.3	9	9422	
0.3	0.4	5	11	7	3	55	191037	37	189562	0.00245637	0.0008018	0	0.00308214	5123.3	4726.99	13	9422	
0.3	0.4	1	12	5	3	96	206404	89	205835	0.00162484	0.00104828	0	0.00383214	2312.75	3935.58	22	9422	
0.3	0.4	6	13	7	3	96	202755	76	201003	0.0016539	0.000940615	0.000707141	0.003	2644.78	4087.6	9	9422	
0.3	0.4	1	14	10	3	50	191590	20	188440	0.003	0	0.003	0.003	9422	0	9422	9422	
0.4	0.5	4	1	14	3	313	390593	299	393958	0.00103236	0.000666714	0	0.003	1317.59	2564.39	31	9422	
0.4	0.5	7	2	7	3	379	366331	374	369545	0.00102124	0.000621266	0	0.003	988.088	2362.68	22	9422	
0.4	0.5	1	3	8	3	290	430390	270	428061	0.00118842	0.000737986	0	0.00383214	1585.41	2693	18	9422	
0.4	0.5	1	4	1	3	314	400823	305	399570	0.00114113	0.000764484	0	0.00383214	1310.07	2563.69	42	9422	
0.4	0.5	1	5	7	3	67	267100	28	263816	0.003	0	0.003	0.003	9422	0	9422	9422	
0.4	0.5	8	6	4	3	347	376416	331	376123	0.00110662	0.000675181	0	0.003	1136.32	2484.04	38	9422	
0.4	0.5	1	7	9	3	273	328423	256	318327	0.00117762	0.000737101	0	0.003	1243.46	2817.26	5	9422	
0.4	0.5	3	8	7	3	86	258756	49	256463	0.00217274	0.00108758	0	0.00383214	5233.94	4687.84	23	9422	
0.4	0.5	1	9	8	3	513	544060	551	560890	0.000967479	0.000576537	0	0.00383214	1017.95	2063.45	13	9422	
0.4	0.5	4	10	11	3	616	650434	691	673553	0.000942705	0.000619126	0	0.00304643	974.751	1784.99	9	9422	
0.4	0.5	7	11	12	3	174	267947	160	266800	0.0013187	0.000876269	0	0.00308214	1667.5	3505.03	13	9422	
0.4	0.5	3	12	8	3	126	273866	115	272983	0.00163941	0.0010636	0	0.00383214	2373.77	3987.44	9	9422	
0.4	0.5	5	13	9	3	113	269317	83	266957	0.00176742	0.000975123	0.000707141	0.003	3216.35	4344.23	9	9422	
0.4	0.5	1	14	10	3	70	268180	27	254394	0.003	0	0.003	0.003	9422	0	9422	9422	
0.5	0.6	4	1	8	3	327	457200	313	460482	0.00107509	0.000727382	0	0.003	1471.19	2786.62	31	9422	
0.5	0.6	8	2	6	3	695	745673	688	746681	0.00100375	0.00057748	0	0.00383214	1085.29	1950.33	22	9422	
0.5	0.6	1	3	8	3	616	631504	609	632982	0.00105838	0.000607047	0	0.00383214	1039.38	2091.85	18	9422	
0.5	0.6	4	4	12	3	331	467097	312	465524	0.00118284	0.000804556	0	0.00383214	1492.06	2805.79	42	9422	
0.5	0.6	1	5	7	3	87	333869	35	329770	0.003	0	0.003	0.003	9422	0	9422	9422	
0.5	0.6	5	6	2	3	367	443683	343	443170	0.0011369	0.000724453	0	0.003	1292.04	2710.58	9	9422	
0.5	0.6	1	7	9	3	289	394827	264	393703	0.00123284	0.000790411	0	0.003	1491.3	3109.42	5	9422	
0.5	0.6	4	8	10	3	150	335578	114	332995	0.00164398	0.00101291	0	0.00383214	2921.01	4257.58	23	9422	
0.5	0.6	1	9	6	3	528	610414	564	627125	0.000993146	0.000616061	0	0.00383214	1111.92	2244.74	13	9422	
0.5	0.6	1	10	11	3	633	726755	698	739507	0.000963337	0.000649268	0	0.00304643	1059.47	1965.62	9	9422	
0.5	0.6	1	11	12	3	194	344251	178	333632	0.00146511	0.000951502	0	0.00383214	1874.34	3678	13	9422	
0.5	0.6	1	12	8	3	170	344344	153	342945	0.00155525	0.00103193	0	0.00383214	2241.47	3901.65	9	9422	
0.5	0.6	4	13	3	3	130	335657	90	332911	0.00186329	0.000993114	0.000707141	0.003	3699.01	4492.36	9	9422	
0.5	0.6	1	14	11	3	355	426248	342	419594	0.00104491	0.000749895	0	0.003	1226.88	2780.27	50	9422	
0.6	0.7	1	1	14	3	365	534310	347	528101	0.00109609	0.000752864	0	0.003	1521.9	2904.07	13	9422	
0.6	0.7	8	2	6	3	1040	1024902	1049	1037344	0.0009603	0.000520943	0	0.00383214	988.888	1742.5	22	9422	
0.6	0.7	1	3	9	3	634	698208	616	698936	0.00108045	0.000637756	0	0.00383214	1134.64	2262.02	18	9422	
0.6	0.7	7	4	11	3	351	534227	324	531722	0.0012308	0.000848958	0	0.00383214	1641.12	2992.12	22	9422	
0.6	0.7	4	5	13	3	105	400139	43	395755	0.00297118	0.000188989	0.00176071	0.003	9203.6	1432.11	31	9422	
0.6	0.7	7	6	10	3	383	510223	355	509483	0.00119535	0.000782289	0	0.00383214	1435.16	2899.26	9	9422	
0.6	0.7	1	7	15	3	310	461247	278	459867	0.00129005	0.000826115	0	0.003	1654.2	3285.82	5	9422	
0.6	0.7	1	8	13	3	199	415620	160	403949	0.00152399	0.000992536	0	0.00383214	2524.68	4061.99	13	9422	
0.6	0.7	8	9	10	3	828	828589	895	856414	0.000943027	0.000556988	0	0.00383214	956.887	1958.32	13	9422	
0.6	0.7	6	10	9	3	969	1137807	1032	1156675	0.000968914	0.000588544	0	0.00304643	1120.81	1783.41	9	9422	
0.6	0.7	1	11	12	3	208	410314	187	409021	0.00153741	0.00098281	0	0.00383214	2187.28	3904.29	13	9422	
0.6	0.7	4	12	14	3	458	482374	461	484301	0.00111782	0.000769535	0	0.00383214	1050.54	2644.47	9	9422	
0.6	0.7	1	13	3	3	146	402061	98	398915	0.00195073	0.000997151	0.000707141	0.003	4070.56	4569.28	9	9422	
0.6	0.7	7	14	12	3	409	535398	389	531079	0.00105716	0.000753823	0	0.003	1365.24	2831.78	13	9422	
0.7	0.8	1	1	14	3	381	600714	358	603627	0.00115019	0.000802255	0	0.003	1686.11	3092.49	13	9422	
0.7	0.8	3	2	4	3	1088	1109243	1099	1122171	0.000977766	0.000550105	0	0.00383214	1021.08	1834.19	22	9422	
0.7	0.8	6	3	10	3	918	870577	930	875597	0.0010214	0.000580839	0	0.00383214	941.502	2018.66	18	9422	
0.7	0.8	8	4	12	3	649	735213	642	737374	0.00110616	0.000726638	0	0.00383214	1148.56	2373.98	9	9422	
0.7	0.8	6	5	11	3	120	466314	50	461709	0.00297521	0.000175262	0.00176071	0.003	9234.18	1328.09	31	9422	
0.7	0.8	1	6	2	3	399	586439	362	575437	0.00123025	0.000813658	0	0.00383214	1589.6	3075.01	9	9422	
0.7	0.8	6	7	12	3	594	598050	598	601921	0.00108084	0.000683887	0	0.003	1006.56	2519.09	5	9422	
0.7	0.8	4	8	16	3	522	635173	487	633485	0.00114158	0.000720285	0	0.00383214	1300.79	2730.79	13	9422	
0.7	0.8	3	9	6	3	877	917295	945	944975	0.000958807	0.000577021	0	0.00383214	999.974	2042.89	13	9422	
0.7	0.8	7	10	13	3	1015	1238469	1072	1257639	0.000989626	0.000613315	0	0.00383214	1173.17	1875.05	9	9422	
0.7	0.8	1	11	12	3	225	476931	204	475638	0.00157393	0.000995635	0	0.00383214	2331.56	3996.57	13	9422	
0.7	0.8	1	12	5	3	478	549842	472	551339	0.00114332	0.000794383	0	0.00383214	1168.09	2804.06	9	9422	
0.7	0.8	1	13	3	3	169	478847	105	464869	0.00202068	0.000998273	0.000707141	0.003	4427.32	4612.16	9	9422	
0.7	0.8	1	14	17	3	427	601856	397	597138	0.00109841	0.00080077	0	0.00383214	1504.13	2998.18	13	9422	
0.8	0.9	1	1	14	3	404	667549	372	669783	0.00118223	0.000828641	0	0.003	1800.49	3220.32	9	9422	
0.8	0.9	3	2	4	3	1271	1237868	1291	1242418	0.000971495	0.000540127	0	0.00383214	962.369	1823.54	22	9422	
0.8	0.9	7	3	15	3	967	941554	969	946473	0.00102732	0.000595464	0	0.00383214	976.752	2109.57	18	9422	
0.8	0.9	1	4	1	3	710	831187	702	822442	0.00112097	0.000731978	0	0.00383214	1171.57	2427.56	9	9422	
0.8	0.9	8	5	13	3	139	533363	57	527663	0.00297826	0.000164148	0.00176071	0.003	9257.25	1243.87	31	9422	
0.8	0.9	1	6	2	3	416	652895	379	651265	0.0012759	0.000851354	0	0.00383214	1718.38	3220.03	9	9422	
0.8	0.9	6	7	12	3	923	1009190	953	1030119	0.00100544	0.000599412	0	0.003	1080.92	2128.33	5	9422	
0.8	0.9	1	8	13	3	701	729147	677	727783	0.00110462	0.000674493	0	0.00383214	1075.01	2522.21	9	9422	
0.8	0.9	6	9	13	3	894	983505	955	1011022	0.000975241	0.000600845	0	0.00383214	1058.66	2156.3	13	9422	
0.8	0.9	6	10	15	3	1320	1507503	1389	1531521	0.000965335	0.000573753	0	0.00383214	1102.61	1766.92	9	9422	
0.8	0.9	7	11	16	3	562	598859	539	596896	0.00118001	0.00075131	0	0.00383214	1107.41	2834.54	13	9422	
0.8	0.9	3	12	14	3	687	639485	696	641774	0.00107002	0.000716051	0	0.00383214	922.089	2510.65	9	9422	
0.8	0.9	1	13	3	3	234	552456	172	547985	0.00171235	0.000985301	0	0.003	3185.96	4350.14	9	9422	
0.8	0.9	1	14	10	3	443	668535	404	663092	0.00113135	0.000831755	0	0.00383214	1641.32	3146.91	13	9422	
0.9	1	4	1	18	3	488	736385	455	738551	0.00114726	0.00080214	0	0.003	1623.19	3139.95	9	9422	
0.9	1	1	2	10	3	1528	1504243	1550	1517920	0.000964451	0.000529987	0	0.00383214	979.303	1774.88	22	9422	
0.9	1	6	3	16	3	1265	1078701	1281	1084218	0.00100764	0.000566887	0	0.00383214	846.384	1968.31	18	9422	
0.9	1	1	4	1	3	726	897591	717	898168	0.00114928	0.000755829	0	0.00383214	1252.68	2556.53	9	9422	
0.9	1	5	5	12	3	489	1402154	406	1391094	0.00119329	0.000792024	0.000707141	0.003	3426.34	2604.31	31	9422	
0.9	1	4	6	19	3	517	724729	481	723195	0.00122422	0.000812964	0	0.00383214	1503.52	3086.59	9	9422	
0.9	1	8	7	9	3	962	1084616	985	1107452	0.00101301	0.000617814	0	0.003	1124.32	2210.84	5	9422	
0.9	1	4	8	21	3	918	832762	900	832136	0.00106546	0.000640496	0	0.00383214	924.596	2345.26	9	9422	
0.9	1	1	9	6	3	914	1059472	962	1076976	0.000989974	0.000622921	0	0.00383214	1119.52	2263.08	13	9422	
0.9	1	3	10	15	3	1363	1593215	1425	1619262	0.000973333	0.000584679	0	0.00383214	1136.32	1839.9	9	9422	
0.9	1	4	11	22	3	583	666181	553	664543	0.00120587	0.000771508	0	0.00383214	1201.71	2950.96	13	9422	
0.9	1	1	12	5	3	707	715181	706	707776	0.00109292	0.000738807	0	0.00383214	1002.52	2632.17	9	9422	
0.9	1	1	13	3	3	255	619136	181	614094	0.00175473	0.001001	0	0.003	3392.78	4422.01	9	9422	
0.9	1	4	14	10	3	460	734840	411	729046	0.00116318	0.000859422	0	0.00383214	1773.83	3278.71	13	9422	
1	1.1	3	1	16	3	856	897729	834	900434	0.00102465	0.000652711	0	0.003	1079.66	2535.59	9	9422	
1	1.1	8	2	15	3	1828	1710694	1866	1726705	0.000953827	0.000518775	0	0.00383214	925.351	1713.55	22	9422	
1	1.1	6	3	16	3	1612	1314481	1635	1312667	0.00100471	0.000544492	0	0.00383214	802.854	1840.96	18	9422	
1	1.1	1	4	1	3	747	963910	724	964122	0.00116717	0.000773685	0	0.00383214	1331.66	2666.92	9	9422	
1	1.1	5	5	12	3	725	1928118	644	1915340	0.00107806	0.000689538	0.000635713	0.003	2974.13	2316.03	31	9422	
1	1.1	3	6	19	3	569	793109	534	791653	0.00122415	0.00081384	0	0.00383214	1482.5	3095.81	9	9422	
1	1.1	3	7	18	3	979	1150745	992	1173406	0.00102703	0.000637722	0	0.003	1182.87	2310.02	5	9422	
1	1.1	3	8	21	3	976	901324	968	901126	0.00108161	0.000647042	0	0.00383214	930.915	2384.21	9	9422	
1	1.1	1	9	6	3	930	1126142	970	1152352	0.00100655	0.000646457	0	0.00383214	1187.99	2375.64	13	9422	
1	1.1	5	10	14	3	1392	1661019	1446	1686332	0.000984877	0.000598979	0	0.00383214	1166.2	1917.96	9	9422	
1	1.1	1	11	12	3	640	733895	610	732257	0.00120242	0.000767745	0	0.00383214	1200.42	2963.37	9	9422	
1	1.1	8	12	16	3	924	803654	940	806723	0.00105684	0.000681842	0	0.00383214	858.216	2445.32	9	9422	
1	1.1	3	13	20	3	289	686154	216	681194	0.00172493	0.000976101	0	0.003	3153.68	4354.35	9	9422	
1	1.1	8	14	17	3	479	801205	418	795000	0.00119394	0.000884248	0	0.00383214	1901.91	3396.32	13	9422	
1.1	1.2	4	1	24	3	1116	1042153	1097	1045203	0.00101258	0.00061563	0	0.003	952.783	2336.07	9	9422	
1.1	1.2	8	2	15	3	2135	2162084	2201	2186488	0.000954693	0.000514456	0	0.00383214	993.407	1664.18	22	9422	
1.1	1.2	1	3	8	3	1654	1394126	1672	1401055	0.00101192	0.000557093	0	0.00383214	837.952	1916.1	18	9422	
1.1	1.2	5	4	15	3	762	1030418	733	1030212	0.00118922	0.000795721	0	0.00383214	1405.47	2765.84	9	9422	
1.1	1.2	5	5	12	3	842	2129466	765	2128904	0.00106191	0.000675977	0.000635713	0.003	2782.88	2320.48	31	9422	
1.1	1.2	1	6	2	3	582	859474	547	858127	0.00124349	0.000837672	0	0.00383214	1568.79	3190.29	9	9422	
1.1	1.2	1	7	9	3	1082	1254633	1098	1267652	0.00104215	0.000644565	0	0.003	1154.51	2308.01	5	9422	
1.1	1.2	1	8	13	3	990	967792	982	967594	0.00109663	0.00066396	0	0.00383214	985.33	2473.88	9	9422	
1.1	1.2	1	9	13	3	946	1192691	977	1218306	0.00102083	0.000665738	0	0.00383214	1246.99	2466.97	13	9422	
1.1	1.2	4	10	11	3	1411	1727564	1453	1752286	0.000994585	0.000613619	0	0.00383214	1205.98	1996.95	9	9422	
1.1	1.2	5	11	12	3	675	803162	637	800638	0.00121494	0.000780006	0	0.00383214	1256.89	3030.88	9	9422	
1.1	1.2	1	12	17	3	973	874354	977	876498	0.00106465	0.000690162	0	0.00383214	897.132	2508.74	9	9422	
1.1	1.2	7	13	18	3	306	752773	223	747148	0.00176496	0.000986096	0	0.003	3350.44	4422.96	9	9422	
1.1	1.2	1	14	10	3	494	876931	425	860954	0.00122369	0.000906615	0	0.00383214	2025.77	3501.83	13	9422	
1.2	1.3	6	1	19	3	1152	1114832	1126	1118013	0.00102664	0.000630628	0	0.003	992.907	2401.95	9	9422	
1.2	1.3	5	2	17	3	2187	2257794	2243	2282536	0.000960637	0.000524346	0	0.00383214	1017.63	1716.14	9	9422	
1.2	1.3	1	3	26	3	1673	1460955	1679	1467009	0.00102021	0.000570506	0	0.00383214	873.74	1990.53	18	9422	
1.2	1.3	1	4	1	3	777	1097093	743	1096417	0.00121039	0.000812936	0	0.00383214	1475.66	2855.73	9	9422	
1.2	1.3	5	5	12	3	972	2338717	895	2337799	0.00103477	0.000658441	0.000635713	0.003	2612.07	2302.81	31	9422	
1.2	1.3	3	6	2	3	595	926004	563	924596	0.0012612	0.00086272	0	0.00383214	1642.27	3269.18	9	9422	
1.2	1.3	1	7	9	3	1238	1417184	1276	1439813	0.0010437	0.000649846	0	0.003	1128.38	2251.5	5	9422	
1.2	1.3	3	8	21	3	1010	1034789	1001	1034486	0.00111586	0.000686001	0	0.00383214	1033.45	2551.4	9	9422	
1.2	1.3	8	9	19	3	1273	1477649	1302	1502983	0.00101571	0.000617855	0	0.00383214	1154.36	2240.03	13	9422	
1.2	1.3	1	10	11	3	1428	1803885	1460	1818240	0.0010042	0.000627634	0	0.00383214	1245.37	2071.47	9	9422	
1.2	1.3	7	11	19	3	899	950132	866	937510	0.0011447	0.000723828	0	0.00383214	1082.58	2737.74	9	9422	
1.2	1.3	3	12	23	3	991	941463	990	943082	0.0010941	0.000733202	0	0.00383214	952.608	2593.48	9	9422	
1.2	1.3	5	13	3	3	323	819308	230	813102	0.00180254	0.000993916	0	0.003	3535.23	4478.52	9	9422	
1.2	1.3	1	14	10	3	514	943700	433	936330	0.00125651	0.00092956	0	0.00383214	2162.42	3609.71	13	9422	
1.3	1.4	3	1	24	3	1463	1406869	1449	1405611	0.00100721	0.000594057	0	0.003	970.056	2204.03	9	9422	
1.3	1.4	3	2	25	3	2222	2327247	2270	2350505	0.000967391	0.000534694	0	0.00383214	1035.46	1770.64	9	9422	
1.3	1.4	5	3	19	3	1691	1527732	1693	1533624	0.00103421	0.000594496	0	0.00383214	905.862	2057.48	18	9422	
1.3	1.4	6	4	20	3	796	1163495	750	1162371	0.00122709	0.000827249	0	0.00383214	1549.83	2943.4	9	9422	
1.3	1.4	4	5	28	3	1002	2420222	915	2420839	0.00104562	0.000674386	0.000635713	0.003	2645.73	2360.46	31	9422	
1.3	1.4	8	6	20	3	892	1097066	883	1095976	0.00112125	0.000767961	0	0.00383214	1241.2	2782.71	9	9422	
1.3	1.4	6	7	18	3	1334	1504609	1397	1530948	0.00102699	0.000656945	0	0.003	1095.88	2245.47	5	9422	
1.3	1.4	1	8	13	3	1030	1111260	1008	1100440	0.00112894	0.000701307	0	0.00383214	1091.71	2636.31	9	9422	
1.3	1.4	5	9	20	3	1320	1612437	1341	1633660	0.00102254	0.000626454	0	0.00383214	1218.24	2294.21	13	9422	
1.3	1.4	1	10	22	3	1541	1879882	1574	1903749	0.00100821	0.000628264	0	0.00383214	1209.5	2099.5	9	9422	
1.3	1.4	1	11	12	3	946	1034642	906	1030392	0.00114971	0.00073476	0	0.00383214	1137.3	2790.62	9	9422	
1.3	1.4	1	12	5	3	1007	1007867	998	1009086	0.00110885	0.000748646	0	0.00383214	1011.11	2678.28	9	9422	
1.3	1.4	1	13	3	3	339	886207	237	879056	0.00183791	0.000999921	0	0.003	3709.1	4523.24	9	9422	
1.3	1.4	6	14	21	3	630	1037237	547	1029103	0.00122688	0.000902541	0	0.00383214	1881.36	3409.62	13	9422	
1.4	1.5	1	1	14	3	1507	1498627	1486	1504851	0.00101585	0.000605804	0	0.003	1012.69	2263.44	9	9422	
1.4	1.5	1	2	4	3	2411	2430449	2466	2454621	0.000963815	0.000531374	0	0.00383214	995.386	1771.46	9	9422	
1.4	1.5	3	3	26	3	1720	1596226	1720	1601540	0.00104399	0.000604969	0	0.00383214	931.128	2114.02	13	9422	
1.4	1.5	5	4	1	3	813	1230417	766	1229270	0.00125345	0.000854727	0	0.00383214	1604.79	3011.81	9	9422	
1.4	1.5	7	5	22	3	1020	2486760	928	2487184	0.00106476	0.000694414	0.000635713	0.003	2680.16	2425.34	31	9422	
1.4	1.5	3	6	27	3	1120	1209366	1126	1200471	0.00109918	0.000728323	0	0.00383214	1066.14	2588.99	9	9422	
1.4	1.5	4	7	30	3	1353	1571264	1404	1596902	0.00103683	0.000669887	0	0.003	1137.39	2315.42	5	9422	
1.4	1.5	1	8	13	3	1049	1177757	1016	1175816	0.00114367	0.000717866	0	0.00383214	1157.3	2727.27	9	9422	
1.4	1.5	1	9	6	3	1336	1679336	1351	1699929	0.00103459	0.00064119	0	0.00383214	1258.27	2361.04	13	9422	
1.4	1.5	6	10	23	3	1841	2230220	1882	2254726	0.00100505	0.000614307	0	0.00383214	1198.05	1994.06	9	9422	
1.4	1.5	1	11	12	3	962	1101541	913	1096346	0.0011639	0.000749537	0	0.00383214	1200.82	2872.38	9	9422	
1.4	1.5	3	12	5	3	1017	1073952	1012	1075288	0.00111796	0.000763262	0	0.00383214	1062.54	2750.93	9	9422	
1.4	1.5	1	13	3	3	374	964086	271	947408	0.0017867	0.00099288	0	0.003	3495.97	4471.56	9	9422	
1.4	1.5	1	14	23	3	675	1112373	587	1104028	0.00123757	0.000900351	0	0.00383214	1880.8	3414.34	13	9422	
1.5	1.6	3	1	28	3	1839	1705476	1836	1716907	0.000988527	0.000575494	0	0.003	935.135	2116.88	9	9422	
1.5	1.6	3	2	25	3	2604	2526965	2691	2543857	0.000951945	0.000534812	0	0.00383214	945.32	1766.94	9	9422	
1.5	1.6	8	3	23	3	1739	1662971	1727	1667494	0.00105192	0.000616406	0	0.00383214	965.544	2177.65	13	9422	
1.5	1.6	1	4	1	3	831	1305977	773	1295224	0.00126927	0.0008668	0	0.00383214	1675.58	3088.33	9	9422	
1.5	1.6	8	5	24	3	1037	2553295	935	2553138	0.00107925	0.000711656	0.000635713	0.003	2730.63	2485.22	31	9422	
1.5	1.6	3	6	27	3	1233	1283097	1280	1285531	0.00106155	0.000730934	0	0.00383214	1004.32	2538.38	4	9422	
1.5	1.6	1	7	9	3	1369	1637833	1411	1662856	0.00104657	0.000682319	0	0.003	1178.49	2381.93	5	9422	
1.5	1.6	1	8	22	3	1068	1244311	1033	1242270	0.00116375	0.000732354	0	0.00383214	1202.58	2790.81	9	9422	
1.5	1.6	3	9	30	3	1652	1771942	1683	1793622	0.000998419	0.000605352	0	0.00383214	1065.73	2231.79	13	9422	
1.5	1.6	8	10	25	3	1887	2337082	1924	2363765	0.00101351	0.0006276	0	0.00383214	1228.57	2034.82	9	9422	
1.5	1.6	1	11	24	3	981	1168313	920	1162300	0.00117787	0.00076355	0	0.00383214	1263.37	2949.34	9	9422	
1.5	1.6	6	12	25	3	1034	1140514	1019	1141242	0.00113089	0.000776371	0	0.00383214	1119.96	2827.15	9	9422	
1.5	1.6	1	13	3	3	528	1052699	427	1045598	0.00151724	0.000932247	0	0.003	2448.71	4014.22	9	9422	
1.5	1.6	5	14	23	3	991	1591909	913	1589271	0.0011196	0.000786514	0	0.00383214	1740.71	2842.67	13	9422	
1.6	1.7	1	1	26	3	1881	1780628	1871	1792449	0.000994771	0.00058409	0	0.003	958.017	2161.45	9	9422	
1.6	1.7	1	2	4	3	2650	2596969	2746	2624059	0.000960212	0.000550037	0	0.00383214	955.593	1811.36	9	9422	
1.6	1.7	1	3	8	3	1755	1729870	1734	1733448	0.00105978	0.000627446	0	0.00383214	999.682	2238.46	13	9422	
1.6	1.7	1	4	1	3	846	1372274	787	1370843	0.00129133	0.000878128	0	0.00383214	1741.86	3161.44	9	9422	
1.6	1.7	3	5	7	3	1056	2619550	942	2619092	0.00109352	0.000727961	0.000635713	0.003	2780.35	2541.84	31	9422	
1.6	1.7	1	6	25	3	1253	1350038	1289	1351520	0.00107165	0.000742272	0	0.00383214	1048.5	2604.41	4	9422	
1.6	1.7	3	7	9	3	1388	1704088	1418	1728810	0.00105621	0.000694274	0	0.003	1219.19	2445.32	5	9422	
1.6	1.7	1	8	31	3	1344	1356754	1323	1356073	0.00112278	0.000691631	0	0.00383214	1025	2576.11	8	9422	
1.6	1.7	1	9	6	3	1765	1856252	1808	1869136	0.000994722	0.000604784	0	0.00383214	1033.81	2229.18	9	9422	
1.6	1.7	8	10	25	3	1924	2407713	1964	2434536	0.00102276	0.000642227	0	0.00383214	1239.58	2077.28	9	9422	
1.6	1.7	3	11	33	3	1280	1288009	1232	1282229	0.00111816	0.000708411	0	0.00383214	1040.77	2667.88	9	9422	
1.6	1.7	1	12	5	3	1054	1216377	1026	1207196	0.00114364	0.00078888	0	0.00383214	1176.6	2899.26	9	9422	
1.6	1.7	1	13	3	3	601	1128411	504	1121354	0.00146078	0.000910827	0	0.003	2224.91	3875.12	9	9422	
1.6	1.7	6	14	27	3	1143	1756734	1065	1753464	0.00110985	0.000764381	0	0.00383214	1646.45	2736.37	13	9422	
1.7	1.8	1	1	26	3	1899	1846843	1878	1858403	0.00100225	0.000595675	0	0.003	989.565	2218.25	9	9422	
1.7	1.8	8	2	26	3	2936	2745388	3066	2776077	0.000956172	0.000541954	0	0.00383214	905.439	1774.97	9	9422	
1.7	1.8	5	3	8	3	1895	1819560	1880	1814146	0.00105587	0.000620906	0	0.00383214	964.971	2223.42	13	9422	
1.7	1.8	1	4	28	3	865	1438566	803	1437069	0.00131639	0.00089283	0	0.00383214	1789.63	3215.7	9	9422	
1.7	1.8	1	5	7	3	1076	2696186	949	2685046	0.00110758	0.000743408	0.000635713	0.003	2829.34	2595.49	31	9422	
1.7	1.8	8	6	28	3	1565	1520028	1622	1528631	0.00103048	0.00069055	0	0.00383214	942.436	2405.45	4	9422	
1.7	1.8	1	7	9	3	1404	1770987	1425	1794764	0.00106576	0.000705783	0	0.003	1259.48	2505.86	5	9422	
1.7	1.8	7	8	24	3	1363	1423968	1330	1422027	0.00113266	0.000703063	0	0.00383214	1069.19	2640.23	8	9422	
1.7	1.8	1	9	6	3	1780	1923046	1817	1944617	0.00100511	0.000621281	0	0.00383214	1070.24	2292.1	9	9422	
1.7	1.8	8	10	25	3	2003	2482029	2053	2509188	0.00101916	0.000646423	0	0.00383214	1222.21	2099.41	9	9422	
1.7	1.8	3	11	33	3	1329	1360862	1277	1355216	0.00112407	0.000718504	0	0.00383214	1061.25	2696.99	9	9422	
1.7	1.8	8	12	27	3	1190	1288753	1170	1289440	0.0011262	0.000766535	0	0.00383214	1102.09	2824.46	9	9422	
1.7	1.8	1	13	29	3	618	1194567	511	1187308	0.00148186	0.000922113	0	0.003	2323.5	3938.49	9	9422	
1.7	1.8	5	14	30	3	1506	2262042	1434	2258362	0.00105111	0.000696704	0	0.00383214	1574.87	2444.09	13	9422	
1.8	1.9	1	1	14	3	1915	1913058	1885	1924357	0.00100966	0.000606864	0	0.003	1020.88	2272.79	9	9422	
1.8	1.9	3	2	34	3	3182	2853748	3324	2886105	0.000954117	0.000535721	0	0.00383214	868.263	1760.18	9	9422	
1.8	1.9	1	3	34	3	1914	1886774	1888	1889522	0.0010641	0.000632334	0	0.00383214	1000.81	2285.73	13	9422	
1.8	1.9	1	4	28	3	884	1505395	810	1503023	0.00133094	0.000902531	0	0.00383214	1855.58	3278.86	9	9422	
1.8	1.9	5	5	31	3	1416	3195714	1287	3186292	0.00103328	0.000673663	0.000635713	0.003	2475.75	2408.9	22	9422	
1.8	1.9	7	6	26	3	1617	1595287	1674	1604074	0.00103811	0.00069624	0	0.00383214	958.228	2433.46	4	9422	
1.8	1.9	1	7	9	3	1422	1846804	1432	1860718	0.00107521	0.000716871	0	0.003	1299.38	2563.78	5	9422	
1.8	1.9	3	8	13	3	1380	1490373	1348	1488436	0.00114063	0.000714487	0	0.00383214	1104.18	2692.15	8	9422	
1.8	1.9	1	9	6	3	1800	1989507	1825	2010602	0.00101363	0.000633136	0	0.00383214	1101.7	2344.78	9	9422	
1.8	1.9	1	10	11	3	2271	2577663	2340	2606388	0.00100773	0.000625378	0	0.00383214	1113.84	2050.4	9	9422	
1.8	1.9	3	11	12	3	1470	1448585	1416	1442763	0.00110787	0.000704375	0	0.00383214	1018.9	2641.75	9	9422	
1.8	1.9	1	12	29	3	1240	1357507	1211	1357455	0.00112736	0.00076898	0	0.00383214	1120.94	2852.69	9	9422	
1.8	1.9	1	13	3	3	628	1260596	522	1253350	0.00150044	0.000931351	0	0.003	2401.05	3986.96	9	9422	
1.8	1.9	1	14	10	3	1556	2404231	1474	2391061	0.00105614	0.00070121	0	0.00383214	1622.16	2471.35	13	9422	
1.9	2	5	1	26	3	1934	1979887	1892	1990311	0.00101703	0.000617681	0	0.003	1051.96	2325.24	9	9422	
1.9	2	3	2	34	3	3344	2952582	3490	2986136	0.000952346	0.000534599	0	0.00383214	855.626	1765.56	9	9422	
1.9	2	1	3	8	3	1932	1953183	1895	1955476	0.00107125	0.000642003	0	0.00383214	1031.91	2338.03	13	9422	
1.9	2	1	4	1	3	900	1571964	817	1568977	0.00134524	0.000911738	0	0.00383214	1920.41	3338.51	9	9422	
1.9	2	1	5	29	3	1458	3311862	1325	3305851	0.00104628	0.000686347	0.000635713	0.003	2494.98	2433.75	22	9422	
1.9	2	1	6	2	3	1679	1667138	1737	1675956	0.00104161	0.000696959	0	0.00383214	964.857	2453.39	4	9422	
1.9	2	1	7	9	3	1441	1913651	1440	1936094	0.00108591	0.000729061	0	0.003	1344.51	2627.01	5	9422	
1.9	2	6	8	30	3	1399	1557202	1355	1554390	0.00115023	0.000725006	0	0.00383214	1147.15	2750.64	8	9422	
1.9	2	3	9	37	3	1832	2057533	1853	2078262	0.00102358	0.000643149	0	0.00383214	1121.57	2384.95	9	9422	
1.9	2	8	10	11	3	2288	2653627	2352	2672730	0.00101686	0.00064194	0	0.00408214	1136.36	2095.23	9	9422	
1.9	2	7	11	30	3	1759	1652928	1713	1634403	0.00107649	0.000677485	0	0.00383214	954.117	2474.6	9	9422	
1.9	2	3	12	36	3	1553	1462877	1529	1463496	0.0010796	0.000711155	0	0.00383214	957.159	2633.23	9	9422	
1.9	2	1	13	3	3	642	1327065	529	1319304	0.00152028	0.000940921	0	0.003	2493.96	4041.03	9	9422	
1.9	2	1	14	31	3	1761	2493567	1678	2489601	0.0010489	0.000686574	0	0.00383214	1483.67	2429.03	13	9422	
2	2.1	1	1	14	3	1951	2055713	1899	2056265	0.00102434	0.000628149	0	0.003	1082.81	2375.76	9	9422	
2	2.1	3	2	34	3	3402	3031236	3547	3064838	0.000954204	0.000539816	0	0.00383214	864.065	1793.65	9	9422	
2	2.1	3	3	38	3	2267	2101682	2231	2103670	0.00104782	0.000613134	0	0.00383214	942.927	2224.25	13	9422	
2	2.1	8	4	31	3	936	1640391	850	1636813	0.00135067	0.000910769	0	0.00383214	1925.66	3358.73	9	9422	
2	2.1	4	5	35	3	1477	3379076	1332	3371805	0.00105655	0.000698974	0.000635713	0.003	2531.39	2478.51	22	9422	
2	2.1	8	6	33	3	1697	1733379	1751	1742091	0.00105228	0.00070835	0	0.00383214	994.912	2501.93	4	9422	
2	2.1	1	7	9	3	1457	1980055	1447	2002048	0.00109517	0.000739328	0	0.003	1383.59	2679.94	5	9422	
2	2.1	1	8	13	3	1419	1632962	1362	1620344	0.00115974	0.000735145	0	0.00383214	1189.68	2806.68	8	9422	
2	2.1	8	9	32	3	2146	2722412	2180	2755166	0.00100583	0.000617514	0	0.00383214	1263.84	2278.53	9	9422	
2	2.1	1	10	11	3	2404	2735205	2473	2763848	0.00101815	0.000641882	0	0.00408214	1117.61	2107.73	9	9422	
2	2.1	1	11	34	3	1809	1729849	1759	1721082	0.0010843	0.000684969	0	0.00383214	978.443	2509.78	9	9422	
2	2.1	7	12	34	3	1571	1529165	1536	1529450	0.00108835	0.000721233	0	0.00383214	995.736	2688.41	9	9422	
2	2.1	7	13	32	3	659	1393396	536	1385258	0.0015396	0.000949749	0	0.003	2584.44	4090.98	9	9422	
2	2.1	5	14	34	3	2125	3006907	2044	3000160	0.0010266	0.000644465	0	0.00383214	1467.79	2259.83	13	9422	
2.1	2.2	1	1	14	3	1972	2122032	1907	2131641	0.00103263	0.000639711	0	0.003	1117.8	2431.3	9	9422	
2.1	2.2	8	2	35	3	3741	3285651	3898	3324793	0.000943016	0.000529267	0	0.00383214	852.948	1751.93	9	9422	
2.1	2.2	8	3	36	3	2289	2168916	2255	2171453	0.00105358	0.000622333	0	0.00383214	962.95	2263.36	4	9422	
2.1	2.2	8	4	31	3	1264	1751992	1204	1750339	0.00120769	0.000826086	0	0.00383214	1453.77	2998.28	9	9422	
2.1	2.2	1	5	7	3	1493	3445975	1339	3437759	0.00106671	0.000711101	0.000635713	0.003	2567.41	2521.51	22	9422	
2.1	2.2	1	6	2	3	1715	1808957	1758	1808045	0.00106003	0.000717506	0	0.00383214	1028.47	2552.75	4	9422	
2.1	2.2	7	7	35	3	1479	2047362	1454	2068002	0.00110434	0.000749246	0	0.003	1422.28	2730.8	5	9422	
2.1	2.2	1	8	13	3	1437	1699750	1378	1696404	0.00117612	0.000752208	0	0.00383214	1231.06	2860.95	8	9422	
2.1	2.2	8	9	32	3	2525	3059143	2574	3103617	0.000986447	0.000585405	0	0.00383214	1205.76	2150.23	9	9422	
2.1	2.2	1	10	35	3	2423	2802254	2492	2830897	0.00102884	0.000652801	0	0.00408214	1135.99	2146.44	9	9422	
2.1	2.2	6	11	35	3	2125	2207080	2079	2199048	0.00106166	0.000654995	0	0.00383214	1057.74	2369.63	9	9422	
2.1	2.2	6	12	5	3	1589	1595334	1543	1595404	0.00109703	0.000730978	0	0.00383214	1033.96	2741.46	9	9422	
2.1	2.2	1	13	3	3	677	1468974	543	1451212	0.00155843	0.000957895	0	0.003	2672.58	4137.14	9	9422	
2.1	2.2	3	14	40	3	2173	3126703	2082	3120801	0.00103019	0.000649213	0	0.00383214	1498.94	2286.68	13	9422	
2.2	2.3	3	1	41	3	2303	2620898	2237	2628599	0.00101723	0.000610593	0	0.003	1175.06	2296.71	9	9422	
2.2	2.3	1	2	4	3	3794	3384873	3939	3413722	0.000945257	0.000533824	0	0.00383214	866.647	1779.91	9	9422	
2.2	2.3	4	3	36	3	2306	2235838	2267	2237932	0.00106527	0.000641746	0	0.00383214	987.178	2306.02	4	9422	
2.2	2.3	1	4	1	3	1560	1877034	1524	1867133	0.00114378	0.000775877	0	0.00383214	1225.15	2772.48	9	9422	
2.2	2.3	1	5	7	3	1509	3512736	1346	3503713	0.00107676	0.000722762	0.000635713	0.003	2603.06	2562.84	22	9422	
2.2	2.3	1	6	2	3	1757	1877081	1801	1885591	0.00107222	0.000725248	0	0.00383214	1046.97	2586.85	4	9422	
2.2	2.3	8	7	37	3	1497	2113717	1461	2133956	0.00111342	0.000758831	0	0.003	1460.61	2779.73	5	9422	
2.2	2.3	1	8	13	3	1451	1766027	1393	1762731	0.0011847	0.000761201	0	0.00383214	1265.42	2905.36	8	9422	
2.2	2.3	8	9	32	3	2868	3610839	2937	3666633	0.000971768	0.000568771	0	0.00383214	1248.43	2062.64	9	9422	
2.2	2.3	7	10	36	3	2460	2871254	2529	2899897	0.00103636	0.000659536	0	0.00408214	1146.66	2177.73	9	9422	
2.2	2.3	3	11	42	3	2181	2309888	2130	2300162	0.00106591	0.00066103	0	0.00383214	1079.89	2391.9	9	9422	
2.2	2.3	8	12	38	3	1716	1681977	1671	1682129	0.00109354	0.00071932	0	0.00383214	1006.66	2699.61	9	9422	
2.2	2.3	1	13	3	3	693	1535873	551	1526588	0.00157936	0.000966439	0	0.003	2770.58	4185.69	9	9422	
2.2	2.3	1	14	10	3	2248	3195669	2159	3189815	0.00103341	0.000649943	0	0.00383214	1477.45	2305.25	9	9422	
2.3	2.4	8	1	39	3	2350	2730823	2281	2740803	0.00102524	0.000620163	0	0.00383214	1201.58	2320.94	9	9422	
2.3	2.4	3	2	4	3	3910	3459640	4055	3497966	0.000947094	0.000538079	0	0.00383214	862.63	1799.52	9	9422	
2.3	2.4	4	3	36	3	2366	2309803	2327	2312061	0.0010682	0.000649149	0	0.00408214	993.58	2326.04	4	9422	
2.3	2.4	1	4	39	3	1859	2132755	1835	2133022	0.00110277	0.000734244	0	0.00383214	1162.41	2595.96	9	9422	
2.3	2.4	6	5	38	3	1530	3579792	1353	3569667	0.00108671	0.000733983	0.000635713	0.003	2638.33	2602.63	22	9422	
2.3	2.4	1	6	2	3	1778	1943917	1811	1951860	0.00108204	0.000736343	0	0.00383214	1077.78	2631.85	4	9422	
2.3	2.4	4	7	9	3	1514	2180207	1468	2199910	0.00112242	0.000768101	0	0.003	1498.58	2826.84	5	9422	
2.3	2.4	8	8	41	3	1469	1832538	1405	1829026	0.00119688	0.000775968	0	0.00383214	1301.8	2950.33	8	9422	
2.3	2.4	1	9	6	3	3009	3756711	3082	3806030	0.000972613	0.000568363	0	0.00383214	1234.92	2062.24	9	9422	
2.3	2.4	4	10	38	3	2476	2937648	2536	2965851	0.00104178	0.000666637	0	0.00408214	1169.5	2217.65	9	9422	
2.3	2.4	5	11	36	3	2200	2377102	2137	2366116	0.00107225	0.000669139	0	0.00383214	1107.21	2435.11	9	9422	
2.3	2.4	1	12	5	3	1735	1757894	1678	1748083	0.0011015	0.000728264	0	0.00383214	1041.77	2748.06	9	9422	
2.3	2.4	1	13	3	3	709	1602294	558	1592542	0.00159718	0.0009733	0	0.003	2854.02	4224.79	9	9422	
2.3	2.4	8	14	10	3	2266	3262180	2166	3255769	0.00103976	0.000658425	0	0.00383214	1503.13	2345.29	9	9422	
2.4	2.5	6	1	40	3	2369	2797263	2289	2806807	0.00103213	0.000629922	0	0.00383214	1226.22	2361.07	9	9422	
2.4	2.5	1	2	4	3	3928	3525938	4064	3563964	0.000951369	0.000545197	0	0.00383214	876.96	1832.34	9	9422	
2.4	2.5	1	3	8	3	2467	2395650	2429	2388621	0.00107254	0.000650914	0	0.00408214	983.376	2327.75	4	9422	
2.4	2.5	7	4	39	3	2197	2334701	2196	2340318	0.00106056	0.000701117	0	0.00383214	1065.72	2437.09	9	9422	
2.4	2.5	1	5	7	3	1546	3655880	1360	3635621	0.00109656	0.000744792	0.000635713	0.003	2673.25	2640.94	22	9422	
2.4	2.5	4	6	39	3	1897	2019683	1946	2028370	0.0010728	0.000727574	0	0.00383214	1042.33	2600.09	4	9422	
2.4	2.5	1	7	9	3	1529	2246468	1475	2265864	0.00113133	0.000777071	0	0.003	1536.18	2872.25	5	9422	
2.4	2.5	6	8	43	3	1486	1898777	1412	1894980	0.00120582	0.000784339	0	0.00383214	1342.05	2997.79	8	9422	
2.4	2.5	1	9	6	3	3030	3825377	3097	3882991	0.0009772	0.000576575	0	0.00383214	1253.79	2099.38	5	9422	
2.4	2.5	1	10	11	3	2652	3026084	2717	3054783	0.00103892	0.000655847	0	0.00408214	1124.32	2198.35	9	9422	
2.4	2.5	1	11	12	3	2216	2444001	2144	2432070	0.00107854	0.000677041	0	0.00383214	1134.36	2476.99	9	9422	
2.4	2.5	4	12	40	3	2017	2154057	1983	2163962	0.00108315	0.000704209	0	0.00383214	1091.26	2591	9	9422	
2.4	2.5	1	13	3	3	725	1669001	565	1658496	0.00161456	0.000979631	0	0.003	2935.39	4261	9	9422	
2.4	2.5	1	14	10	3	2282	3329079	2173	3321723	0.00104608	0.000666686	0	0.00383214	1528.63	2384.14	9	9422	
2.5	2.6	8	1	42	3	2692	3133579	2619	3145031	0.0010166	0.000606167	0	0.00383214	1200.85	2254.7	9	9422	
2.5	2.6	1	2	4	3	3943	3592292	4071	3629918	0.000954891	0.000551303	0	0.00383214	891.653	1864.68	9	9422	
2.5	2.6	1	3	8	3	2571	2469915	2541	2472822	0.00107254	0.000649787	0	0.00408214	973.169	2331.7	4	9422	
2.5	2.6	1	4	1	3	2248	2458572	2241	2459444	0.00106492	0.000706251	0	0.00383214	1097.48	2462.11	9	9422	
2.5	2.6	1	5	38	3	1565	3722415	1368	3710997	0.00110769	0.000756669	0.000635713	0.003	2712.72	2683.05	22	9422	
2.5	2.6	4	6	39	3	2048	2113222	2109	2122922	0.00106531	0.000717842	0	0.00383214	1006.6	2554.34	4	9422	
2.5	2.6	6	7	44	3	1839	2401750	1778	2410818	0.00109652	0.000731295	0	0.003	1355.92	2706.66	5	9422	
2.5	2.6	1	8	13	3	1502	1965144	1419	1960934	0.00121467	0.000792442	0	0.00383214	1381.91	3043.53	8	9422	
2.5	2.6	1	9	42	3	3049	3892426	3104	3948945	0.000981762	0.000583865	0	0.00383214	1272.21	2132.52	5	9422	
2.5	2.6	1	10	11	3	2668	3092983	2727	3121052	0.0010452	0.000663904	0	0.00408214	1144.5	2234.4	9	9422	
2.5	2.6	1	11	12	3	2230	2510580	2151	2498024	0.00108479	0.000684743	0	0.00383214	1161.33	2517.62	9	9422	
2.5	2.6	1	12	40	3	2057	2230184	2035	2240237	0.00107831	0.000710589	0	0.00383214	1100.85	2607.41	9	9422	
2.5	2.6	1	13	36	3	744	1735720	572	1724450	0.00163152	0.000985472	0	0.003	3014.77	4294.53	9	9422	
2.5	2.6	1	14	10	3	2300	3404769	2180	3387677	0.00105235	0.000674735	0	0.00383214	1553.98	2421.85	9	9422	
2.6	2.7	5	1	38	3	2740	3225894	2657	3236107	0.00102032	0.000610854	0	0.00383214	1217.96	2278.36	9	9422	
2.6	2.7	1	2	4	3	3962	3659176	4078	3695872	0.000958402	0.000557298	0	0.00383214	906.295	1896.26	9	9422	
2.6	2.7	1	3	8	3	2592	2536525	2561	2539382	0.00107775	0.000656114	0	0.00408214	991.559	2365.07	4	9422	
2.6	2.7	7	4	43	3	2573	3039836	2566	3039685	0.00105353	0.000679993	0	0.00383214	1184.6	2352.78	9	9422	
2.6	2.7	1	5	7	3	1581	3789057	1375	3776951	0.00111732	0.000766669	0.000635713	0.003	2746.87	2718.5	22	9422	
2.6	2.7	4	6	39	3	2317	2229377	2384	2239592	0.00104567	0.000690906	0	0.00383214	939.426	2459.84	4	9422	
2.6	2.7	1	7	9	3	1882	2476670	1818	2494314	0.00110716	0.000740943	0	0.00383214	1372.01	2733.63	5	9422	
2.6	2.7	6	8	43	3	1517	2031552	1426	2026888	0.00122344	0.000800287	0	0.00383214	1421.38	3087.65	8	9422	
2.6	2.7	1	9	41	3	3068	3958838	3112	4014930	0.000986896	0.000591829	0	0.00383214	1290.14	2164.62	5	9422	
2.6	2.7	1	10	11	3	2779	3181461	2837	3200108	0.00104942	0.000664175	0	0.00408214	1127.99	2237.33	9	9422	
2.6	2.7	6	11	12	3	2256	2588282	2175	2565932	0.00109304	0.000693303	0	0.00383214	1179.74	2548.81	9	9422	
2.6	2.7	1	12	45	3	2072	2296600	2042	2306191	0.0010849	0.000718211	0	0.00383214	1129.38	2648	9	9422	
2.6	2.7	1	13	3	3	760	1802363	579	1790404	0.00164806	0.000990858	0	0.003	3092.23	4325.6	9	9422	
2.6	2.7	1	14	44	3	2321	3471358	2194	3463297	0.00105962	0.000683131	0	0.00383214	1578.53	2461.59	9	9422	
2.7	2.8	3	1	45	3	3055	3503841	3003	3519301	0.00100557	0.000593475	0	0.00383214	1171.93	2189.33	9	9422	
2.7	2.8	3	2	46	3	4053	3730619	4176	3767814	0.000962076	0.000559759	0	0.00383214	902.254	1910.07	9	9422	
2.7	2.8	1	3	44	3	2611	2603519	2580	2606376	0.00108524	0.000662637	0	0.00408214	1010.22	2397.65	4	9422	
2.7	2.8	5	4	40	3	2834	3193152	2833	3192799	0.00103735	0.000662033	0	0.00383214	1127	2295.99	9	9422	
2.7	2.8	5	5	41	3	1928	4302080	1731	4299295	0.00106057	0.00070909	0	0.003	2483.71	2540.65	22	9422	
2.7	2.8	1	6	39	3	2346	2298473	2407	2308288	0.00105118	0.000696338	0	0.00383214	958.99	2491.16	4	9422	
2.7	2.8	1	7	45	3	1901	2543719	1825	2560268	0.00111442	0.000748724	0	0.00383214	1402.89	2773.41	5	9422	
2.7	2.8	1	8	13	3	1534	2107873	1433	2092842	0.00123212	0.000807887	0	0.00383214	1460.46	3130.23	8	9422	
2.7	2.8	1	9	6	3	3084	4025737	3119	4080884	0.000991414	0.000598793	0	0.00383214	1308.39	2196.17	5	9422	
2.7	2.8	5	10	42	3	2830	3248868	2887	3276875	0.00105225	0.000667564	0	0.00408214	1135.05	2264.29	9	9422	
2.7	2.8	1	11	48	3	2569	2719426	2511	2711101	0.00107052	0.000671249	0	0.00383214	1079.69	2440.65	9	9422	
2.7	2.8	3	12	49	3	2275	2368738	2252	2378482	0.00107547	0.000700735	0	0.00383214	1056.16	2583.61	9	9422	
2.7	2.8	8	13	45	3	781	1869475	587	1856463	0.0016679	0.000998987	0	0.00383214	3162.63	4352.5	9	9422	
2.7	2.8	1	14	10	3	2340	3537567	2201	3529251	0.00106579	0.000690742	0	0.00383214	1603.48	2497.05	9	9422	
2.8	2.9	1	1	45	3	3366	3882363	3338	3924727	0.00100247	0.000585183	0	0.00383214	1175.77	2121.2	9	9422	
2.8	2.9	7	2	4	3	4072	3797173	4183	3833768	0.000965486	0.000565461	0	0.00383214	916.512	1939.99	9	9422	
2.8	2.9	4	3	43	3	2629	2669966	2594	2672623	0.0010911	0.000669663	0	0.00408214	1030.31	2431.22	4	9422	
2.8	2.9	7	4	47	3	3167	3526962	3183	3535888	0.00102748	0.000642442	0	0.00383214	1110.87	2207.51	9	9422	
2.8	2.9	6	5	49	3	1977	4402189	1772	4400113	0.00106129	0.000713328	0	0.003	2483.13	2556.81	22	9422	
2.8	2.9	1	6	2	3	2420	2380485	2492	2381656	0.00104728	0.000697376	0	0.00383214	955.721	2493.77	4	9422	
2.8	2.9	4	7	44	3	2238	2713914	2161	2729380	0.00108011	0.000706389	0	0.00383214	1263.02	2620.72	5	9422	
2.8	2.9	1	8	13	3	1555	2174597	1441	2168218	0.00124193	0.000816286	0	0.00383214	1504.66	3177.12	8	9422	
2.8	2.9	8	9	46	3	3391	4531199	3434	4593732	0.00098889	0.000586332	0	0.00383214	1337.72	2132.96	5	9422	
2.8	2.9	1	10	51	3	2850	3315199	2898	3342953	0.00105759	0.000674077	0	0.00408214	1153.54	2296.7	9	9422	
2.8	2.9	1	11	12	3	2642	2798625	2580	2788186	0.00107215	0.0006732	0	0.00383214	1080.69	2450.73	9	9422	
2.8	2.9	1	12	5	3	2358	2441107	2337	2450935	0.00107669	0.00069819	0	0.00383214	1048.75	2583.3	9	9422	
2.8	2.9	1	13	3	3	801	1945726	594	1922417	0.0016836	0.00100344	0	0.00383214	3236.39	4379.23	9	9422	
2.8	2.9	1	14	49	3	2358	3604005	2208	3595205	0.00107193	0.000698169	0	0.00383214	1628.26	2531.55	9	9422	
2.9	3	1	1	14	3	3450	3990165	3426	4033565	0.00100577	0.000591454	0	0.00408214	1177.34	2129.35	9	9422	
2.9	3	1	2	4	3	4092	3873809	4190	3899722	0.000968885	0.000571067	0	0.00383214	930.721	1969.26	9	9422	
2.9	3	3	3	52	3	2648	2736738	2601	2738577	0.00109624	0.000676036	0	0.00408214	1052.89	2466.57	4	9422	
2.9	3	1	4	1	3	3214	3622458	3220	3621357	0.00103119	0.000646179	0	0.00383214	1124.65	2229.22	9	9422	
2.9	3	1	5	7	3	1989	4468558	1780	4466172	0.00107047	0.000724961	0	0.00383214	2509.09	2588.41	22	9422	
2.9	3	1	6	2	3	2438	2447317	2509	2457755	0.00105538	0.000704758	0	0.00383214	979.576	2531.32	4	9422	
2.9	3	4	7	44	3	2598	2937857	2539	2958679	0.00105099	0.000671665	0	0.00383214	1165.29	2474.92	5	9422	
2.9	3	1	8	13	3	1571	2241496	1448	2234172	0.00125043	0.000823395	0	0.00383214	1542.94	3216.68	8	9422	
2.9	3	4	9	45	3	3439	4634502	3476	4700600	0.000992009	0.000590528	0	0.00383214	1352.3	2151.33	5	9422	
2.9	3	8	10	51	3	2869	3382164	2917	3409918	0.00106731	0.000685816	0	0.00408214	1168.98	2325.74	9	9422	
2.9	3	5	11	43	3	2676	2868116	2602	2856248	0.00107524	0.000678651	0	0.00383214	1097.71	2479.38	9	9422	
2.9	3	4	12	46	3	2484	2517481	2465	2527341	0.00107323	0.000692528	0	0.00383214	1025.29	2563.38	9	9422	
2.9	3	1	13	3	3	817	2012515	602	1997793	0.0017011	0.00100809	0	0.00383214	3318.59	4407.37	9	9422	
2.9	3	1	14	49	3	2374	3670544	2224	3661744	0.00108016	0.000705354	0	0.00383214	1646.47	2561.93	9	9422	
3	3.1	3	1	54	3	3756	4233206	3757	4284857	0.000991995	0.000579477	0	0.00408214	1140.5	2074.05	9	9422	
3	3.1	1	2	44	3	4115	3940703	4213	3975988	0.000975188	0.000578464	0	0.00383214	943.743	1999.07	9	9422	
3	3.1	5	3	8	3	2666	2803054	2618	2804862	0.00110358	0.000684939	0	0.00408214	1071.38	2497.09	4	9422	
3	3.1	1	4	1	3	3229	3688579	3230	3696777	0.00103674	0.000653163	0	0.00383214	1144.51	2263.84	9	9422	
3	3.1	7	5	50	3	2008	4535772	1788	4532231	0.00107957	0.000736196	0	0.00383214	2534.8	2619.09	22	9422	
3	3.1	1	6	46	3	2455	2513620	2516	2523709	0.00106079	0.000711195	0	0.00383214	1003.06	2566.63	4	9422	
3	3.1	4	7	44	3	2979	3117801	2929	3140393	0.00102609	0.000640647	0	0.00383214	1072.17	2358.51	5	9422	
3	3.1	1	8	53	3	1590	2307928	1455	2300126	0.00125885	0.00083029	0	0.00383214	1580.84	3254.94	8	9422	
3	3.1	8	9	52	3	3759	5278258	3799	5341641	0.000986911	0.000577495	0	0.00383214	1406.07	2094.59	5	9422	
3	3.1	4	10	47	3	2888	3448643	2924	3475872	0.00107194	0.000691478	0	0.00408214	1188.74	2357.72	9	9422	
3	3.1	3	11	55	3	2981	2969752	2921	2958712	0.00105211	0.000657955	0	0.00383214	1012.91	2395.38	9	9422	
3	3.1	3	12	56	3	2735	2618497	2715	2618855	0.00106218	0.000673183	0	0.00383214	964.587	2493.95	9	9422	
3	3.1	1	13	54	3	836	2078779	615	2063916	0.00171669	0.00100839	0	0.00383214	3355.96	4420.72	9	9422	
3	3.1	5	14	47	3	2692	4238781	2545	4233141	0.00106443	0.000678152	0	0.00383214	1663.32	2436.74	9	9422	
3.1	3.2	1	1	51	3	3803	4308369	3800	4359841	0.000994105	0.000583134	0	0.00408214	1147.33	2094.54	9	9422	
3.1	3.2	1	2	4	3	4134	4007198	4220	4041942	0.000978547	0.000583829	0	0.00383214	957.806	2027	9	9422	
3.1	3.2	1	3	8	3	2696	2880113	2647	2872425	0.00110675	0.000689513	0	0.00408214	1085.16	2521.84	4	9422	
3.1	3.2	7	4	53	3	3555	4141601	3566	4153410	0.00102217	0.000635734	0	0.00383214	1164.73	2191.03	9	9422	
3.1	3.2	1	5	7	3	2027	4611473	1795	4598185	0.00108706	0.000744449	0	0.00383214	2561.66	2649	22	9422	
3.1	3.2	1	6	2	3	2471	2580519	2523	2589663	0.00106617	0.000717497	0	0.00383214	1026.42	2601.05	4	9422	
3.1	3.2	4	7	44	3	3148	3210445	3105	3233765	0.00102395	0.000635841	0	0.00383214	1041.47	2334.25	5	9422	
3.1	3.2	7	8	51	3	1609	2374236	1462	2366080	0.00126718	0.000836979	0	0.00383214	1618.39	3291.97	8	9422	
3.1	3.2	1	9	6	3	3809	5399317	3839	5472518	0.000990141	0.000582097	0	0.00383214	1425.51	2115.69	5	9422	
3.1	3.2	7	10	52	3	3019	3533068	3063	3560845	0.00106731	0.000686989	0	0.00408214	1162.54	2346.92	9	9422	
3.1	3.2	3	11	55	3	3032	3047371	2978	3036166	0.00105344	0.000661615	0	0.00383214	1019.53	2409.36	9	9422	
3.1	3.2	1	12	5	3	2764	2686032	2748	2696027	0.00106739	0.000678144	0	0.00383214	981.087	2521.98	9	9422	
3.1	3.2	3	13	59	3	1165	2327599	943	2311036	0.00143353	0.000930585	0	0.00383214	2450.73	3856.14	9	9422	
3.1	3.2	3	14	58	3	2739	4362320	2585	4358265	0.00106766	0.000681089	0	0.00383214	1685.98	2451.57	9	9422	
3.2	3.3	5	1	14	3	3821	4375036	3807	4425795	0.000997793	0.000588902	0	0.00408214	1162.54	2122.44	9	9422	
3.2	3.3	7	2	55	3	4151	4073733	4227	4107896	0.000981895	0.000589109	0	0.00383214	971.823	2054.36	9	9422	
3.2	3.3	1	3	8	3	2852	2968954	2805	2970793	0.0011012	0.000683215	0	0.00408214	1059.11	2499.09	4	9422	
3.2	3.3	8	4	55	3	3606	4238440	3610	4252164	0.00102652	0.000642536	0	0.00383214	1177.88	2208.1	9	9422	
3.2	3.3	1	5	7	3	2046	4678218	1803	4673561	0.00109555	0.000753603	0	0.00383214	2592.1	2682.18	22	9422	
3.2	3.3	4	6	49	3	2488	2646693	2538	2655793	0.00107236	0.000723414	0	0.00383214	1046.41	2631.11	4	9422	
3.2	3.3	4	7	44	3	3392	3314639	3363	3329619	0.00101479	0.000624269	0	0.00383214	990.074	2288.65	5	9422	
3.2	3.3	4	8	50	3	1900	2477231	1782	2471289	0.0012058	0.000794323	0	0.00383214	1386.81	3077.04	7	9422	
3.2	3.3	1	9	6	3	3824	5465558	3850	5538578	0.000994614	0.000588083	0	0.00383214	1438.59	2140.45	5	9422	
3.2	3.3	5	10	49	3	3062	3602442	3103	3630295	0.00107098	0.000694361	0	0.00408214	1169.93	2367.02	9	9422	
3.2	3.3	4	11	12	3	3050	3113567	2991	3102252	0.00105809	0.000667408	0	0.00383214	1037.2	2438.6	9	9422	
3.2	3.3	6	12	54	3	2781	2753036	2755	2761981	0.0010723	0.000684236	0	0.00383214	1002.53	2554.38	9	9422	
3.2	3.3	1	13	56	3	1214	2415989	993	2399714	0.00142078	0.000926913	0	0.00383214	2416.63	3824.47	9	9422	
3.2	3.3	1	14	10	3	2756	4438641	2592	4424219	0.00107288	0.000687524	0	0.00383214	1706.87	2480.97	9	9422	
3.3	3.4	1	1	14	3	3833	4441405	3814	4491749	0.00100147	0.000594572	0	0.00408214	1177.7	2149.76	9	9422	
3.3	3.4	1	2	4	3	4165	4140312	4235	4173955	0.000985667	0.000594913	0	0.00383214	985.586	2080.97	9	9422	
3.3	3.4	6	3	53	3	3067	3056972	3022	3058470	0.0010873	0.000669689	0	0.00408214	1012.07	2453.63	4	9422	
3.3	3.4	1	4	55	3	3655	4321539	3649	4336151	0.0010292	0.000645769	0	0.00383214	1188.31	2226.56	9	9422	
3.3	3.4	1	5	7	3	2060	4744797	1813	4739775	0.00110674	0.000766913	0	0.00383214	2614.33	2710.07	22	9422	
3.3	3.4	1	6	2	3	2552	2721048	2602	2730148	0.00107634	0.000723759	0	0.00383214	1049.25	2637.98	4	9422	
3.3	3.4	6	7	56	3	3738	3430882	3725	3457117	0.00100563	0.000607498	0	0.00383214	928.085	2223.88	5	9422	
3.3	3.4	4	8	50	3	2273	2631248	2164	2626073	0.00114727	0.000747523	0	0.00383214	1213.53	2864.43	7	9422	
3.3	3.4	1	9	58	3	3842	5531736	3857	5604532	0.000998254	0.000593718	0	0.00383214	1453.08	2165.34	5	9422	
3.3	3.4	1	10	11	3	3078	3678548	3111	3696354	0.00107621	0.000701211	0	0.00408214	1188.16	2396.18	9	9422	
3.3	3.4	1	11	12	3	3068	3189608	3000	3168306	0.00106247	0.000672989	0	0.00383214	1056.1	2468.46	9	9422	
3.3	3.4	5	12	50	3	2800	2819865	2762	2827935	0.00107719	0.00069021	0	0.00383214	1023.87	2586.03	9	9422	
3.3	3.4	6	13	3	3	1232	2482185	1000	2465668	0.00143183	0.000933006	0	0.00383214	2465.67	3855.59	9	9422	
3.3	3.4	1	14	10	3	2775	4505129	2600	4499595	0.00107881	0.000694716	0	0.00383214	1730.61	2513.75	9	9422	
3.4	3.5	1	1	14	3	3853	4517682	3821	4557703	0.00100513	0.000600144	0	0.00408214	1192.8	2176.54	9	9422	
3.4	3.5	8	2	58	3	4518	4377135	4592	4412090	0.0009751	0.000580012	0	0.00383214	960.821	2030.21	9	9422	
3.4	3.5	8	3	59	3	3412	3162820	3406	3167751	0.00106324	0.000649339	0	0.00408214	930.05	2359.96	4	9422	
3.4	3.5	8	4	60	3	4004	4416512	4005	4431835	0.00101419	0.000627343	0	0.00383214	1106.58	2175.96	9	9422	
3.4	3.5	3	5	61	3	2077	4811416	1820	4805729	0.00111402	0.000774359	0	0.00383214	2640.51	2737.49	22	9422	
3.4	3.5	8	6	57	3	2608	2788675	2659	2797855	0.0010809	0.000724839	0	0.00383214	1052.22	2648.33	4	9422	
3.4	3.5	1	7	9	3	3778	3499129	3760	3525512	0.00100759	0.00061146	0	0.00383214	937.636	2244.8	5	9422	
3.4	3.5	1	8	13	3	2446	2745505	2434	2745630	0.0010871	0.000749583	0	0.00383214	1128.03	2755.32	5	9422	
3.4	3.5	1	9	6	3	3856	5598205	3864	5670486	0.00100188	0.000599258	0	0.00383214	1467.52	2189.76	5	9422	
3.4	3.5	1	10	11	3	3097	3745377	3119	3771730	0.00108114	0.000707041	0	0.00408214	1209.28	2429.08	9	9422	
3.4	3.5	1	11	12	3	3080	3255977	3008	3243682	0.00106762	0.000679463	0	0.00383214	1078.35	2502.56	9	9422	
3.4	3.5	1	12	5	3	2816	2886654	2769	2893889	0.00108205	0.000696068	0	0.00383214	1045.1	2616.98	9	9422	
3.4	3.5	1	13	3	3	1248	2548864	1007	2531622	0.00144273	0.000938848	0	0.00383214	2514.02	3885.42	9	9422	
3.4	3.5	1	14	10	3	2793	4571879	2618	4566345	0.0010856	0.000700931	0	0.00383214	1744.21	2538.72	9	9422	
3.5	3.6	1	1	14	3	3869	4584581	3829	4633079	0.0010093	0.000606399	0	0.00408214	1210	2206.5	9	9422	
3.5	3.6	1	2	4	3	4547	4449095	4613	4483566	0.000977816	0.000584595	0	0.00383214	971.941	2052.45	9	9422	
3.5	3.6	8	3	59	3	3728	3332335	3748	3339564	0.00105193	0.00063722	0	0.00408214	891.026	2287.35	4	9422	
3.5	3.6	8	4	60	3	4162	4502630	4168	4517839	0.00101109	0.000623879	0	0.00383214	1083.93	2168.22	9	9422	
3.5	3.6	8	5	62	3	2092	4877658	1827	4871683	0.00112125	0.000781612	0	0.00383214	2666.49	2764.19	22	9422	
3.5	3.6	1	6	2	3	2660	2867052	2704	2866363	0.00108247	0.000726992	0	0.00383214	1060.05	2663.06	4	9422	
3.5	3.6	1	7	9	3	3862	3578289	3846	3604807	0.00101052	0.000613024	0	0.00383214	937.287	2251.59	5	9422	
3.5	3.6	1	8	50	3	2464	2812449	2452	2821891	0.00109443	0.000756052	0	0.00383214	1150.85	2786.47	5	9422	
3.5	3.6	3	9	6	3	3876	5664830	3876	5736672	0.00100505	0.000604559	0	0.00383214	1480.05	2212.91	5	9422	
3.5	3.6	1	10	11	3	3112	3811693	3128	3837784	0.00108612	0.000712381	0	0.00408214	1226.91	2456.62	9	9422	
3.5	3.6	3	11	63	3	3171	3329910	3109	3318070	0.0010693	0.000680085	0	0.00383214	1067.25	2499.12	9	9422	
3.5	3.6	5	12	50	3	2835	2953758	2776	2959843	0.00108688	0.000701815	0	0.00383214	1066.23	2647.23	9	9422	
3.5	3.6	3	13	3	3	1531	2783884	1303	2760312	0.00133032	0.000880279	0	0.00383214	2118.43	3553.98	9	9422	
3.5	3.6	7	14	57	3	2903	4653031	2723	4646757	0.00108827	0.000705527	0	0.00383214	1706.48	2537.42	9	9422	
3.6	3.7	1	1	14	3	3885	4651480	3836	4699033	0.00101293	0.000611775	0	0.00408214	1224.98	2232.18	9	9422	
3.6	3.7	1	2	4	3	4567	4525346	4620	4549520	0.00098088	0.000589424	0	0.00383214	984.745	2077.07	9	9422	
3.6	3.7	8	3	59	3	4057	3488768	4098	3500852	0.00103784	0.000621488	0	0.00408214	854.283	2222.67	4	9422	
3.6	3.7	7	4	58	3	4506	5152709	4526	5170008	0.00100105	0.000610123	0	0.00383214	1142.29	2123.42	9	9422	
3.6	3.7	1	5	7	3	2108	4943864	1834	4937637	0.00112842	0.000788677	0	0.00383214	2692.28	2790.2	22	9422	
3.6	3.7	8	6	63	3	2943	2983138	3030	2995485	0.00106091	0.000706107	0	0.00383214	988.609	2567.58	4	9422	
3.6	3.7	4	7	53	3	3880	3645720	3867	3672684	0.00101414	0.000618608	0	0.00383214	949.75	2274.79	5	9422	
3.6	3.7	3	8	65	3	2483	2879221	2463	2888043	0.00110259	0.00076457	0	0.00383214	1172.57	2815.27	5	9422	
3.6	3.7	4	9	55	3	3893	5731449	3883	5802626	0.00100865	0.000609914	0	0.00383214	1494.37	2236.44	5	9422	
3.6	3.7	7	10	59	3	3229	3900826	3254	3927618	0.00108438	0.000707957	0	0.00408214	1207.01	2446.31	9	9422	
3.6	3.7	5	11	52	3	3192	3397288	3117	3384106	0.00107356	0.000685348	0	0.00383214	1085.69	2527.12	9	9422	
3.6	3.7	1	12	50	3	2851	3020657	2783	3025797	0.00109169	0.000707454	0	0.00383214	1087.24	2676.84	9	9422	
3.6	3.7	1	13	61	3	1581	2876044	1343	2860674	0.00132688	0.000881421	0	0.00383214	2130.06	3552.2	9	9422	
3.6	3.7	3	14	66	3	2920	4719593	2730	4712711	0.00109317	0.000711226	0	0.00383214	1726.27	2564.03	9	9422	
3.7	3.8	3	1	67	3	4226	5047242	4187	5107559	0.000998425	0.000597474	0	0.00408214	1219.86	2165.5	9	9422	
3.7	3.8	1	2	4	3	4586	4591564	4629	4624909	0.00098453	0.000594894	0	0.00383214	999.116	2104.49	9	9422	
3.7	3.8	3	3	8	3	4095	3558793	4128	3570457	0.00104046	0.000624824	0	0.00408214	864.936	2243.09	4	9422	
3.7	3.8	1	4	1	3	4552	5252432	4562	5281339	0.0010044	0.000614056	0	0.00383214	1157.68	2144.22	9	9422	
3.7	3.8	1	5	7	3	2142	5012523	1858	5005329	0.00113858	0.000802623	0	0.00383214	2693.93	2813.67	22	9422	
3.7	3.8	1	6	2	3	2969	3051007	3063	3063949	0.00106585	0.00071023	0	0.00383214	1000.31	2586.64	4	9422	
3.7	3.8	3	7	9	3	3896	3711809	3874	3738638	0.00101773	0.000623778	0	0.00383214	965.059	2301.05	5	9422	
3.7	3.8	8	8	64	3	2502	2946270	2470	2953997	0.00110797	0.000770122	0	0.00383214	1195.95	2845.29	5	9422	
3.7	3.8	3	9	72	3	4229	5852967	4219	5915345	0.000998244	0.000593977	0	0.00383214	1402.07	2200.44	5	9422	
3.7	3.8	5	10	54	3	3246	3967445	3263	3993672	0.00108917	0.000713113	0	0.00408214	1223.93	2472.5	9	9422	
3.7	3.8	1	11	12	3	3208	3464187	3124	3450060	0.00107787	0.000690615	0	0.00383214	1104.37	2554.88	9	9422	
3.7	3.8	1	12	5	3	2868	3096978	2791	3091856	0.00109746	0.000714739	0	0.00383214	1107.8	2705.39	9	9422	
3.7	3.8	1	13	56	3	1600	2943258	1361	2927783	0.00134177	0.000891436	0	0.00383214	2151.2	3571.76	9	9422	
3.7	3.8	1	14	10	3	2936	4785817	2737	4778665	0.00109805	0.000716817	0	0.00383214	1745.95	2590.09	9	9422	
3.8	3.9	1	1	14	3	4324	5166477	4285	5229352	0.000999032	0.000598075	0	0.00408214	1220.39	2168.83	9	9422	
3.8	3.9	1	2	59	3	4601	4657712	4641	4691018	0.000988383	0.000599998	0	0.00383214	1010.78	2127.28	9	9422	
3.8	3.9	1	3	8	3	4112	3635114	4135	3636411	0.00104378	0.000629472	0	0.00408214	879.422	2268.64	4	9422	
3.8	3.9	1	4	57	3	4570	5318700	4574	5347430	0.00100815	0.000619066	0	0.00383214	1169.09	2165.97	9	9422	
3.8	3.9	1	5	7	3	2161	5088787	1865	5071283	0.00114556	0.000809165	0	0.00383214	2719.19	2838.37	22	9422	
3.8	3.9	8	6	66	3	3292	3189940	3395	3203595	0.00105372	0.000688636	0	0.00383214	943.622	2497.48	4	9422	
3.8	3.9	5	7	55	3	3915	3778418	3881	3804592	0.00102131	0.000628867	0	0.00383214	980.312	2326.81	5	9422	
3.8	3.9	4	8	58	3	2734	3037311	2705	3044767	0.0010893	0.000747908	0	0.00383214	1125.61	2768.06	5	9422	
3.8	3.9	1	9	72	3	4286	5927057	4272	5997674	0.00100105	0.000598569	0	0.00383214	1403.95	2217.82	5	9422	
3.8	3.9	3	10	74	3	3264	4034287	3278	4060199	0.00109539	0.000720386	0	0.00408214	1238.62	2496.37	9	9422	
3.8	3.9	5	11	52	3	3225	3530641	3131	3516014	0.00108217	0.000695792	0	0.00383214	1122.97	2582.09	9	9422	
3.8	3.9	1	12	62	3	2890	3164507	2799	3167232	0.0011029	0.00072091	0	0.00383214	1131.56	2737.75	9	9422	
3.8	3.9	4	13	56	3	1840	3088836	1621	3073843	0.00127127	0.000853653	0	0.00383214	1896.26	3377.17	9	9422	
3.8	3.9	5	14	56	3	3259	5421115	3063	5417813	0.00107965	0.000691531	0	0.00383214	1768.79	2478.78	9	9422	
3.9	4	7	1	14	3	4345	5233397	4293	5295356	0.00100206	0.000603142	0	0.00408214	1233.49	2192.01	9	9422	
3.9	4	1	2	4	3	4662	4726343	4702	4759649	0.00099092	0.000602477	0	0.00383214	1012.26	2140.69	9	9422	
3.9	4	1	3	8	3	4131	3702053	4143	3711787	0.00104756	0.000634702	0	0.00408214	895.918	2297.27	4	9422	
3.9	4	1	4	1	3	4586	5385599	4581	5413384	0.00101119	0.000623468	0	0.00383214	1181.7	2188.2	9	9422	
3.9	4	1	5	63	3	2180	5156001	1873	5146659	0.00115349	0.000816445	0	0.00383214	2747.82	2865.85	22	9422	
3.9	4	8	6	66	3	3548	3335948	3670	3351782	0.0010422	0.000675998	0	0.00383214	913.292	2436.8	4	9422	
3.9	4	1	7	9	3	3933	3854459	3888	3870546	0.00102487	0.000633877	0	0.00383214	995.511	2352.11	5	9422	
3.9	4	8	8	13	3	2780	3108609	2742	3115907	0.00109224	0.000749789	0	0.00383214	1136.36	2782.87	5	9422	
3.9	4	1	9	6	3	4307	5994041	4279	6063628	0.00100432	0.000603512	0	0.00383214	1417.07	2239.58	5	9422	
3.9	4	3	10	11	3	3324	4109274	3340	4135478	0.00109957	0.000725181	0	0.00408214	1238.17	2505.08	9	9422	
3.9	4	1	11	12	3	3241	3597540	3138	3581968	0.00108645	0.000700881	0	0.00383214	1141.48	2608.77	9	9422	
3.9	4	1	12	57	3	2909	3231556	2806	3233186	0.00110763	0.000726204	0	0.00383214	1152.24	2765.44	9	9422	
3.9	4	4	13	56	3	1900	3171419	1689	3157748	0.00126146	0.000851819	0	0.00383214	1869.6	3357.55	9	9422	
3.9	4	1	14	10	3	3304	5540396	3099	5529005	0.00108296	0.000694412	0	0.00383214	1784.13	2491.23	9	9422	
4	4.1	6	1	64	3	4364	5300226	4300	5361310	0.00100531	0.000608011	0	0.00408214	1246.82	2214.97	9	9422	
4	4.1	1	2	4	3	4680	4792985	4721	4826341	0.000994893	0.000607225	0	0.00383214	1022.31	2161.29	9	9422	
4	4.1	8	3	69	3	4362	3805367	4379	3815411	0.00104342	0.00062679	0	0.00408214	871.297	2266.46	4	9422	
4	4.1	1	4	58	3	4603	5452087	4588	5479338	0.00101423	0.00062781	0	0.00383214	1194.28	2210.06	9	9422	
4	4.1	1	5	7	3	2297	5249973	1983	5239232	0.00115067	0.000813509	0	0.00383214	2642.07	2868.03	22	9422	
4	4.1	6	6	2	3	3593	3415167	3707	3430421	0.00104437	0.000678725	0	0.00383214	925.39	2453.04	4	9422	
4	4.1	1	7	9	3	3950	3920892	3897	3945953	0.00102939	0.000640078	0	0.00383214	1012.56	2380.21	5	9422	
4	4.1	3	8	77	3	2799	3175163	2761	3182461	0.00109943	0.000755001	0	0.00383214	1152.65	2805.36	5	9422	
4	4.1	1	9	60	3	4325	6060469	4286	6129582	0.00100758	0.000608381	0	0.00383214	1430.14	2260.98	5	9422	
4	4.1	1	10	11	3	3342	4185123	3357	4201851	0.00110332	0.000729428	0	0.00408214	1251.67	2527.34	9	9422	
4	4.1	1	11	12	3	3258	3673815	3145	3647922	0.00109071	0.000705886	0	0.00383214	1159.91	2634.93	9	9422	
4	4.1	3	12	76	3	3248	4013056	3144	4010890	0.00108314	0.000698495	0	0.00383214	1275.73	2664.43	9	9422	
4	4.1	1	13	3	3	1947	3241757	1733	3227633	0.00126189	0.000852686	0	0.00383214	1862.45	3359.12	9	9422	
4	4.1	1	14	10	3	3320	5606800	3107	5604381	0.00108789	0.000700291	0	0.00383214	1803.79	2517.96	9	9422	
4.1	4.2	1	1	14	3	4674	5464813	4617	5519015	0.00099545	0.000597827	0	0.00408214	1195.37	2174.8	9	9422	
4.1	4.2	4	2	61	3	4699	4859924	4734	4892925	0.000998708	0.000611871	0	0.00383214	1033.57	2182.58	9	9422	
4.1	4.2	8	3	69	3	4702	3911313	4748	3923656	0.00103149	0.000614029	0	0.00408214	826.381	2210.66	4	9422	
4.1	4.2	6	4	66	3	4622	5519301	4595	5545292	0.00101725	0.000632095	0	0.00383214	1206.81	2231.57	9	9422	
4.1	4.2	1	5	72	3	2318	5316493	1990	5305186	0.00115718	0.000819428	0	0.00383214	2665.92	2890.99	22	9422	
4.1	4.2	5	6	62	3	3612	3482106	3714	3496375	0.00104806	0.000683371	0	0.00383214	941.404	2478.29	4	9422	
4.1	4.2	1	7	9	3	3966	3987571	3907	4012222	0.00103456	0.000647897	0	0.00383214	1026.93	2403.75	5	9422	
4.1	4.2	3	8	77	3	2819	3251799	2777	3249360	0.00110551	0.000759638	0	0.00383214	1170.1	2828.49	5	9422	
4.1	4.2	1	9	6	3	4339	6126938	4293	6195536	0.00101083	0.000613178	0	0.00383214	1443.17	2282.03	5	9422	
4.1	4.2	1	10	11	3	3369	4252412	3383	4278439	0.00110769	0.000733701	0	0.00408214	1264.69	2550.2	9	9422	
4.1	4.2	1	11	12	3	3280	3740939	3154	3723329	0.00109574	0.000711471	0	0.00383214	1180.51	2663.87	9	9422	
4.1	4.2	4	12	62	3	3296	4139178	3183	4140700	0.0010858	0.000702135	0	0.00383214	1300.88	2676.94	9	9422	
4.1	4.2	8	13	70	3	2084	3316816	1882	3303047	0.00123284	0.000841727	0	0.00383214	1755.07	3291.58	7	9422	
4.1	4.2	1	14	75	3	3336	5673294	3114	5670335	0.00109219	0.000705342	0	0.00383214	1820.92	2540.88	9	9422	
4.2	4.3	1	1	14	3	4693	5531604	4625	5594391	0.000998917	0.000603091	0	0.00408214	1209.6	2199.65	9	9422	
4.2	4.3	7	2	65	3	4714	4926443	4749	4959444	0.0010024	0.000618008	0	0.00383214	1044.31	2203.13	9	9422	
4.2	4.3	4	3	63	3	4745	3982078	4787	3994294	0.00103506	0.000620645	0	0.00408214	834.404	2226.73	4	9422	
4.2	4.3	1	4	1	3	4638	5586200	4602	5611246	0.00102027	0.000636324	0	0.00383214	1219.31	2252.75	9	9422	
4.2	4.3	1	5	7	3	2333	5382828	1997	5371140	0.00116364	0.000825212	0	0.00383214	2689.6	2913.43	22	9422	
4.2	4.3	1	6	2	3	3632	3557876	3732	3562637	0.00105121	0.000687828	0	0.00383214	954.619	2499.9	4	9422	
4.2	4.3	1	7	81	3	3985	4054131	3914	4078176	0.00103808	0.000652624	0	0.00383214	1041.95	2427.66	5	9422	
4.2	4.3	1	8	13	3	2835	3318368	2797	3325666	0.0011125	0.000764595	0	0.00383214	1189.01	2853.55	5	9422	
4.2	4.3	8	9	74	3	4653	6745921	4610	6814519	0.00100905	0.000603594	0	0.00383214	1478.2	2231.46	5	9422	
4.2	4.3	3	10	82	3	3383	4318622	3391	4344443	0.00111185	0.000738001	0	0.00408214	1281.17	2574.05	9	9422	
4.2	4.3	1	11	63	3	3299	3807988	3161	3789283	0.00109996	0.000716299	0	0.00383214	1198.76	2688.98	9	9422	
4.2	4.3	8	12	5	3	3318	4205807	3199	4207029	0.00109026	0.0007071	0	0.00383214	1315.11	2697.92	9	9422	
4.2	4.3	3	13	80	3	2339	3505562	2136	3481496	0.00120135	0.000810329	0	0.00383214	1629.91	3150.21	7	9422	
4.2	4.3	1	14	64	3	3353	5739913	3121	5736289	0.00109647	0.000710309	0	0.00383214	1837.97	2563.38	9	9422	
4.3	4.4	1	1	14	3	4710	5598075	4632	5660345	0.00100194	0.000607628	0	0.00408214	1222.01	2221.02	9	9422	
4.3	4.4	1	2	4	3	4731	5002286	4758	5025460	0.00100548	0.000622274	0	0.00383214	1056.21	2224.45	9	9422	
4.3	4.4	1	3	8	3	4759	4048767	4802	4060978	0.00103922	0.000627043	0	0.00408214	845.685	2247.48	4	9422	
4.3	4.4	1	4	1	3	4658	5662451	4609	5677200	0.00102327	0.000640498	0	0.00383214	1231.76	2273.59	9	9422	
4.3	4.4	7	5	66	3	2353	5449179	2004	5437094	0.00117005	0.000830867	0	0.00383214	2713.12	2935.34	22	9422	
4.3	4.4	1	6	2	3	3649	3624347	3740	3638013	0.00105538	0.000692967	0	0.00383214	972.731	2527.69	4	9422	
4.3	4.4	6	7	68	3	4100	4146614	4030	4170723	0.0010397	0.000650945	0	0.00383214	1034.92	2421.4	5	9422	
4.3	4.4	1	8	75	3	2857	3385210	2805	3391670	0.00111711	0.000769311	0	0.00383214	1209.15	2879.02	5	9422	
4.3	4.4	7	9	68	3	4882	6884516	4838	6952050	0.00100515	0.000597748	0	0.00383214	1436.97	2214.02	5	9422	
4.3	4.4	5	10	65	3	3400	4385241	3399	4410447	0.00111617	0.000742513	0	0.00408214	1297.57	2597.47	9	9422	
4.3	4.4	7	11	67	3	3597	4029787	3477	4017499	0.00108463	0.000701188	0	0.00383214	1155.45	2599.44	9	9422	
4.3	4.4	8	12	73	3	3492	4317141	3376	4317533	0.00108534	0.000699594	0	0.00383214	1278.89	2662.41	9	9422	
4.3	4.4	1	13	3	3	2389	3599310	2179	3585525	0.00120233	0.000811166	0	0.00383214	1645.49	3156.21	7	9422	
4.3	4.4	6	14	67	3	3372	5806962	3128	5802243	0.00110073	0.000715194	0	0.00383214	1854.94	2585.47	9	9422	
4.4	4.5	3	1	83	3	5008	5934830	4950	6014723	0.000995014	0.000597268	0	0.00408214	1215.1	2172.41	9	9422	
4.4	4.5	1	2	4	3	4746	5068527	4772	5101023	0.00100882	0.000627124	0	0.00383214	1068.95	2247.7	9	9422	
4.4	4.5	8	3	8	3	4973	4134104	5026	4146924	0.00103269	0.000620283	0	0.00408214	825.094	2225.45	4	9422	
4.4	4.5	1	4	1	3	4677	5729445	4617	5752576	0.0010267	0.000645203	0	0.00383214	1245.96	2297.02	9	9422	
4.4	4.5	8	5	7	3	2371	5515459	2011	5503048	0.00117642	0.000836395	0	0.00383214	2736.47	2956.76	22	9422	
4.4	4.5	8	6	79	3	3931	3727293	4041	3740289	0.00104352	0.000681066	0	0.00383214	925.585	2467.31	4	9422	
4.4	4.5	6	7	68	3	4405	4365685	4334	4389487	0.00103108	0.000637421	0	0.00383214	1012.8	2363.51	5	9422	
4.4	4.5	1	8	13	3	2873	3451500	2812	3457624	0.0011218	0.000774062	0	0.00383214	1229.6	2904.42	5	9422	
4.4	4.5	1	9	6	3	4899	6960342	4845	7018004	0.00100804	0.000602104	0	0.00383214	1448.5	2233.12	5	9422	
4.4	4.5	4	10	69	3	3415	4451815	3406	4476401	0.00112004	0.000746641	0	0.00408214	1314.27	2620.76	9	9422	
4.4	4.5	7	11	67	3	3943	4281619	3845	4275336	0.00106511	0.000683103	0	0.00383214	1111.92	2505.06	9	9422	
4.4	4.5	8	12	73	3	3533	4400283	3427	4392092	0.00108517	0.00070348	0	0.00383214	1281.61	2670.92	9	9422	
4.4	4.5	3	13	84	3	2677	3810022	2496	3805499	0.00116228	0.000781232	0	0.00383214	1524.64	3003.06	7	9422	
4.4	4.5	1	14	10	3	3423	5875108	3180	5870439	0.00110162	0.00071625	0	0.00383214	1846.05	2597.59	9	9422	
4.5	4.6	4	1	70	3	5050	6027469	4986	6112339	0.000997347	0.000600172	0	0.00408214	1225.9	2186.36	9	9422	
4.5	4.6	1	2	71	3	4763	5135146	4779	5166977	0.00101174	0.000631275	0	0.00383214	1081.18	2268.66	9	9422	
4.5	4.6	1	3	8	3	5008	4210185	5060	4213583	0.00103544	0.000623016	0	0.00408214	832.724	2241.64	4	9422	
4.5	4.6	1	4	66	3	4696	5796274	4624	5818530	0.00102969	0.000649264	0	0.00383214	1258.33	2317.19	9	9422	
4.5	4.6	1	5	7	3	2389	5591046	2018	5569002	0.00118275	0.000841801	0	0.00383214	2759.66	2977.7	22	9422	
4.5	4.6	8	6	79	3	4192	3847198	4321	3862948	0.00103269	0.00067038	0	0.00383214	893.994	2417.01	4	9422	
4.5	4.6	5	7	67	3	4455	4458686	4375	4481335	0.00103268	0.000639538	0	0.00383214	1024.31	2376.48	5	9422	
4.5	4.6	1	8	75	3	2891	3518094	2819	3523578	0.00112646	0.000778732	0	0.00383214	1249.94	2929.34	5	9422	
4.5	4.6	1	9	6	3	4919	7026666	4853	7093380	0.00101132	0.000607011	0	0.00383214	1461.65	2254.61	5	9422	
4.5	4.6	6	10	71	3	3734	4831075	3727	4855234	0.00109999	0.000725693	0	0.00408214	1302.72	2534.31	9	9422	
4.5	4.6	3	11	85	3	3983	4360812	3880	4354612	0.00106811	0.000686529	0	0.00383214	1122.32	2519.22	9	9422	
4.5	4.6	1	12	5	3	3592	4472140	3487	4473186	0.00108513	0.000705425	0	0.00383214	1282.82	2680.23	9	9422	
4.5	4.6	3	13	84	3	3031	4227441	2865	4225880	0.00112903	0.000749988	0	0.00383214	1475	2839.79	7	9422	
4.5	4.6	1	14	10	3	3621	5952902	3398	5949224	0.00108693	0.000706642	0	0.00383214	1750.8	2573.25	9	9422	
4.6	4.7	6	1	14	3	5069	6094518	4993	6178293	0.00100015	0.000604414	0	0.00408214	1237.39	2206.25	9	9422	
4.6	4.7	3	2	86	3	4782	5202195	4786	5232931	0.00101465	0.000635374	0	0.00383214	1093.38	2289.31	9	9422	
4.6	4.7	1	3	8	3	5027	4277014	5068	4288959	0.00103854	0.000627392	0	0.00408214	846.282	2265.68	4	9422	
4.6	4.7	1	4	1	3	4712	5862602	4631	5884484	0.00103266	0.000653274	0	0.00383214	1270.67	2337.06	9	9422	
4.6	4.7	5	5	69	3	2721	6278313	2352	6268862	0.00114061	0.000798451	0	0.00383214	2665.33	2810.9	22	9422	
4.6	4.7	8	6	79	3	4551	3986419	4700	4005628	0.00101825	0.000653285	0	0.00383214	852.261	2348.44	4	9422	
4.6	4.7	1	7	9	3	4470	4534336	4387	4547463	0.00103778	0.00064608	0	0.00383214	1036.58	2397.02	5	9422	
4.6	4.7	5	8	13	3	2910	3584610	2826	3589532	0.00113111	0.000783325	0	0.00383214	1270.18	2953.78	5	9422	
4.6	4.7	8	9	80	3	5249	7459545	5193	7536135	0.00100099	0.000595702	0	0.00383214	1451.21	2201.43	5	9422	
4.6	4.7	5	10	70	3	3792	4943312	3780	4964347	0.00110362	0.000727533	0	0.00408214	1313.32	2542.49	9	9422	
4.6	4.7	4	11	12	3	4000	4427440	3887	4420566	0.00107159	0.000690785	0	0.00383214	1137.27	2541.44	9	9422	
4.6	4.7	1	12	71	3	3609	4538759	3494	4539140	0.00108896	0.000709902	0	0.00383214	1299.12	2702.17	9	9422	
4.6	4.7	4	13	73	3	3178	4358996	3007	4355826	0.0011217	0.000743547	0	0.00383214	1448.56	2807.39	7	9422	
4.6	4.7	1	14	10	3	3641	6028669	3408	6015337	0.00109056	0.000711658	0	0.00383214	1765.06	2593.35	9	9422	
4.7	4.8	3	1	87	3	5406	6873075	5331	6955457	0.000994946	0.000592762	0	0.00408214	1304.72	2169.16	9	9422	
4.7	4.8	1	2	4	3	4798	5268599	4798	5299135	0.0010184	0.000640373	0	0.00383214	1104.45	2308.69	9	9422	
4.7	4.8	1	3	8	3	5043	4343913	5075	4354913	0.00104125	0.000631172	0	0.00408214	858.111	2286.38	4	9422	
4.7	4.8	1	4	1	3	4783	5937713	4697	5959236	0.00103753	0.000661473	0	0.00383214	1268.73	2345.2	9	9422	
4.7	4.8	5	5	69	3	3106	7174633	2739	7161912	0.00109949	0.000755408	0	0.00383214	2614.79	2644.5	22	9422	
4.7	4.8	5	6	2	3	4596	4058723	4738	4078173	0.00102016	0.000655441	0	0.00383214	860.737	2362.64	4	9422	
4.7	4.8	6	7	74	3	4779	4892432	4697	4910654	0.00103417	0.000639683	0	0.00383214	1045.49	2344.98	5	9422	
4.7	4.8	6	8	75	3	2928	3651114	2833	3655486	0.00113572	0.000787841	0	0.00383214	1290.32	2977.77	5	9422	
4.7	4.8	1	9	6	3	5292	7553969	5233	7635314	0.00100314	0.000598366	0	0.00383214	1459.07	2212.67	5	9422	
4.7	4.8	1	10	11	3	3852	5023434	3844	5034854	0.00110237	0.000728791	0	0.00408214	1309.8	2549.31	7	9422	
4.7	4.8	1	11	12	3	4017	4503761	3894	4486520	0.00107505	0.000694982	0	0.00383214	1152.16	2563.3	9	9422	
4.7	4.8	4	12	74	3	3626	4606109	3505	4605657	0.00109317	0.000714276	0	0.00383214	1314.02	2722.48	9	9422	
4.7	4.8	7	13	3	3	3195	4425725	3014	4421780	0.00112606	0.000748168	0	0.00383214	1467.08	2830.28	7	9422	
4.7	4.8	1	14	10	3	3660	6095718	3416	6090713	0.00109503	0.000716793	0	0.00383214	1783	2616.62	9	9422	
4.8	4.9	1	1	14	3	5463	7025398	5376	7100098	0.000996957	0.000595166	0	0.00408214	1320.7	2181.69	9	9422	
4.8	4.9	7	2	74	3	4819	5335757	4819	5366293	0.00102222	0.000644367	0	0.00383214	1113.57	2326	9	9422	
4.8	4.9	5	3	72	3	5060	4410446	5086	4421204	0.00104512	0.000636511	0	0.00408214	869.289	2305.98	4	9422	
4.8	4.9	8	4	82	3	4819	6006416	4735	6027789	0.00103909	0.000664377	0	0.00383214	1273.03	2358.67	9	9422	
4.8	4.9	1	5	76	3	3155	7325081	2780	7314535	0.00110098	0.000756441	0	0.00383214	2631.13	2647.02	22	9422	
4.8	4.9	1	6	2	3	4612	4125622	4745	4144127	0.00102308	0.000659351	0	0.00383214	873.367	2383.65	4	9422	
4.8	4.9	1	7	9	3	4829	4990974	4735	5006995	0.00103617	0.000642311	0	0.00383214	1057.44	2357.82	5	9422	
4.8	4.9	1	8	13	3	2947	3726890	2840	3721440	0.00114032	0.000792282	0	0.00383214	1310.37	3001.31	5	9422	
4.8	4.9	5	9	74	3	5310	7620342	5241	7701290	0.00100578	0.000602346	0	0.00383214	1469.43	2230.12	5	9422	
4.8	4.9	6	10	77	3	4149	5675379	4156	5706111	0.00109282	0.00071493	0	0.00408214	1372.98	2487.18	7	9422	
4.8	4.9	1	11	72	3	4034	4570765	3902	4561896	0.001079	0.000699709	0	0.00383214	1169.12	2587.85	9	9422	
4.8	4.9	3	12	89	3	3975	5467760	3854	5465477	0.00107583	0.000691544	0	0.00383214	1418.13	2638	9	9422	
4.8	4.9	1	13	3	3	3211	4492624	3021	4487734	0.0011304	0.000752714	0	0.00383214	1485.51	2852.76	7	9422	
4.8	4.9	1	14	75	3	3677	6162300	3430	6157090	0.00110038	0.000723593	0	0.00408214	1795.07	2635.11	9	9422	
