timestamp,ueImsiComplete,plmId,nrCellId,dlAvailablePrbs,ulAvailablePrbs,qci,dlPrbUsage,ulPrbUsage,TB.TotNbrDl.1,TB.TotNbrDlInitial,TB.TotNbrDlInitial.Qpsk,TB.TotNbrDlInitial.16Qam,TB.TotNbrDlInitial.64Qam,RRU.PrbUsedDl,TB.ErrTotalNbrDl.1,QosFlow.PdcpPduVolumeDL_Filter,CARR.PDSCHMCSDist.Bin1,CARR.PDSCHMCSDist.Bin2,CARR.PDSCHMCSDist.Bin3,CARR.PDSCHMCSDist.Bin4,CARR.PDSCHMCSDist.Bin5,CARR.PDSCHMCSDist.Bin6,L1M.RS-SINR.Bin34,L1M.RS-SINR.Bin46,L1M.RS-SINR.Bin58,L1M.RS-SINR.Bin70,L1M.RS-SINR.Bin82,L1M.RS-SINR.Bin94,L1M.RS-SINR.Bin127,DRB.BufferSize.Qos,DRB.MeanActiveUeDl,TB.TotNbrDl.1.UEID,TB.TotNbrDlInitial.UEID,TB.TotNbrDlInitial.Qpsk.UEID,TB.TotNbrDlInitial.16Qam.UEID,TB.TotNbrDlInitial.64Qam.UEID,TB.ErrTotalNbrDl.1.UEID,QosFlow.PdcpPduVolumeDL_Filter.UEID,RRU.PrbUsedDl.UEID,CARR.PDSCHMCSDist.Bin1.UEID,CARR.PDSCHMCSDist.Bin2.UEID,CARR.PDSCHMCSDist.Bin3.UEID,CARR.PDSCHMCSDist.Bin4.UEID,CARR.PDSCHMCSDist.Bin5.UEID,CARR.PDSCHMCSDist.Bin6.UEID,L1M.RS-SINR.Bin34.UEID,L1M.RS-SINR.Bin46.UEID,L1M.RS-SINR.Bin58.UEID,L1M.RS-SINR.Bin70.UEID,L1M.RS-SINR.Bin82.UEID,L1M.RS-SINR.Bin94.UEID,L1M.RS-SINR.Bin127.UEID,DRB.BufferSize.Qos.UEID,DRB.UEThpDl.UEID,DRB.UEThpDlPdcpBased.UEID
100,00008,111,4,139,139,1,0,0,0,0,0,0,0,0,0,0,0,0,0,0,0,0,0,0,0,0,0,0,0,0,2,0,0,0,0,0,0,0,0.000000,0,0,0,0,0,0,0,0,0,0,0,0,0,0,0.000000,0.000000
100,00012,111,4,139,139,1,0,0,0,0,0,0,0,0,0,0,0,0,0,0,0,0,0,0,0,0,0,0,0,0,2,0,0,0,0,0,0,0,0.000000,0,0,0,0,0,0,0,0,0,0,0,0,0,0,0.000000,0.000000
200,00012,111,4,139,139,1,16,0,125,74,125,0,0,23,51,16791,119,6,0,0,0,0,45,15,63,2,0,0,0,336918,3,64,54,64,0,0,10,10082,16.382143,62,2,0,0,0,0,0,4,58,2,0,0,0,102003,7249.697619,4920.000000
200,00003,111,4,139,139,1,16,0,125,74,125,0,0,23,51,16791,119,6,0,0,0,0,45,15,63,2,0,0,0,336918,3,24,10,24,0,0,14,2750,2.448141,20,4,0,0,0,0,8,11,5,0,0,0,0,112987,12639.540316,4500.000000
200,00014,111,4,139,139,1,16,0,125,74,125,0,0,23,51,16791,119,6,0,0,0,0,45,15,63,2,0,0,0,336918,3,37,10,37,0,0,27,3959,5.489771,37,0,0,0,0,0,37,0,0,0,0,0,0,121928,25125.341708,4500.000000
300,00014,111,4,139,139,1,12,0,95,23,95,0,0,17,72,9505,95,0,0,0,0,0,93,2,0,0,0,0,0,482844,2,47,11,47,0,0,36,5029,13.999286,47,0,0,0,0,0,45,2,0,0,0,0,0,233681,25125.341708,5240.000000
300,00005,111,4,139,139,1,12,0,95,23,95,0,0,17,72,9505,95,0,0,0,0,0,93,2,0,0,0,0,0,482844,2,48,12,48,0,0,36,4476,4.159601,48,0,0,0,0,0,48,0,0,0,0,0,0,249163,25125.341708,5240.000000
400,00014,111,4,139,139,1,16,0,138,39,138,0,0,23,99,13042,138,0,0,0,0,0,121,17,0,0,0,0,0,1209175,4,36,9,36,0,0,27,3852,10.722857,36,0,0,0,0,0,35,1,0,0,0,0,0,363774,25125.341708,5240.000000
400,00005,111,4,139,139,1,16,0,138,39,138,0,0,23,99,13042,138,0,0,0,0,0,121,17,0,0,0,0,0,1209175,4,36,9,36,0,0,27,3852,10.722857,36,0,0,0,0,0,36,0,0,0,0,0,0,377946,25125.341708,5240.000000
400,00002,111,4,139,139,1,16,0,138,39,138,0,0,23,99,13042,138,0,0,0,0,0,121,17,0,0,0,0,0,1209175,4,41,11,41,0,0,30,3268,2.291685,41,0,0,0,0,0,41,0,0,0,0,0,0,334570,6728.859391,5240.000000
400,00009,111,4,139,139,1,16,0,138,39,138,0,0,23,99,13042,138,0,0,0,0,0,121,17,0,0,0,0,0,1209175,4,25,10,25,0,0,15,2070,1.449336,25,0,0,0,0,0,9,16,0,0,0,0,0,132885,7732.152746,7860.000000
500,00014,111,4,139,139,1,16,0,136,40,136,0,0,23,96,11489,136,0,0,0,0,0,130,3,3,0,0,0,0,1751084,4,48,12,48,0,0,36,4952,13.800714,48,0,0,0,0,0,47,1,0,0,0,0,0,489680,25125.341708,5240.000000
500,00005,111,4,139,139,1,16,0,136,40,136,0,0,23,96,11489,136,0,0,0,0,0,130,3,3,0,0,0,0,1751084,4,36,9,36,0,0,27,3852,10.722857,36,0,0,0,0,0,36,0,0,0,0,0,0,489497,25125.341708,6070.000000
500,00001,111,4,139,139,1,16,0,136,40,136,0,0,23,96,11489,136,0,0,0,0,0,130,3,3,0,0,0,0,1751084,4,28,10,28,0,0,18,1621,0.921974,28,0,0,0,0,0,23,2,3,0,0,0,0,439535,10210.320359,5240.000000
500,00010,111,4,139,139,1,16,0,136,40,136,0,0,23,96,11489,136,0,0,0,0,0,130,3,3,0,0,0,0,1751084,4,24,9,24,0,0,15,1064,0.614649,24,0,0,0,0,0,24,0,0,0,0,0,0,332372,8271.950646,5240.000000
600,00001,111,4,139,139,1,10,0,181,78,181,0,0,15,103,17251,172,9,0,0,0,0,104,29,33,15,0,0,0,2772454,5,19,12,19,0,0,7,1590,4.467857,19,0,0,0,0,0,0,19,0,0,0,0,0,563314,10926.308259,5340.000000
600,00010,111,4,139,139,1,10,0,181,78,181,0,0,15,103,17251,172,9,0,0,0,0,104,29,33,15,0,0,0,2772454,5,36,9,36,0,0,27,3852,10.722857,36,0,0,0,0,0,36,0,0,0,0,0,0,457223,8798.298510,5340.000000
600,00008,111,4,139,139,1,10,0,181,78,181,0,0,15,103,17251,172,9,0,0,0,0,104,29,33,15,0,0,0,2772454,5,53,37,53,0,0,16,9038,1.929523,44,9,0,0,0,0,0,5,33,15,0,0,0,641663,14065.151117,5550.000000
600,00013,111,4,139,139,1,10,0,181,78,181,0,0,15,103,17251,172,9,0,0,0,0,104,29,33,15,0,0,0,2772454,5,37,10,37,0,0,27,1525,0.743713,37,0,0,0,0,0,32,5,0,0,0,0,0,589154,15881.619391,5340.000000
600,00004,111,4,139,139,1,10,0,181,78,181,0,0,15,103,17251,172,9,0,0,0,0,104,29,33,15,0,0,0,2772454,5,36,10,36,0,0,26,1246,0.619761,36,0,0,0,0,0,36,0,0,0,0,0,0,521100,10091.411416,5340.000000
700,00013,111,4,139,139,1,12,0,466,329,447,19,0,17,137,99319,394,53,19,0,0,0,99,21,309,37,0,0,0,2831052,4,36,9,36,0,0,27,1872,5.361429,36,0,0,0,0,0,34,2,0,0,0,0,0,717120,16693.515196,5240.000000
700,00005,111,4,139,139,1,12,0,466,329,447,19,0,17,137,99319,394,53,19,0,0,0,99,21,309,37,0,0,0,2831052,4,43,11,43,0,0,32,1328,0.570282,43,0,0,0,0,0,43,0,0,0,0,0,0,742498,24781.022203,5240.000000
700,00012,111,4,139,139,1,12,0,466,329,447,19,0,17,137,99319,394,53,19,0,0,0,99,21,309,37,0,0,0,2831052,4,346,297,327,19,0,49,94803,12.588706,274,53,19,0,0,0,0,0,309,37,0,0,0,674786,7494.811463,9530.000000
700,00007,111,4,139,139,1,12,0,466,329,447,19,0,17,137,99319,394,53,19,0,0,0,99,21,309,37,0,0,0,2831052,4,41,12,41,0,0,29,1316,0.563198,41,0,0,0,0,0,22,19,0,0,0,0,0,696648,10258.161483,5240.000000
800,00012,111,4,139,139,1,12,0,438,342,316,122,0,18,96,176637,192,124,122,0,0,0,83,3,86,224,42,0,0,2337727,3,45,12,45,0,0,33,4266,7.843571,45,0,0,0,0,0,42,3,0,0,0,0,0,800152,8173.353989,5240.000000
800,00008,111,4,139,139,1,12,0,438,342,316,122,0,18,96,176637,192,124,122,0,0,0,83,3,86,224,42,0,0,2337727,3,352,319,230,122,0,33,170423,11.965122,106,124,122,0,0,0,0,0,86,224,42,0,0,735005,9086.628098,18130.000000
800,00014,111,4,139,139,1,12,0,438,342,316,122,0,18,96,176637,192,124,122,0,0,0,83,3,86,224,42,0,0,2337727,3,41,11,41,0,0,30,1948,0.700549,41,0,0,0,0,0,41,0,0,0,0,0,0,802570,10954.978961,5240.000000
900,00014,111,4,139,139,1,5,0,178,94,178,0,0,8,84,16382,178,0,0,0,0,0,78,39,61,0,0,0,0,3862611,4,30,9,30,0,0,21,2660,7.446429,30,0,0,0,0,0,30,0,0,0,0,0,0,949911,11606.037933,5340.000000
900,00001,111,4,139,139,1,5,0,178,94,178,0,0,8,84,16382,178,0,0,0,0,0,78,39,61,0,0,0,0,3862611,4,39,14,39,0,0,25,2750,0.832203,39,0,0,0,0,0,31,2,6,0,0,0,0,973915,12183.728892,5340.000000
900,00006,111,4,139,139,1,5,0,178,94,178,0,0,8,84,16382,178,0,0,0,0,0,78,39,61,0,0,0,0,3862611,4,34,12,34,0,0,22,1670,0.501527,34,0,0,0,0,0,17,14,3,0,0,0,0,957148,10774.351072,6070.000000
900,00013,111,4,139,139,1,5,0,178,94,178,0,0,8,84,16382,178,0,0,0,0,0,78,39,61,0,0,0,0,3862611,4,75,59,75,0,0,16,9302,1.882102,75,0,0,0,0,0,0,23,52,0,0,0,0,981637,14884.595156,6600.000000
1000,00014,111,4,139,139,1,19,0,599,432,531,68,0,27,167,69379,451,80,68,0,0,0,117,21,337,124,0,0,0,6333649,6,28,10,28,0,0,18,1028,3.028214,28,0,0,0,0,0,28,0,0,0,0,0,0,1091082,12199.898913,5240.000000
1000,00001,111,4,139,139,1,19,0,599,432,531,68,0,27,167,69379,451,80,68,0,0,0,117,21,337,124,0,0,0,6333649,6,104,86,104,0,0,18,4257,10.003036,104,0,0,0,0,0,12,0,92,0,0,0,0,1100954,11253.985312,5240.000000
1000,00006,111,4,139,139,1,19,0,599,432,531,68,0,27,167,69379,451,80,68,0,0,0,117,21,337,124,0,0,0,6333649,6,114,97,114,0,0,17,7807,10.971071,114,0,0,0,0,0,0,10,104,0,0,0,0,1081100,9786.634548,5650.000000
1000,00008,111,4,139,139,1,19,0,599,432,531,68,0,27,167,69379,451,80,68,0,0,0,117,21,337,124,0,0,0,6333649,6,265,215,197,68,0,50,53533,4.851433,117,80,68,0,0,0,0,0,141,124,0,0,0,941551,6926.402250,7120.000000
1000,00011,111,4,139,139,1,19,0,599,432,531,68,0,27,167,69379,451,80,68,0,0,0,117,21,337,124,0,0,0,6333649,6,45,12,45,0,0,33,1516,0.451411,45,0,0,0,0,0,45,0,0,0,0,0,0,1067304,7972.340360,5340.000000
1000,00012,111,4,139,139,1,19,0,599,432,531,68,0,27,167,69379,451,80,68,0,0,0,117,21,337,124,0,0,0,6333649,6,43,12,43,0,0,31,1238,0.374523,43,0,0,0,0,0,32,11,0,0,0,0,0,1051658,7338.250473,5340.000000
1200,00001,111,4,139,139,1,3,0,287,237,287,0,0,5,50,72630,215,72,0,0,0,0,36,23,175,53,0,0,0,1998925,2,251,225,251,0,0,26,70794,5.752907,179,72,0,0,0,0,0,23,175,53,0,0,0,1252768,7518.379395,11420.000000
1200,00010,111,4,139,139,1,3,0,287,237,287,0,0,5,50,72630,215,72,0,0,0,0,36,23,175,53,0,0,0,1998925,2,36,12,36,0,0,24,1836,0.438238,36,0,0,0,0,0,36,0,0,0,0,0,0,746157,9700.349825,5240.000000
1300,00010,111,4,139,139,1,7,0,106,31,106,0,0,10,75,9252,106,0,0,0,0,0,106,0,0,0,0,0,0,3510518,3,36,9,36,0,0,27,3852,10.722857,36,0,0,0,0,0,36,0,0,0,0,0,0,891970,9921.288101,5340.000000
1300,00003,111,4,139,139,1,7,0,106,31,106,0,0,10,75,9252,106,0,0,0,0,0,106,0,0,0,0,0,0,3510518,3,42,12,42,0,0,30,3284,0.709865,42,0,0,0,0,0,42,0,0,0,0,0,0,1144113,6851.483426,5240.000000
1300,00014,111,4,139,139,1,7,0,106,31,106,0,0,10,75,9252,106,0,0,0,0,0,106,0,0,0,0,0,0,3510518,3,28,10,28,0,0,18,2116,0.457978,28,0,0,0,0,0,28,0,0,0,0,0,0,1474435,13767.865933,6070.000000
1400,00005,111,4,139,139,1,0,0,48,12,48,0,0,0,36,4476,48,0,0,0,0,0,48,0,0,0,0,0,0,140433,1,48,12,48,0,0,36,4476,0.893093,48,0,0,0,0,0,48,0,0,0,0,0,0,140433,20242.308647,6390.000000
1500,00013,111,4,139,139,1,0,0,83,39,83,0,0,0,44,6478,83,0,0,0,0,0,39,10,32,2,0,0,0,3283744,2,44,27,44,0,0,17,4046,0.539183,44,0,0,0,0,0,0,10,32,2,0,0,0,1751697,15653.300787,5340.000000
1500,00007,111,4,139,139,1,0,0,83,39,83,0,0,0,44,6478,83,0,0,0,0,0,39,10,32,2,0,0,0,3283744,2,39,12,39,0,0,27,2432,0.459794,39,0,0,0,0,0,39,0,0,0,0,0,0,1532047,8775.949833,5240.000000
1600,00013,111,4,139,139,1,38,0,205,157,205,0,0,53,48,30561,201,4,0,0,0,0,36,0,165,4,0,0,0,3512648,2,169,148,169,0,0,21,28029,46.738750,165,4,0,0,0,0,0,0,165,4,0,0,0,1854110,12911.411469,7860.000000
1600,00007,111,4,139,139,1,38,0,205,157,205,0,0,53,48,30561,201,4,0,0,0,0,36,0,165,4,0,0,0,3512648,2,36,9,36,0,0,27,2532,7.148571,36,0,0,0,0,0,36,0,0,0,0,0,0,1658538,9008.451609,5340.000000
1700,00013,111,4,139,139,1,13,0,475,359,475,0,0,19,116,77911,424,51,0,0,0,0,33,19,360,63,0,0,0,5709194,3,104,68,104,0,0,36,16710,15.066607,56,48,0,0,0,0,0,12,47,45,0,0,0,1974320,12184.805896,5550.000000
1700,00008,111,4,139,139,1,13,0,475,359,475,0,0,19,116,77911,424,51,0,0,0,0,33,19,360,63,0,0,0,5709194,3,338,279,338,0,0,59,59880,4.747559,335,3,0,0,0,0,0,7,313,18,0,0,0,1827953,7303.263779,7330.000000
1700,00012,111,4,139,139,1,13,0,475,359,475,0,0,19,116,77911,424,51,0,0,0,0,33,19,360,63,0,0,0,5709194,3,33,12,33,0,0,21,1321,0.227673,33,0,0,0,0,0,33,0,0,0,0,0,0,1906921,8230.581318,5340.000000
1800,00005,111,4,139,139,1,0,0,46,12,46,0,0,0,34,4922,46,0,0,0,0,0,46,0,0,0,0,0,0,695708,1,46,12,46,0,0,34,4922,0.760873,46,0,0,0,0,0,46,0,0,0,0,0,0,695708,20436.197103,5240.000000
1900,00003,111,4,139,139,1,0,0,46,12,46,0,0,0,34,4922,46,0,0,0,0,0,43,3,0,0,0,0,0,1872088,1,46,12,46,0,0,34,4922,0.720843,46,0,0,0,0,0,43,3,0,0,0,0,0,1872088,7524.126579,6070.000000
2100,00005,111,4,139,139,1,0,0,46,12,46,0,0,0,34,4922,46,0,0,0,0,0,46,0,0,0,0,0,0,695708,1,46,12,46,0,0,34,4922,0.652216,46,0,0,0,0,0,46,0,0,0,0,0,0,695708,19167.263014,5240.000000
2200,00005,111,4,139,139,1,7,0,38,9,38,0,0,11,29,4066,38,0,0,0,0,0,38,0,0,0,0,0,0,834971,1,38,9,38,0,0,29,4066,11.318571,38,0,0,0,0,0,38,0,0,0,0,0,0,834971,19254.862263,5240.000000
2300,00005,111,4,139,139,1,5,0,76,21,76,0,0,8,55,7506,76,0,0,0,0,0,66,10,0,0,0,0,0,3267254,2,33,9,33,0,0,24,2979,8.340000,33,0,0,0,0,0,33,0,0,0,0,0,0,962582,19339.922963,5340.000000
2300,00003,111,4,139,139,1,5,0,76,21,76,0,0,8,55,7506,76,0,0,0,0,0,66,10,0,0,0,0,0,3267254,2,43,12,43,0,0,31,4527,0.548051,43,0,0,0,0,0,33,10,0,0,0,0,0,2304672,7413.522906,5340.000000
2400,00003,111,4,139,139,1,14,0,142,78,142,0,0,20,64,13792,142,0,0,0,0,0,79,16,47,0,0,0,0,7279225,3,75,56,75,0,0,19,10672,20.502500,75,0,0,0,0,0,12,16,47,0,0,0,0,2438365,7441.144339,5240.000000
2400,00007,111,4,139,139,1,14,0,142,78,142,0,0,20,64,13792,142,0,0,0,0,0,79,16,47,0,0,0,0,7279225,3,36,12,36,0,0,24,1732,0.207815,36,0,0,0,0,0,36,0,0,0,0,0,0,2703344,10681.070926,5240.000000
2400,00010,111,4,139,139,1,14,0,142,78,142,0,0,20,64,13792,142,0,0,0,0,0,79,16,47,0,0,0,0,7279225,3,31,10,31,0,0,21,1388,0.167492,31,0,0,0,0,0,31,0,0,0,0,0,0,2137516,8980.802376,5240.000000
2500,00007,111,4,139,139,1,4,0,557,412,222,5,330,6,145,437433,210,12,5,1,329,0,32,0,165,43,317,0,0,8313816,3,32,8,32,0,0,24,1292,3.772857,32,0,0,0,0,0,32,0,0,0,0,0,0,2837999,10862.846101,5240.000000
2500,00006,111,4,139,139,1,4,0,557,412,222,5,330,6,145,437433,210,12,5,1,329,0,32,0,165,43,317,0,0,8313816,3,166,119,166,0,0,47,15248,0.925065,166,0,0,0,0,0,0,0,165,1,0,0,0,2884362,7767.448567,5440.000000
2500,00012,111,4,139,139,1,4,0,557,412,222,5,330,6,145,437433,210,12,5,1,329,0,32,0,165,43,317,0,0,8313816,3,359,285,24,5,330,74,420893,3.160309,12,12,5,1,329,0,0,0,0,42,317,0,0,2591455,8057.944700,8900.000000
2600,00006,111,4,139,139,1,39,0,251,198,235,0,16,55,53,52560,207,28,0,0,16,0,0,35,178,31,7,0,0,5686377,2,180,152,180,0,0,28,33909,43.983571,152,28,0,0,0,0,0,7,150,23,0,0,0,2980611,7559.114113,7440.000000
2600,00012,111,4,139,139,1,39,0,251,198,235,0,16,55,53,52560,207,28,0,0,16,0,0,35,178,31,7,0,0,5686377,2,71,46,55,0,16,25,18651,12.162500,55,0,0,0,16,0,0,28,28,8,7,0,0,2705766,8167.242990,5240.000000
2700,00006,111,4,139,139,1,56,0,366,296,366,0,0,78,70,59525,362,4,0,0,0,0,48,18,298,2,0,0,0,7309194,3,293,269,293,0,0,24,56397,78.535000,289,4,0,0,0,0,0,5,286,2,0,0,0,3060564,7179.027790,8270.000000
2700,00009,111,4,139,139,1,56,0,366,296,366,0,0,78,70,59525,362,4,0,0,0,0,48,18,298,2,0,0,0,7309194,3,48,12,48,0,0,36,1928,0.209545,48,0,0,0,0,0,48,0,0,0,0,0,0,1436660,10458.198049,5340.000000
2700,00003,111,4,139,139,1,56,0,366,296,366,0,0,78,70,59525,362,4,0,0,0,0,48,18,298,2,0,0,0,7309194,3,25,15,25,0,0,10,1200,0.114882,25,0,0,0,0,0,0,13,12,0,0,0,0,2811970,7360.201999,5240.000000
2800,00006,111,4,139,139,1,17,0,84,30,84,0,0,24,54,9898,84,0,0,0,0,0,70,5,9,0,0,0,0,4744137,2,48,21,48,0,0,27,6046,14.297143,48,0,0,0,0,0,34,5,9,0,0,0,0,3197034,7298.353061,5240.000000
2800,00009,111,4,139,139,1,17,0,84,30,84,0,0,24,54,9898,84,0,0,0,0,0,70,5,9,0,0,0,0,4744137,2,36,9,36,0,0,27,3852,10.722857,36,0,0,0,0,0,36,0,0,0,0,0,0,1547103,10557.806030,5240.000000
2900,00006,111,4,139,139,1,11,0,489,419,449,40,0,16,70,125629,242,207,40,0,0,0,19,37,104,329,0,0,0,9598090,3,102,76,102,0,0,26,12248,14.967321,74,28,0,0,0,0,0,22,80,0,0,0,0,3321672,7300.590698,6810.000000
2900,00003,111,4,139,139,1,11,0,489,419,449,40,0,16,70,125629,242,207,40,0,0,0,19,37,104,329,0,0,0,9598090,3,34,12,34,0,0,22,1654,0.164292,34,0,0,0,0,0,19,15,0,0,0,0,0,3076741,7554.277518,5240.000000
2900,00007,111,4,139,139,1,11,0,489,419,449,40,0,16,70,125629,242,207,40,0,0,0,19,37,104,329,0,0,0,9598090,3,353,331,313,40,0,22,111727,2.927316,134,179,40,0,0,0,0,0,24,329,0,0,0,3199677,9351.250394,13410.000000
3000,00007,111,4,139,139,1,65,0,605,493,459,146,0,91,112,189476,236,223,146,0,0,0,38,35,162,370,0,0,0,8075879,3,401,360,255,146,0,41,173666,91.864107,32,223,146,0,0,0,0,0,31,370,0,0,0,3168657,8865.522978,17810.000000
3000,00009,111,4,139,139,1,65,0,605,493,459,146,0,91,112,189476,236,223,146,0,0,0,38,35,162,370,0,0,0,8075879,3,44,11,44,0,0,33,1536,0.152200,44,0,0,0,0,0,38,6,0,0,0,0,0,1392212,10905.556279,5340.000000
3000,00012,111,4,139,139,1,65,0,605,493,459,146,0,91,112,189476,236,223,146,0,0,0,38,35,162,370,0,0,0,8075879,3,160,122,160,0,0,38,14274,0.664221,160,0,0,0,0,0,0,29,131,0,0,0,0,3515010,7630.777054,5860.000000
3100,00007,111,4,139,139,1,74,0,444,394,406,38,0,104,50,124291,306,100,38,0,0,0,48,0,207,189,0,0,0,6137727,2,396,382,358,38,0,14,122095,104.746429,258,100,38,0,0,0,0,0,207,189,0,0,0,3172364,8354.509258,14250.000000
3100,00010,111,4,139,139,1,74,0,444,394,406,38,0,104,50,124291,306,100,38,0,0,0,48,0,207,189,0,0,0,6137727,2,48,12,48,0,0,36,2196,0.204927,48,0,0,0,0,0,48,0,0,0,0,0,0,2965363,8871.677912,5240.000000
3200,00007,111,4,139,139,1,37,0,239,180,239,0,0,52,59,35251,239,0,0,0,0,0,45,0,194,0,0,0,0,4423346,2,194,168,194,0,0,26,32439,52.770357,194,0,0,0,0,0,0,0,194,0,0,0,0,3283006,8131.767159,7330.000000
3200,00009,111,4,139,139,1,37,0,239,180,239,0,0,52,59,35251,239,0,0,0,0,0,45,0,194,0,0,0,0,4423346,2,45,12,45,0,0,33,2812,0.249707,45,0,0,0,0,0,45,0,0,0,0,0,0,1140340,11517.600366,5970.000000
3300,00007,111,4,139,139,1,32,0,778,575,778,0,0,45,203,87598,710,68,0,0,0,0,51,60,572,95,0,0,0,15927282,5,291,245,291,0,0,46,34689,41.873750,223,68,0,0,0,0,0,14,182,95,0,0,0,3386050,7800.740351,7540.000000
3300,00009,111,4,139,139,1,32,0,778,575,778,0,0,45,203,87598,710,68,0,0,0,0,51,60,572,95,0,0,0,15927282,5,36,9,36,0,0,27,1236,3.673571,36,0,0,0,0,0,20,16,0,0,0,0,0,1267155,11571.049538,5340.000000
3300,00006,111,4,139,139,1,32,0,778,575,778,0,0,45,203,87598,710,68,0,0,0,0,51,60,572,95,0,0,0,15927282,5,37,12,37,0,0,25,870,0.081967,37,0,0,0,0,0,14,23,0,0,0,0,0,3853840,7806.457626,5340.000000
3300,00008,111,4,139,139,1,32,0,778,575,778,0,0,45,203,87598,710,68,0,0,0,0,51,60,572,95,0,0,0,15927282,5,382,297,382,0,0,85,49990,1.901792,382,0,0,0,0,0,0,0,382,0,0,0,0,3924045,9195.296766,7540.000000
3300,00011,111,4,139,139,1,32,0,778,575,778,0,0,45,203,87598,710,68,0,0,0,0,51,60,572,95,0,0,0,15927282,5,32,12,32,0,0,20,813,0.075951,32,0,0,0,0,0,17,7,8,0,0,0,0,3496192,7842.041480,5340.000000
3400,00008,111,4,139,139,1,74,0,436,387,436,0,0,103,49,96443,436,0,0,0,0,0,42,6,388,0,0,0,0,6665860,2,388,375,388,0,0,13,94211,103.406071,388,0,0,0,0,0,0,0,388,0,0,0,0,3970366,8456.149083,5650.000000
3400,00014,111,4,139,139,1,74,0,436,387,436,0,0,103,49,96443,436,0,0,0,0,0,42,6,388,0,0,0,0,6665860,2,48,12,48,0,0,36,2232,0.189769,48,0,0,0,0,0,42,6,0,0,0,0,0,2695494,12833.540718,5970.000000
3500,00008,111,4,139,139,1,72,0,346,330,346,0,0,101,16,79719,346,0,0,0,0,0,0,0,346,0,0,0,0,4072127,1,346,330,346,0,0,16,79719,101.891964,346,0,0,0,0,0,0,0,346,0,0,0,0,4072127,8301.208355,15400.000000
3600,00008,111,4,139,139,1,3,0,117,90,117,0,0,5,27,18649,117,0,0,0,0,0,0,37,80,0,0,0,0,7939833,2,22,12,22,0,0,10,1858,5.212500,22,0,0,0,0,0,0,22,0,0,0,0,0,4204803,8412.474266,6180.000000
3600,00007,111,4,139,139,1,3,0,117,90,117,0,0,5,27,18649,117,0,0,0,0,0,0,37,80,0,0,0,0,7939833,2,95,78,95,0,0,17,16791,0.713467,95,0,0,0,0,0,0,15,80,0,0,0,0,3735030,7420.212963,5860.000000
3700,00007,111,4,139,139,1,3,0,94,36,94,0,0,5,58,8778,94,0,0,0,0,0,67,10,17,0,0,0,0,8811017,3,24,14,24,0,0,10,3378,5.957143,24,0,0,0,0,0,0,7,17,0,0,0,0,3872459,7492.028613,5760.000000
3700,00002,111,4,139,139,1,3,0,94,36,94,0,0,5,58,8778,94,0,0,0,0,0,67,10,17,0,0,0,0,8811017,3,42,12,42,0,0,30,3284,0.249505,42,0,0,0,0,0,39,3,0,0,0,0,0,3170683,8031.521723,5340.000000
3700,00009,111,4,139,139,1,3,0,94,36,94,0,0,5,58,8778,94,0,0,0,0,0,67,10,17,0,0,0,0,8811017,3,28,10,28,0,0,18,2116,0.160971,28,0,0,0,0,0,28,0,0,0,0,0,0,1767875,11852.445259,5340.000000
3800,00013,111,4,139,139,1,0,0,29,12,29,0,0,0,17,3103,29,0,0,0,0,0,8,17,4,0,0,0,0,4389908,1,29,12,29,0,0,17,3103,0.227267,29,0,0,0,0,0,8,17,4,0,0,0,0,4389908,12826.006972,5240.000000
3900,00013,111,4,139,139,1,36,0,638,493,510,94,34,51,145,138050,366,144,60,68,0,0,41,64,276,150,107,0,0,15299589,4,323,243,195,94,34,80,108863,51.876786,51,144,60,68,0,0,0,32,34,150,107,0,0,4448882,11933.076205,9850.000000
3900,00004,111,4,139,139,1,36,0,638,493,510,94,34,51,145,138050,366,144,60,68,0,0,41,64,276,150,107,0,0,15299589,4,37,12,37,0,0,25,1077,0.083995,37,0,0,0,0,0,22,15,0,0,0,0,0,2871250,9277.154323,5240.000000
3900,00008,111,4,139,139,1,36,0,638,493,510,94,34,51,145,138050,366,144,60,68,0,0,41,64,276,150,107,0,0,15299589,4,242,226,242,0,0,16,27462,0.891491,242,0,0,0,0,0,0,0,242,0,0,0,0,4557899,8264.735136,7120.000000
3900,00002,111,4,139,139,1,36,0,638,493,510,94,34,51,145,138050,366,144,60,68,0,0,41,64,276,150,107,0,0,15299589,4,36,12,36,0,0,24,648,0.053451,36,0,0,0,0,0,19,17,0,0,0,0,0,3421558,8181.260768,5240.000000
4000,00013,111,4,139,139,1,20,0,149,82,149,0,0,28,67,27567,112,37,0,0,0,0,78,14,4,53,0,0,0,9646958,3,71,61,71,0,0,10,20651,18.988393,34,37,0,0,0,0,0,14,4,53,0,0,0,4572659,11856.688553,5760.000000
4000,00004,111,4,139,139,1,20,0,149,82,149,0,0,28,67,27567,112,37,0,0,0,0,78,14,4,53,0,0,0,9646958,3,36,9,36,0,0,27,3852,10.722857,36,0,0,0,0,0,36,0,0,0,0,0,0,2992171,9349.000741,5340.000000
4000,00009,111,4,139,139,1,20,0,149,82,149,0,0,28,67,27567,112,37,0,0,0,0,78,14,4,53,0,0,0,9646958,3,42,12,42,0,0,30,3064,0.215906,42,0,0,0,0,0,42,0,0,0,0,0,0,2082128,11287.776817,5340.000000
4200,00002,111,4,139,139,1,0,0,67,23,67,0,0,0,44,5445,67,0,0,0,0,0,50,17,0,0,0,0,0,8156953,2,32,12,32,0,0,20,2489,0.166628,32,0,0,0,0,0,20,12,0,0,0,0,0,3798063,8279.267740,5240.000000
4200,00012,111,4,139,139,1,0,0,67,23,67,0,0,0,44,5445,67,0,0,0,0,0,50,17,0,0,0,0,0,8156953,2,35,11,35,0,0,24,2956,0.197354,35,0,0,0,0,0,30,5,0,0,0,0,0,4358890,9584.667805,7650.000000
4300,00003,111,4,139,139,1,0,0,65,22,65,0,0,0,43,4882,65,0,0,0,0,0,62,3,0,0,0,0,0,7904499,2,40,12,40,0,0,28,2922,0.191611,40,0,0,0,0,0,37,3,0,0,0,0,0,4611784,6449.102460,5440.000000
4300,00014,111,4,139,139,1,0,0,65,22,65,0,0,0,43,4882,65,0,0,0,0,0,62,3,0,0,0,0,0,7904499,2,25,10,25,0,0,15,1960,0.128125,25,0,0,0,0,0,25,0,0,0,0,0,0,3292715,13410.058580,5340.000000
4400,00003,111,4,139,139,1,4,0,101,38,101,0,0,6,63,6671,101,0,0,0,0,0,69,32,0,0,0,0,0,17429354,4,23,9,23,0,0,14,2202,6.155714,23,0,0,0,0,0,0,23,0,0,0,0,0,4751249,6510.135326,5240.000000
4400,00001,111,4,139,139,1,4,0,101,38,101,0,0,6,63,6671,101,0,0,0,0,0,69,32,0,0,0,0,0,17429354,4,28,10,28,0,0,18,1581,0.102653,28,0,0,0,0,0,27,1,0,0,0,0,0,3507703,9757.127929,5240.000000
4400,00006,111,4,139,139,1,4,0,101,38,101,0,0,6,63,6671,101,0,0,0,0,0,69,32,0,0,0,0,0,17429354,4,28,10,28,0,0,18,1581,0.102653,28,0,0,0,0,0,27,1,0,0,0,0,0,5129483,7373.503902,6070.000000
4400,00002,111,4,139,139,1,4,0,101,38,101,0,0,6,63,6671,101,0,0,0,0,0,69,32,0,0,0,0,0,17429354,4,22,9,22,0,0,13,1307,0.084604,22,0,0,0,0,0,15,7,0,0,0,0,0,4040919,8403.648026,5340.000000
4500,00004,111,4,139,139,1,0,0,68,20,68,0,0,0,48,6176,68,0,0,0,0,0,68,0,0,0,0,0,0,8404690,2,42,12,42,0,0,30,3944,0.244864,42,0,0,0,0,0,42,0,0,0,0,0,0,3669628,9708.441275,5970.000000
4500,00010,111,4,139,139,1,0,0,68,20,68,0,0,0,48,6176,68,0,0,0,0,0,68,0,0,0,0,0,0,8404690,2,26,8,26,0,0,18,2232,0.138977,26,0,0,0,0,0,26,0,0,0,0,0,0,4735062,9387.275866,5240.000000
4600,00001,111,4,139,139,1,0,0,70,22,70,0,0,0,48,5400,70,0,0,0,0,0,70,0,0,0,0,0,0,7783878,2,42,12,42,0,0,30,3284,0.200697,42,0,0,0,0,0,42,0,0,0,0,0,0,3507353,9833.293517,5240.000000
4600,00002,111,4,139,139,1,0,0,70,22,70,0,0,0,48,5400,70,0,0,0,0,0,70,0,0,0,0,0,0,7783878,2,28,10,28,0,0,18,2116,0.129482,28,0,0,0,0,0,28,0,0,0,0,0,0,4276525,8549.094558,5240.000000
4700,00011,111,4,139,139,1,0,0,167,120,167,0,0,0,47,37311,143,24,0,0,0,0,52,14,0,101,0,0,0,10229100,2,31,10,31,0,0,21,2308,0.138344,31,0,0,0,0,0,31,0,0,0,0,0,0,5041556,8490.363286,5340.000000
4700,00013,111,4,139,139,1,0,0,167,120,167,0,0,0,47,37311,143,24,0,0,0,0,52,14,0,101,0,0,0,10229100,2,136,110,136,0,0,26,35003,0.813168,112,24,0,0,0,0,21,14,0,101,0,0,0,5187544,10331.207072,13930.000000
4800,00011,111,4,139,139,1,7,0,113,31,113,0,0,10,82,12882,104,9,0,0,0,0,108,1,3,1,0,0,0,14288158,3,36,9,36,0,0,27,3852,10.722857,36,0,0,0,0,0,36,0,0,0,0,0,0,5182129,8573.811244,5240.000000
4800,00012,111,4,139,139,1,7,0,113,31,113,0,0,10,82,12882,104,9,0,0,0,0,108,1,3,1,0,0,0,14288158,3,35,10,35,0,0,25,4866,0.152007,26,9,0,0,0,0,30,1,3,1,0,0,0,5158736,9616.255779,5240.000000
4800,00014,111,4,139,139,1,7,0,113,31,113,0,0,10,82,12882,104,9,0,0,0,0,108,1,3,1,0,0,0,14288158,3,42,12,42,0,0,30,4164,0.241971,42,0,0,0,0,0,42,0,0,0,0,0,0,3947293,13026.128394,5970.000000
4900,00011,111,4,139,139,1,7,0,38,11,38,0,0,11,27,4066,38,0,0,0,0,0,38,0,0,0,0,0,0,5314539,1,38,11,38,0,0,27,4066,11.318571,38,0,0,0,0,0,38,0,0,0,0,0,0,5314539,8668.161016,5970.000000
