0.108 3 1 6 4
0.108 5 1 5 6
0.108 6 2 2 5
0.108 8 1 4 7
0.108 9 1 8 3
0.108 11 1 7 6
0.108 13 3 2 7
0.108 14 3 6 4
0.208 1 1 3 7
0.208 3 3 4 5
0.208 4 1 2 3
0.208 5 4 6 4
0.208 7 2 5 7
0.208 8 2 7 6
0.208 2 2 3 5
0.208 11 5 6 3
0.208 13 3 7 3
0.208 9 3 3 8
0.208 12 2 4 5
0.308 2 5 5 4
0.308 4 4 3 7
0.308 9 2 8 4
0.308 3 4 5 8
0.308 11 5 3 5
0.308 13 6 3 6
0.408 1 4 7 4
0.408 2 6 4 7
0.408 3 3 8 6
0.408 6 3 5 8
0.408 8 6 6 3
0.408 7 5 7 8
0.408 9 7 4 5
0.408 11 7 5 7
0.408 10 2 6 4
0.408 12 6 5 3
0.408 13 7 6 5
0.508 2 7 7 8
0.508 5 5 4 8
0.508 6 4 8 5
0.508 8 7 3 4
0.508 13 9 5 4
0.508 4 6 7 4
0.508 14 4 4 5
0.508 11 8 7 3
0.608 1 8 4 8
0.608 3 8 6 7
0.608 5 7 8 4
0.608 6 10 5 7
0.608 11 9 3 8
0.608 4 12 4 7
0.608 9 8 5 8
0.608 12 8 3 4
0.608 10 9 4 6
0.608 8 10 4 8
0.608 7 5 8 4
0.608 14 11 5 7
0.708 2 6 8 3
0.708 3 9 7 6
0.708 5 13 4 6
0.708 10 9 6 7
0.708 8 11 8 4
0.708 4 11 7 8
0.708 14 12 7 4
0.708 13 11 4 7
0.708 9 10 8 3
0.708 7 15 4 6
0.708 11 9 8 3
0.808 1 8 8 4
0.808 3 10 6 7
0.808 6 10 7 4
0.808 8 16 4 3
0.808 9 11 3 6
0.808 4 12 8 6
0.808 5 11 6 8
0.808 10 13 7 6
0.808 11 12 3 7
0.808 13 14 7 4
0.808 12 14 4 3
0.908 3 15 7 6
0.908 5 13 8 5
0.908 7 12 6 8
0.908 8 13 3 4
0.908 13 20 4 6
0.908 11 16 7 4
0.908 9 13 6 5
0.908 10 15 6 3
0.908 12 14 3 4
1.008 1 18 4 3
1.008 2 10 3 8
1.008 4 14 6 3
1.008 7 14 8 3
1.008 10 15 3 5
1.008 6 19 4 3
1.008 13 17 6 3
1.008 12 23 4 8
1.008 8 21 4 3
1.008 14 17 4 8
1.008 11 22 4 3
1.108 1 16 3 4
1.108 3 16 6 8
1.108 10 14 5 4
1.108 12 16 8 7
1.108 4 17 3 5
1.108 7 18 3 6
1.108 13 20 3 7
1.108 11 22 3 5
1.208 1 24 4 6
1.208 2 15 8 5
1.208 9 13 5 8
1.208 12 17 7 3
1.208 3 18 8 4
1.208 11 16 5 7
1.208 13 18 7 5
1.208 14 17 8 4
1.308 1 19 6 3
1.308 2 17 5 3
1.308 3 26 4 5
1.308 6 19 3 8
1.308 9 19 8 5
1.308 11 19 7 8
1.308 4 15 5 6
1.308 10 25 4 8
1.308 8 21 3 7
1.308 5 12 5 4
1.308 14 27 4 6
1.408 1 24 3 7
1.408 3 19 5 3
1.408 4 20 6 5
1.408 5 28 4 7
1.408 6 20 8 3
1.408 8 20 7 6
1.408 13 18 5 4
1.408 7 18 6 4
1.408 10 22 8 6
1.408 14 21 6 7
1.508 1 21 7 3
1.508 3 26 3 8
1.508 4 21 5 3
1.508 8 22 6 5
1.508 11 21 8 6
1.508 5 22 7 8
1.508 12 23 3 6
1.508 10 23 6 8
1.508 14 23 7 5
1.508 9 20 5 3
1.608 1 28 3 6
1.608 5 24 8 3
1.608 7 30 4 3
1.608 8 22 5 4
1.608 11 24 6 3
1.608 2 25 3 5
1.608 14 23 5 6
1.608 12 25 6 4
1.608 6 27 3 5
1.708 1 26 6 5
1.708 2 24 5 8
1.708 3 23 8 5
1.708 4 29 3 5
1.708 8 31 4 7
1.708 5 31 3 4
1.708 12 32 4 8
1.708 13 29 4 5
1.708 14 27 6 5
1.708 6 25 5 8
1.808 2 26 8 3
1.808 3 27 5 4
1.808 5 33 4 5
1.808 7 32 3 7
1.808 8 24 7 3
1.808 6 28 8 7
1.808 4 28 5 6
1.808 9 30 3 5
1.808 10 25 8 5
1.808 14 30 5 7
1.808 12 27 8 6
1.908 3 34 4 7
1.908 5 31 5 7
1.908 7 25 7 8
1.908 8 35 3 6
1.908 12 29 6 3
1.908 9 32 5 3
1.908 14 27 7 6
1.908 11 33 3 7
1.908 10 33 5 8
2.008 3 28 7 3
2.008 4 28 6 8
2.008 9 37 3 8
2.008 10 30 8 7
2.008 13 29 5 7
2.008 5 29 7 4
2.008 8 30 6 7
2.008 12 36 3 7
2.008 6 26 7 8
2.008 14 31 6 5
2.008 11 30 7 8
2.108 1 26 5 6
2.108 2 34 3 8
2.108 6 33 8 6
2.108 8 33 7 3
2.108 14 34 5 3
2.108 7 29 8 7
2.108 10 31 7 5
2.108 12 34 7 6
2.108 3 38 3 8
2.108 11 34 8 6
2.108 13 32 7 6
2.208 1 32 6 3
2.208 2 35 8 6
2.208 7 35 7 8
2.208 10 35 5 7
2.208 14 40 3 7
2.208 6 33 6 7
2.208 3 36 8 4
2.208 4 31 8 7
2.208 12 34 6 8
2.208 11 35 6 3
2.308 1 41 3 8
2.308 2 37 6 3
2.308 5 35 4 6
2.308 6 38 7 6
2.308 7 37 8 4
2.308 10 36 7 4
2.308 9 32 8 3
2.308 11 42 3 5
2.308 14 37 7 8
2.308 12 38 8 7
2.308 8 39 3 8
2.408 1 39 8 6
2.408 2 43 3 6
2.408 3 36 4 6
2.408 6 39 6 4
2.408 12 40 7 4
2.408 10 38 4 7
2.408 8 41 8 6
2.508 1 40 6 8
2.508 4 39 7 5
2.508 7 37 4 6
2.508 9 44 3 7
2.508 3 42 6 8
2.608 1 42 8 5
2.608 4 37 5 7
2.608 7 44 6 5
2.608 9 42 7 4
2.608 12 40 4 6
2.608 3 43 8 4
2.608 11 36 5 6
2.608 10 41 7 6
2.608 14 40 8 7
2.708 1 38 5 3
2.708 2 41 6 3
2.708 3 42 4 8
2.708 4 43 7 5
2.708 7 39 5 7
2.708 5 38 6 5
2.708 14 44 7 3
2.708 11 46 6 3
2.708 10 47 6 5
2.708 13 36 6 8
2.708 12 45 6 3
2.808 2 46 3 7
2.808 3 44 8 4
2.808 4 40 5 7
2.808 7 45 7 4
2.808 8 43 6 3
2.808 9 41 4 8
2.808 11 48 3 8
2.808 13 45 8 6
2.808 5 41 5 6
2.808 10 42 5 3
2.808 12 49 3 8
2.808 14 47 3 8
2.908 1 45 3 8
2.908 2 46 7 6
2.908 3 43 4 3
2.908 9 46 8 4
2.908 4 47 7 3
2.908 6 39 4 7
2.908 11 47 8 5
2.908 14 49 8 7
2.908 10 51 3 8
2.908 12 48 8 4
3.008 1 50 8 3
3.008 2 50 6 5
3.008 3 52 3 5
3.008 6 48 7 5
3.008 9 45 4 8
3.008 11 43 5 3
3.008 10 51 8 4
3.008 5 49 6 7
3.008 8 50 3 8
3.008 12 46 4 3
3.008 13 48 6 8
3.008 14 49 7 5
3.108 1 54 3 6
3.108 2 44 5 6
3.108 5 50 7 3
3.108 8 53 8 7
3.108 10 47 4 7
3.108 4 53 3 7
3.108 9 52 8 4
3.108 14 47 5 3
3.108 13 54 8 3
3.108 3 45 5 6
3.208 1 51 6 5
3.208 4 53 7 8
3.208 5 57 3 7
3.208 6 46 5 4
3.208 2 52 6 7
3.208 8 51 7 4
3.208 11 55 3 4
3.208 10 52 7 5
3.208 12 56 3 6
3.208 13 59 3 8
3.308 4 55 8 6
3.308 6 49 4 8
3.308 12 54 6 5
3.308 14 58 3 4
3.308 7 44 4 6
3.308 11 51 4 5
3.308 13 56 8 6
3.308 9 48 4 6
3.408 1 48 5 6
3.408 2 55 7 8
3.408 3 53 6 8
3.408 14 52 4 6
3.408 10 49 5 3
3.408 5 54 7 3
3.408 4 55 6 8
3.408 7 56 6 8
3.508 5 61 3 8
3.508 6 57 8 7
3.508 9 58 6 3
3.508 11 51 5 3
3.508 7 61 8 4
3.508 14 60 6 7
3.508 13 57 6 3
3.608 2 58 8 4
3.608 6 56 7 8
3.608 8 50 4 3
3.608 9 62 3 4
3.608 4 60 8 7
3.608 14 57 7 3
3.608 10 60 3 7
3.608 11 63 3 5
3.608 13 64 3 6
3.708 1 59 6 3
3.708 2 54 4 3
3.708 3 59 8 3
3.708 4 58 7 5
3.708 8 65 3 8
3.708 13 61 6 4
3.708 5 62 8 7
3.708 7 53 4 3
3.708 6 63 8 3
3.708 10 59 7 5
3.708 9 55 4 3
3.808 1 67 3 8
3.808 4 53 5 4
3.808 5 60 7 3
3.808 8 64 8 4
3.808 2 68 3 4
3.808 10 54 5 3
3.808 12 50 5 6
3.808 7 70 3 5
3.808 6 71 3 8
3.808 14 66 3 5
3.908 1 65 8 7
3.908 2 59 4 8
3.908 5 73 3 6
3.908 7 55 5 7
3.908 12 62 6 5
3.908 9 72 3 4
3.908 14 56 5 3
3.908 8 58 4 8
4.008 1 61 7 6
4.008 3 69 3 8
4.008 4 57 4 5
4.008 5 63 6 7
4.008 6 66 8 6
4.008 12 57 5 3
4.008 7 62 7 5
4.008 8 68 8 3
4.008 13 56 4 8
4.008 9 60 4 5
4.108 1 64 6 8
4.108 2 67 8 4
4.108 4 58 5 6
4.108 5 63 7 8
4.108 10 74 3 5
4.108 6 65 6 5
4.108 11 52 5 3
4.108 12 76 3 4
4.208 1 71 8 7
4.208 2 61 4 7
4.208 6 62 5 3
4.208 11 78 3 5
4.208 3 69 8 4
4.208 12 62 4 8
4.208 14 75 3 4
4.208 13 70 8 3
4.208 9 60 5 8
4.208 7 59 5 3
4.208 10 61 5 3
4.308 1 64 7 4
4.308 4 66 6 5
4.308 5 72 8 7
4.308 6 79 3 4
4.308 11 63 5 7
4.308 14 64 4 6
4.308 7 81 3 6
4.308 8 77 3 8
4.308 10 82 3 5
4.308 2 65 7 4
4.308 9 74 8 7
4.308 13 80 3 7
4.408 1 65 4 3
4.408 4 64 5 4
4.408 5 66 7 8
4.408 2 67 4 8
4.408 13 69 7 3
4.408 10 65 5 4
4.408 3 63 4 8
4.408 6 66 4 8
4.508 1 83 3 4
4.508 2 77 8 4
4.508 4 68 4 5
4.508 7 68 6 5
4.508 9 68 7 6
4.508 3 78 8 6
4.508 10 69 4 6
4.508 11 67 7 3
4.508 5 76 8 6
4.608 1 70 4 6
4.608 3 70 6 7
4.608 8 75 8 5
4.608 11 85 3 4
4.608 2 71 4 3
4.608 5 72 6 5
4.608 12 73 8 7
4.608 9 69 6 8
4.608 13 84 3 4
4.608 10 71 6 5
4.608 14 67 6 8
4.708 1 73 6 3
4.708 4 66 5 8
4.708 6 79 8 5
4.708 12 71 7 4
4.708 13 73 4 7
4.708 7 67 5 6
4.708 9 80 8 7
4.708 14 81 8 4
4.708 8 68 5 6
4.808 1 87 3 8
4.808 3 70 7 5
4.808 5 69 5 6
4.808 7 74 6 3
4.808 12 74 4 3
4.808 2 86 3 7
4.808 8 75 6 5
4.808 14 75 4 7
4.808 9 73 7 5
4.808 10 70 5 6
4.908 1 83 8 4
4.908 2 74 7 3
4.908 6 71 5 8
4.908 7 88 3 6
4.908 11 72 4 7
4.908 4 82 8 6
4.908 13 72 7 5
4.908 14 75 7 6
4.908 8 73 5 8
