0.109268 9 3 3
0.109268 3 3 4
0.109268 14 4 4
0.109268 6 3 5
0.109268 5 4 6
0.109268 11 5 6
0.109268 8 2 7
0.109268 13 3 7
0.209268 9 2 8
0.209268 1 4 7
0.209268 7 5 7
0.209268 5 5 4
0.209268 8 6 6
0.209268 3 4 5
0.209268 2 5 5
0.209268 12 6 5
0.209268 4 4 3
0.209268 11 5 3
0.209268 13 6 3
0.309268 4 6 7
0.309268 2 6 4
0.309268 9 7 4
0.309268 11 7 5
0.309268 3 3 8
0.309268 13 7 6
0.409268 8 7 3
0.409268 12 8 3
0.409268 6 4 8
0.409268 7 5 8
0.409268 9 8 5
0.409268 13 9 5
0.409268 1 8 4
0.409268 10 9 4
0.409268 2 7 7
0.409268 11 8 7
0.409268 3 8 6
0.509268 6 10 5
0.509268 14 11 5
0.509268 2 6 8
0.509268 5 7 8
0.509268 8 10 4
0.509268 13 11 4
0.509268 4 12 4
0.509268 11 9 3
0.609268 3 9 7
0.609268 6 10 7
0.609268 4 11 7
0.609268 14 12 7
0.609268 10 9 6
0.609268 1 8 8
0.609268 11 9 8
0.609268 9 10 8
0.609268 8 11 8
0.609268 5 13 4
0.609268 12 14 4
0.609268 7 15 4
0.709268 2 10 3
0.709268 9 11 3
0.709268 11 12 3
0.709268 10 13 7
0.709268 13 14 7
0.709268 8 16 4
0.709268 14 17 4
0.709268 3 10 6
0.709268 5 11 6
0.709268 7 12 6
0.709268 4 12 8
0.809268 8 13 3
0.809268 12 14 3
0.809268 3 15 7
0.809268 11 16 7
0.809268 5 13 8
0.809268 1 18 4
0.809268 6 19 4
0.809268 13 20 4
0.809268 9 13 6
0.809268 4 14 6
0.809268 10 15 6
0.909268 5 12 5
0.909268 9 13 5
0.909268 7 14 8
0.909268 8 21 4
0.909268 11 22 4
0.909268 12 23 4
0.909268 3 16 6
0.909268 13 17 6
0.909268 10 15 3
1.00927 2 15 8
1.00927 12 16 8
1.00927 14 17 8
1.00927 1 16 3
1.00927 4 17 3
1.00927 7 18 3
1.00927 6 19 3
1.00927 13 20 3
1.00927 8 21 3
1.00927 11 22 3
1.00927 10 14 5
1.10927 12 17 7
1.10927 13 18 7
1.10927 1 24 4
1.10927 10 25 4
1.10927 4 15 5
1.10927 11 16 5
1.10927 7 18 6
1.10927 3 18 8
1.20927 1 19 6
1.20927 11 19 7
1.20927 3 26 4
1.20927 14 27 4
1.20927 2 17 5
1.20927 13 18 5
1.20927 12 23 3
1.20927 9 19 8
1.30927 5 28 4
1.30927 1 24 3
1.30927 2 25 3
1.30927 3 19 5
1.30927 9 20 5
1.30927 6 20 8
1.30927 11 21 8
1.30927 10 22 8
1.30927 8 20 7
1.30927 4 20 6
1.30927 14 21 6
1.40927 4 21 5
1.40927 13 29 4
1.40927 7 30 4
1.40927 1 21 7
1.40927 5 22 7
1.40927 14 23 7
1.40927 8 22 6
1.40927 10 23 6
1.40927 3 26 3
1.40927 6 27 3
1.50927 3 23 8
1.50927 5 24 8
1.50927 10 25 8
1.50927 8 22 5
1.50927 14 23 5
1.50927 11 24 6
1.50927 12 25 6
1.50927 1 28 3
1.50927 4 29 3
1.50927 9 30 3
1.60927 8 31 4
1.60927 12 32 4
1.60927 1 26 6
1.60927 14 27 6
1.60927 5 31 3
1.60927 7 32 3
1.60927 11 33 3
1.60927 2 24 5
1.60927 6 25 5
1.70927 8 24 7
1.70927 2 26 8
1.70927 12 27 8
1.70927 6 28 8
1.70927 5 33 4
1.70927 1 26 5
1.70927 3 27 5
1.70927 4 28 5
1.70927 13 29 5
1.70927 14 30 5
1.80927 4 28 6
1.80927 12 29 6
1.80927 7 25 7
1.80927 6 26 7
1.80927 14 27 7
1.80927 3 34 4
1.80927 2 34 3
1.80927 8 35 3
1.80927 5 31 5
1.80927 9 32 5
1.80927 10 33 5
1.90927 7 29 8
1.90927 10 30 8
1.90927 3 28 7
1.90927 5 29 7
1.90927 11 30 7
1.90927 8 30 6
1.90927 14 31 6
1.90927 12 36 3
1.90927 9 37 3
2.00927 5 35 4
2.00927 14 34 5
2.00927 4 31 8
2.00927 9 32 8
2.00927 6 33 8
2.00927 11 34 8
2.00927 3 38 3
2.00927 10 31 7
2.00927 13 32 7
2.00927 8 33 7
2.00927 12 34 7
2.10927 1 32 6
2.10927 6 33 6
2.10927 12 34 6
2.10927 11 35 6
2.10927 13 36 6
2.10927 7 35 7
2.10927 8 39 3
2.10927 14 40 3
2.10927 10 35 5
2.10927 2 35 8
2.10927 3 36 8
2.20927 3 36 4
2.20927 1 41 3
2.20927 11 42 3
2.20927 10 36 7
2.20927 14 37 7
2.20927 6 38 7
2.20927 4 39 7
2.20927 7 37 8
2.20927 12 38 8
2.20927 2 37 6
2.30927 11 36 5
2.30927 5 38 6
2.30927 6 39 6
2.30927 7 37 4
2.30927 10 38 4
2.30927 12 40 7
2.30927 1 39 8
2.30927 14 40 8
2.30927 8 41 8
2.30927 2 43 3
2.30927 9 44 3
2.40927 6 39 4
2.40927 12 40 4
2.40927 1 40 6
2.40927 2 41 6
2.40927 3 42 6
2.40927 8 43 6
2.40927 10 41 7
2.50927 1 42 8
2.50927 3 43 8
2.50927 4 37 5
2.50927 7 44 6
2.50927 9 42 7
2.60927 9 41 4
2.60927 3 42 4
2.60927 4 43 7
2.60927 14 44 7
2.60927 1 38 5
2.60927 7 39 5
2.60927 12 45 6
2.60927 11 46 6
2.60927 10 47 6
2.70927 1 45 3
2.70927 2 46 3
2.70927 14 47 3
2.70927 11 48 3
2.70927 12 49 3
2.70927 3 44 8
2.70927 13 45 8
2.70927 4 40 5
2.70927 5 41 5
2.70927 10 42 5
2.70927 7 45 7
2.80927 3 43 4
2.80927 7 44 4
2.80927 2 46 7
2.80927 4 47 7
2.80927 9 46 8
2.80927 11 47 8
2.80927 12 48 8
2.80927 14 49 8
2.80927 13 48 6
2.80927 5 49 6
2.80927 8 50 3
2.80927 10 51 3
2.90927 11 43 5
2.90927 2 50 6
2.90927 9 45 4
2.90927 12 46 4
2.90927 3 52 3
2.90927 4 53 3
2.90927 1 50 8
2.90927 10 51 8
2.90927 6 48 7
2.90927 14 49 7
3.00927 5 50 7
3.00927 1 54 3
3.00927 11 55 3
3.00927 12 56 3
3.00927 2 44 5
3.00927 3 45 5
3.00927 6 46 5
3.00927 14 47 5
3.00927 9 52 8
3.00927 8 53 8
3.00927 13 54 8
3.00927 10 47 4
3.10927 1 51 6
3.10927 2 52 6
3.10927 3 53 6
3.10927 8 51 7
3.10927 10 52 7
3.10927 4 53 7
3.10927 9 48 4
3.10927 5 57 3
3.10927 14 58 3
3.10927 13 59 3
3.20927 4 55 8
3.20927 13 56 8
3.20927 1 48 5
3.20927 10 49 5
3.20927 12 54 6
3.20927 6 49 4
3.20927 8 50 4
3.20927 11 51 4
3.20927 5 54 7
3.20927 2 55 7
3.30927 12 50 5
3.30927 11 51 5
3.30927 4 55 6
3.30927 7 56 6
3.30927 13 57 6
3.30927 9 58 6
3.30927 6 57 8
3.30927 14 52 4
3.40927 10 60 3
3.40927 5 61 3
3.40927 2 58 8
3.40927 3 59 8
3.40927 4 60 8
3.40927 7 61 8
3.40927 1 59 6
3.40927 14 60 6
3.50927 6 56 7
3.50927 14 57 7
3.50927 7 53 4
3.50927 9 62 3
3.50927 11 63 3
3.50927 13 64 3
3.50927 5 62 8
3.60927 13 61 6
3.60927 2 54 4
3.60927 9 55 4
3.60927 11 52 5
3.60927 4 58 7
3.60927 10 59 7
3.60927 6 63 8
3.60927 8 65 3
3.60927 14 66 3
3.70927 13 56 4
3.70927 1 67 3
3.70927 2 68 3
3.70927 3 69 3
3.70927 7 70 3
3.70927 6 71 3
3.70927 9 72 3
3.70927 4 53 5
3.70927 10 54 5
3.70927 8 64 8
3.70927 5 60 7
3.80927 12 62 6
3.80927 4 57 4
3.80927 8 58 4
3.80927 2 59 4
3.80927 1 65 8
3.80927 6 66 8
3.80927 7 55 5
3.80927 14 56 5
3.80927 5 73 3
3.80927 10 74 3
3.90927 1 61 7
3.90927 7 62 7
3.90927 5 63 6
3.90927 14 75 3
3.90927 9 60 4
3.90927 12 57 5
3.90927 2 67 8
3.90927 8 68 8
4.00927 5 63 7
4.00927 4 58 5
4.00927 7 59 5
4.00927 9 60 5
4.00927 1 64 6
4.00927 6 65 6
4.00927 12 76 3
4.00927 8 77 3
4.00927 3 69 8
4.00927 13 70 8
4.10927 2 61 4
4.10927 12 62 4
4.10927 4 66 6
4.10927 10 61 5
4.10927 6 62 5
4.10927 1 71 8
4.10927 5 72 8
4.10927 11 78 3
4.20927 1 64 7
4.20927 2 65 7
4.20927 3 63 4
4.20927 14 64 4
4.20927 6 79 3
4.20927 13 80 3
4.20927 7 81 3
4.20927 10 82 3
4.20927 11 63 5
4.20927 12 73 8
4.20927 9 74 8
4.30927 14 67 6
4.30927 7 68 6
4.30927 5 66 7
4.30927 11 67 7
4.30927 9 68 7
4.30927 13 69 7
4.30927 1 65 4
4.30927 6 66 4
4.30927 2 67 4
4.30927 4 64 5
4.30927 10 65 5
4.30927 8 75 8
4.40927 1 83 3
4.40927 13 84 3
4.40927 5 76 8
4.40927 2 77 8
4.40927 3 78 8
4.40927 6 79 8
4.40927 4 68 4
4.40927 10 69 4
4.50927 4 66 5
4.50927 7 67 5
4.50927 1 70 4
4.50927 2 71 4
4.50927 9 69 6
4.50927 3 70 6
4.50927 10 71 6
4.50927 5 72 6
4.50927 11 85 3
4.60927 3 70 7
4.60927 12 71 7
4.60927 8 68 5
4.60927 5 69 5
4.60927 10 70 5
4.60927 11 72 4
4.60927 13 73 4
4.60927 1 73 6
4.60927 2 86 3
4.60927 9 80 8
4.60927 14 81 8
4.70927 13 72 7
4.70927 9 73 7
4.70927 12 74 4
4.70927 14 75 4
4.70927 7 74 6
4.70927 8 75 6
4.70927 1 87 3
4.70927 4 82 8
4.70927 6 71 5
4.80927 1 83 8
4.80927 2 74 7
4.80927 14 75 7
4.80927 5 76 6
4.80927 10 77 6
4.80927 3 72 5
4.80927 8 73 5
4.80927 9 74 5
4.80927 7 88 3
4.80927 12 89 3
4.90927 13 75 5
4.90927 11 76 7
4.90927 6 84 8
4.90927 8 85 8
4.90927 1 76 4
4.90927 7 78 6
4.90927 4 79 6
4.90927 14 80 6
4.90927 2 90 3
