0.1085 3 1 6 4
0.1085 5 1 5 6
0.1085 6 2 2 5
0.1085 8 1 4 7
0.1085 9 1 8 3
0.1085 11 1 7 6
0.1085 13 3 2 7
0.1085 14 3 6 4
0.2085 1 1 3 7
0.2085 3 3 4 5
0.2085 4 1 2 3
0.2085 5 4 6 4
0.2085 7 2 5 7
0.2085 8 2 7 6
0.2085 2 2 3 5
0.2085 11 5 6 3
0.2085 13 3 7 3
0.2085 9 3 3 8
0.2085 12 2 4 5
0.3085 2 5 5 4
0.3085 4 4 3 7
0.3085 9 2 8 4
0.3085 3 4 5 8
0.3085 11 5 3 5
0.3085 13 6 3 6
0.4085 1 4 7 4
0.4085 2 6 4 7
0.4085 3 3 8 6
0.4085 6 3 5 8
0.4085 8 6 6 3
0.4085 7 5 7 8
0.4085 9 7 4 5
0.4085 11 7 5 7
0.4085 10 2 6 4
0.4085 12 6 5 3
0.4085 13 7 6 5
0.5085 2 7 7 8
0.5085 5 5 4 8
0.5085 6 4 8 5
0.5085 8 7 3 4
0.5085 13 9 5 4
0.5085 4 6 7 4
0.5085 14 4 4 5
0.5085 11 8 7 3
0.6085 1 8 4 8
0.6085 3 8 6 7
0.6085 5 7 8 4
0.6085 6 10 5 7
0.6085 11 9 3 8
0.6085 4 12 4 7
0.6085 9 8 5 8
0.6085 12 8 3 4
0.6085 10 9 4 6
0.6085 8 10 4 8
0.6085 7 5 8 4
0.6085 14 11 5 7
0.7085 2 6 8 3
0.7085 3 9 7 6
0.7085 5 13 4 6
0.7085 10 9 6 7
0.7085 8 11 8 4
0.7085 4 11 7 8
0.7085 14 12 7 4
0.7085 13 11 4 7
0.7085 9 10 8 3
0.7085 7 15 4 6
0.7085 11 9 8 3
0.8085 1 8 8 4
0.8085 3 10 6 7
0.8085 6 10 7 4
0.8085 8 16 4 3
0.8085 9 11 3 6
0.8085 4 12 8 6
0.8085 5 11 6 8
0.8085 10 13 7 6
0.8085 11 12 3 7
0.8085 13 14 7 4
0.8085 12 14 4 3
0.9085 3 15 7 6
0.9085 5 13 8 5
0.9085 7 12 6 8
0.9085 8 13 3 4
0.9085 13 20 4 6
0.9085 11 16 7 4
0.9085 9 13 6 5
0.9085 10 15 6 3
0.9085 12 14 3 4
1.0085 1 18 4 3
1.0085 2 10 3 8
1.0085 4 14 6 3
1.0085 7 14 8 3
1.0085 10 15 3 5
1.0085 6 19 4 3
1.0085 13 17 6 3
1.0085 12 23 4 8
1.0085 8 21 4 3
1.0085 14 17 4 8
1.0085 11 22 4 3
1.1085 1 16 3 4
1.1085 3 16 6 8
1.1085 10 14 5 4
1.1085 12 16 8 7
1.1085 4 17 3 5
1.1085 7 18 3 6
1.1085 13 20 3 7
1.1085 11 22 3 5
1.2085 1 24 4 6
1.2085 2 15 8 5
1.2085 9 13 5 8
1.2085 12 17 7 3
1.2085 3 18 8 4
1.2085 11 16 5 7
1.2085 13 18 7 5
1.2085 14 17 8 4
1.3085 1 19 6 3
1.3085 2 17 5 3
1.3085 3 26 4 5
1.3085 6 19 3 8
1.3085 9 19 8 5
1.3085 11 19 7 8
1.3085 4 15 5 6
1.3085 10 25 4 8
1.3085 8 21 3 7
1.3085 5 12 5 4
1.3085 14 27 4 6
1.4085 1 24 3 7
1.4085 3 19 5 3
1.4085 4 20 6 5
1.4085 5 28 4 7
1.4085 6 20 8 3
1.4085 8 20 7 6
1.4085 13 18 5 4
1.4085 7 18 6 4
1.4085 10 22 8 6
1.4085 14 21 6 7
1.5085 1 21 7 3
1.5085 3 26 3 8
1.5085 4 21 5 3
1.5085 8 22 6 5
1.5085 11 21 8 6
1.5085 5 22 7 8
1.5085 12 23 3 6
1.5085 10 23 6 8
1.5085 14 23 7 5
1.5085 9 20 5 3
1.6085 1 28 3 6
1.6085 5 24 8 3
1.6085 7 30 4 3
1.6085 8 22 5 4
1.6085 11 24 6 3
1.6085 2 25 3 5
1.6085 14 23 5 6
1.6085 12 25 6 4
1.6085 6 27 3 5
1.7085 1 26 6 5
1.7085 2 24 5 8
1.7085 3 23 8 5
1.7085 4 29 3 5
1.7085 8 31 4 7
1.7085 5 31 3 4
1.7085 12 32 4 8
1.7085 13 29 4 5
1.7085 14 27 6 5
1.7085 6 25 5 8
1.8085 2 26 8 3
1.8085 3 27 5 4
1.8085 5 33 4 5
1.8085 7 32 3 7
1.8085 8 24 7 3
1.8085 6 28 8 7
1.8085 4 28 5 6
1.8085 9 30 3 5
1.8085 10 25 8 5
1.8085 14 30 5 7
1.8085 12 27 8 6
1.9085 3 34 4 7
1.9085 5 31 5 7
1.9085 7 25 7 8
1.9085 8 35 3 6
1.9085 12 29 6 3
1.9085 9 32 5 3
1.9085 14 27 7 6
1.9085 11 33 3 7
1.9085 10 33 5 8
2.0085 3 28 7 3
2.0085 4 28 6 8
2.0085 9 37 3 8
2.0085 10 30 8 7
2.0085 13 29 5 7
2.0085 5 29 7 4
2.0085 8 30 6 7
2.0085 12 36 3 7
2.0085 6 26 7 8
2.0085 14 31 6 5
2.0085 11 30 7 8
2.1085 1 26 5 6
2.1085 2 34 3 8
2.1085 6 33 8 6
2.1085 8 33 7 3
2.1085 14 34 5 3
2.1085 7 29 8 7
2.1085 10 31 7 5
2.1085 12 34 7 6
2.1085 3 38 3 8
2.1085 11 34 8 6
2.1085 13 32 7 6
2.2085 1 32 6 3
2.2085 2 35 8 6
2.2085 7 35 7 8
2.2085 10 35 5 7
2.2085 14 40 3 7
2.2085 6 33 6 7
2.2085 3 36 8 4
2.2085 4 31 8 7
2.2085 12 34 6 8
2.2085 11 35 6 3
2.3085 1 41 3 8
2.3085 2 37 6 3
2.3085 5 35 4 6
2.3085 6 38 7 6
2.3085 7 37 8 4
2.3085 10 36 7 4
2.3085 9 32 8 3
2.3085 11 42 3 5
2.3085 14 37 7 8
2.3085 12 38 8 7
2.3085 8 39 3 8
2.4085 1 39 8 6
2.4085 2 43 3 6
2.4085 3 36 4 6
2.4085 6 39 6 4
2.4085 12 40 7 4
2.4085 10 38 4 7
2.4085 8 41 8 6
2.5085 1 40 6 8
2.5085 4 39 7 5
2.5085 7 37 4 6
2.5085 9 44 3 7
2.5085 3 42 6 8
2.6085 1 42 8 5
2.6085 4 37 5 7
2.6085 7 44 6 5
2.6085 9 42 7 4
2.6085 12 40 4 6
2.6085 3 43 8 4
2.6085 11 36 5 6
2.6085 10 41 7 6
2.6085 14 40 8 7
2.7085 1 38 5 3
2.7085 2 41 6 3
2.7085 3 42 4 8
2.7085 4 43 7 5
2.7085 7 39 5 7
2.7085 5 38 6 5
2.7085 14 44 7 3
2.7085 11 46 6 3
2.7085 10 47 6 5
2.7085 13 36 6 8
2.7085 12 45 6 3
2.8085 2 46 3 7
2.8085 3 44 8 4
2.8085 4 40 5 7
2.8085 7 45 7 4
2.8085 8 43 6 3
2.8085 9 41 4 8
2.8085 11 48 3 8
2.8085 13 45 8 6
2.8085 5 41 5 6
2.8085 10 42 5 3
2.8085 12 49 3 8
2.8085 14 47 3 8
2.9085 1 45 3 8
2.9085 2 46 7 6
2.9085 3 43 4 3
2.9085 9 46 8 4
2.9085 4 47 7 3
2.9085 6 39 4 7
2.9085 11 47 8 5
2.9085 14 49 8 7
2.9085 10 51 3 8
2.9085 12 48 8 4
3.0085 1 50 8 3
3.0085 2 50 6 5
3.0085 3 52 3 5
3.0085 6 48 7 5
3.0085 9 45 4 8
3.0085 11 43 5 3
3.0085 10 51 8 4
3.0085 5 49 6 7
3.0085 8 50 3 8
3.0085 12 46 4 3
3.0085 13 48 6 8
3.0085 14 49 7 5
3.1085 1 54 3 6
3.1085 2 44 5 6
3.1085 5 50 7 3
3.1085 8 53 8 7
3.1085 10 47 4 7
3.1085 4 53 3 7
3.1085 9 52 8 4
3.1085 14 47 5 3
3.1085 13 54 8 3
3.1085 3 45 5 6
3.2085 1 51 6 5
3.2085 4 53 7 8
3.2085 5 57 3 7
3.2085 6 46 5 4
3.2085 2 52 6 7
3.2085 8 51 7 4
3.2085 11 55 3 4
3.2085 10 52 7 5
3.2085 12 56 3 6
3.2085 13 59 3 8
3.3085 4 55 8 6
3.3085 6 49 4 8
3.3085 12 54 6 5
3.3085 14 58 3 4
3.3085 7 44 4 6
3.3085 11 51 4 5
3.3085 13 56 8 6
3.3085 9 48 4 6
3.4085 1 48 5 6
3.4085 2 55 7 8
3.4085 3 53 6 8
3.4085 14 52 4 6
3.4085 10 49 5 3
3.4085 5 54 7 3
3.4085 4 55 6 8
3.4085 7 56 6 8
3.5085 5 61 3 8
3.5085 6 57 8 7
3.5085 9 58 6 3
3.5085 11 51 5 3
3.5085 7 61 8 4
3.5085 14 60 6 7
3.5085 13 57 6 3
3.6085 2 58 8 4
3.6085 6 56 7 8
3.6085 8 50 4 3
3.6085 9 62 3 4
3.6085 4 60 8 7
3.6085 14 57 7 3
3.6085 10 60 3 7
3.6085 11 63 3 5
3.6085 13 64 3 6
3.7085 1 59 6 3
3.7085 2 54 4 3
3.7085 3 59 8 3
3.7085 4 58 7 5
3.7085 8 65 3 8
3.7085 13 61 6 4
3.7085 5 62 8 7
3.7085 7 53 4 3
3.7085 6 63 8 3
3.7085 10 59 7 5
3.7085 9 55 4 3
3.8085 1 67 3 8
3.8085 4 53 5 4
3.8085 5 60 7 3
3.8085 8 64 8 4
3.8085 2 68 3 4
3.8085 10 54 5 3
3.8085 12 50 5 6
3.8085 7 70 3 5
3.8085 6 71 3 8
3.8085 14 66 3 5
3.9085 1 65 8 7
3.9085 2 59 4 8
3.9085 5 73 3 6
3.9085 7 55 5 7
3.9085 12 62 6 5
3.9085 9 72 3 4
3.9085 14 56 5 3
3.9085 8 58 4 8
4.0085 1 61 7 6
4.0085 3 69 3 8
4.0085 4 57 4 5
4.0085 5 63 6 7
4.0085 6 66 8 6
4.0085 12 57 5 3
4.0085 7 62 7 5
4.0085 8 68 8 3
4.0085 13 56 4 8
4.0085 9 60 4 5
4.1085 1 64 6 8
4.1085 2 67 8 4
4.1085 4 58 5 6
4.1085 5 63 7 8
4.1085 10 74 3 5
4.1085 6 65 6 5
4.1085 11 52 5 3
4.1085 12 76 3 4
4.2085 1 71 8 7
4.2085 2 61 4 7
4.2085 6 62 5 3
4.2085 11 78 3 5
4.2085 3 69 8 4
4.2085 12 62 4 8
4.2085 14 75 3 4
4.2085 13 70 8 3
4.2085 9 60 5 8
4.2085 7 59 5 3
4.2085 10 61 5 3
4.3085 1 64 7 4
4.3085 4 66 6 5
4.3085 5 72 8 7
4.3085 6 79 3 4
4.3085 11 63 5 7
4.3085 14 64 4 6
4.3085 7 81 3 6
4.3085 8 77 3 8
4.3085 10 82 3 5
4.3085 2 65 7 4
4.3085 9 74 8 7
4.3085 13 80 3 7
4.4085 1 65 4 3
4.4085 4 64 5 4
4.4085 5 66 7 8
4.4085 2 67 4 8
4.4085 13 69 7 3
4.4085 10 65 5 4
4.4085 3 63 4 8
4.4085 6 66 4 8
4.5085 1 83 3 4
4.5085 2 77 8 4
4.5085 4 68 4 5
4.5085 7 68 6 5
4.5085 9 68 7 6
4.5085 3 78 8 6
4.5085 10 69 4 6
4.5085 11 67 7 3
4.5085 5 76 8 6
4.6085 1 70 4 6
4.6085 3 70 6 7
4.6085 8 75 8 5
4.6085 11 85 3 4
4.6085 2 71 4 3
4.6085 5 72 6 5
4.6085 12 73 8 7
4.6085 9 69 6 8
4.6085 13 84 3 4
4.6085 10 71 6 5
4.6085 14 67 6 8
4.7085 1 73 6 3
4.7085 4 66 5 8
4.7085 6 79 8 5
4.7085 12 71 7 4
4.7085 13 73 4 7
4.7085 7 67 5 6
4.7085 9 80 8 7
4.7085 14 81 8 4
4.7085 8 68 5 6
4.8085 1 87 3 8
4.8085 3 70 7 5
4.8085 5 69 5 6
4.8085 7 74 6 3
4.8085 12 74 4 3
4.8085 2 86 3 7
4.8085 8 75 6 5
4.8085 14 75 4 7
4.8085 9 73 7 5
4.8085 10 70 5 6
4.9085 1 83 8 4
4.9085 2 74 7 3
4.9085 6 71 5 8
4.9085 7 88 3 6
4.9085 11 72 4 7
4.9085 4 82 8 6
4.9085 13 72 7 5
4.9085 14 75 7 6
4.9085 8 73 5 8
