% start	end	CellId	IMSI	RNTI	LCID	nTxPDUs	TxBytes	nRxPDUs	RxBytes	delay	stdDev	min	max	PduSize	stdDev	min	max
0.1	0.2	1	1	1	3	11	24	11	24	0	0	0	0	2.18182	0.603023	2	4	
0.1	0.2	3	2	2	3	11	30	11	30	0	0	0	0	2.72727	1.00905	2	4	
0.1	0.2	1	3	8	3	6	12	6	12	0	0	0	0	2	0	2	2	
0.1	0.2	2	4	1	3	11	26	11	26	0	0	0	0	2.36364	0.80904	2	4	
0.1	0.2	1	5	4	3	3	6	3	6	0	0	0	0	2	0	2	2	
0.1	0.2	1	6	2	3	3	6	3	6	0	0	0	0	2	0	2	2	
0.1	0.2	5	7	2	3	9	22	9	22	0	0	0	0	2.44444	0.881917	2	4	
0.1	0.2	1	8	2	3	3	6	3	6	0	0	0	0	2	0	2	2	
0.1	0.2	3	9	3	3	11	32	11	32	0	0	0	0	2.90909	1.04447	2	4	
0.1	0.2	1	10	2	3	11	32	10	28	0	0	0	0	2.8	1.0328	2	4	
0.1	0.2	6	11	5	3	7	18	6	14	0	0	0	0	2.33333	0.816497	2	4	
0.1	0.2	1	12	5	3	7	14	7	14	0	0	0	0	2	0	2	2	
0.1	0.2	1	13	3	3	3	6	3	6	0	0	0	0	2	0	2	2	
0.1	0.2	1	14	10	3	3	6	3	6	0	0	0	0	2	0	2	2	
0.2	0.3	1	1	4	3	15	34	15	34	0	0	0	0	2.26667	0.703732	2	4	
0.2	0.3	5	2	5	3	19	52	16	42	0	0	0	0	2.625	0.957427	2	4	
0.2	0.3	1	3	8	3	12	24	11	22	0	0	0	0	2	0	2	2	
0.2	0.3	1	4	1	3	16	36	16	36	0	0	0	0	2.25	0.68313	2	4	
0.2	0.3	1	5	5	3	7	14	6	12	0	0	0	0	2	0	2	2	
0.2	0.3	1	6	2	3	7	14	7	14	0	0	0	0	2	0	2	2	
0.2	0.3	1	7	9	3	15	34	14	32	0	0	0	0	2.28571	0.726273	2	4	
0.2	0.3	1	8	6	3	6	12	6	12	0	0	0	0	2	0	2	2	
0.2	0.3	1	9	2	3	24	60	24	60	0	0	0	0	2.5	0.884652	2	4	
0.2	0.3	6	10	2	3	23	74	22	70	0	0	0	0	3.18182	1.00647	2	4	
0.2	0.3	3	11	5	3	13	30	11	26	0	0	0	0	2.36364	0.80904	2	4	
0.2	0.3	1	12	5	3	14	32	12	24	0	0	0	0	2	0	2	2	
0.2	0.3	1	13	3	3	11	22	11	22	0	0	0	0	2	0	2	2	
0.2	0.3	1	14	10	3	7	14	6	12	0	0	0	0	2	0	2	2	
0.3	0.4	1	1	14	3	19	42	19	42	0	0	0	0	2.21053	0.630604	2	4	
0.3	0.4	1	2	6	3	22	58	19	48	0	0	0	0	2.52632	0.904828	2	4	
0.3	0.4	1	3	8	3	15	30	15	30	0	0	0	0	2	0	2	2	
0.3	0.4	7	4	6	3	23	50	23	50	0	0	0	0	2.17391	0.576208	2	4	
0.3	0.4	1	5	7	3	10	20	10	20	0	0	0	0	2	0	2	2	
0.3	0.4	1	6	2	3	10	20	10	20	0	0	0	0	2	0	2	2	
0.3	0.4	1	7	9	3	20	48	19	44	0	0	0	0	2.31579	0.749269	2	4	
0.3	0.4	1	8	13	3	10	20	10	20	0	0	0	0	2	0	2	2	
0.3	0.4	4	9	6	3	31	80	30	76	0	0	0	0	2.53333	0.899553	2	4	
0.3	0.4	6	10	2	3	36	118	35	114	0	0	0	0	3.25714	0.980482	2	4	
0.3	0.4	1	11	7	3	17	38	15	34	0	0	0	0	2.26667	0.703732	2	4	
0.3	0.4	5	12	5	3	19	46	17	38	0	0	0	0	2.23529	0.664211	2	4	
0.3	0.4	1	13	7	3	14	28	14	28	0	0	0	0	2	0	2	2	
0.3	0.4	1	14	10	3	10	20	10	20	0	0	0	0	2	0	2	2	
0.4	0.5	1	1	14	3	25	56	24	54	0	0	0	0	2.25	0.675664	2	4	
0.4	0.5	1	2	7	3	26	66	23	56	0	0	0	0	2.43478	0.843482	2	4	
0.4	0.5	1	3	8	3	26	58	26	58	0	0	0	0	2.23077	0.651625	2	4	
0.4	0.5	1	4	1	3	30	68	30	68	0	0	0	0	2.26667	0.691492	2	4	
0.4	0.5	1	5	7	3	14	28	14	28	0	0	0	0	2	0	2	2	
0.4	0.5	8	6	4	3	23	58	23	58	0	0	0	0	2.52174	0.897956	2	4	
0.4	0.5	1	7	9	3	24	56	23	52	0	0	0	0	2.26087	0.6887	2	4	
0.4	0.5	1	8	7	3	17	38	16	36	0	0	0	0	2.25	0.68313	2	4	
0.4	0.5	1	9	8	3	35	88	34	84	0	0	0	0	2.47059	0.861123	2	4	
0.4	0.5	1	10	11	3	41	130	39	124	0	0	0	0	3.17949	0.99662	2	4	
0.4	0.5	1	11	12	3	26	58	23	52	0	0	0	0	2.26087	0.6887	2	4	
0.4	0.5	3	12	8	3	27	68	25	60	0	0	0	0	2.4	0.816497	2	4	
0.4	0.5	1	13	9	3	18	36	18	36	0	0	0	0	2	0	2	2	
0.4	0.5	1	14	10	3	14	28	14	28	0	0	0	0	2	0	2	2	
0.5	0.6	1	1	8	3	31	74	31	74	0	0	0	0	2.3871	0.803219	2	4	
0.5	0.6	8	2	6	3	38	92	34	80	0	0	0	0	2.35294	0.773906	2	4	
0.5	0.6	6	3	8	3	38	100	38	100	0	0	0	0	2.63158	0.942138	2	4	
0.5	0.6	1	4	12	3	33	74	33	74	0	0	0	0	2.24242	0.662868	2	4	
0.5	0.6	1	5	7	3	17	34	17	34	0	0	0	0	2	0	2	2	
0.5	0.6	1	6	2	3	27	66	26	64	0	0	0	0	2.46154	0.859338	2	4	
0.5	0.6	1	7	9	3	27	62	26	58	0	0	0	0	2.23077	0.651625	2	4	
0.5	0.6	4	8	10	3	25	56	25	56	0	0	0	0	2.24	0.663325	2	4	
0.5	0.6	5	9	6	3	41	104	40	100	0	0	0	0	2.5	0.877058	2	4	
0.5	0.6	1	10	11	3	44	136	43	132	0	0	0	0	3.06977	1.00937	2	4	
0.5	0.6	3	11	12	3	33	72	31	68	0	0	0	0	2.19355	0.601074	2	4	
0.5	0.6	1	12	8	3	31	76	29	68	0	0	0	0	2.34483	0.768852	2	4	
0.5	0.6	1	13	3	3	22	44	21	42	0	0	0	0	2	0	2	2	
0.5	0.6	5	14	11	3	26	64	26	64	0	0	0	0	2.46154	0.859338	2	4	
0.6	0.7	1	1	14	3	37	88	36	86	0	0	0	0	2.38889	0.802773	2	4	
0.6	0.7	8	2	6	3	51	122	46	108	0	0	0	0	2.34783	0.766446	2	4	
0.6	0.7	1	3	9	3	42	108	42	108	0	0	0	0	2.57143	0.91446	2	4	
0.6	0.7	1	4	11	3	39	88	39	88	0	0	0	0	2.25641	0.677377	2	4	
0.6	0.7	4	5	13	3	22	44	21	42	0	0	0	0	2	0	2	2	
0.6	0.7	7	6	10	3	33	82	33	82	0	0	0	0	2.48485	0.870388	2	4	
0.6	0.7	4	7	15	3	35	84	33	76	0	0	0	0	2.30303	0.728219	2	4	
0.6	0.7	1	8	13	3	34	78	34	78	0	0	0	0	2.29412	0.718981	2	4	
0.6	0.7	8	9	10	3	54	144	53	140	0	0	0	0	2.64151	0.942467	2	4	
0.6	0.7	6	10	9	3	57	162	55	156	0	0	0	0	2.83636	0.995613	2	4	
0.6	0.7	1	11	12	3	38	82	35	76	0	0	0	0	2.17143	0.568057	2	4	
0.6	0.7	4	12	14	3	44	114	42	106	0	0	0	0	2.52381	0.890001	2	4	
0.6	0.7	1	13	3	3	26	52	26	52	0	0	0	0	2	0	2	2	
0.6	0.7	1	14	12	3	31	74	31	74	0	0	0	0	2.3871	0.803219	2	4	
0.7	0.8	1	1	14	3	41	98	40	96	0	0	0	0	2.4	0.810191	2	4	
0.7	0.8	1	2	4	3	60	140	54	124	0	0	0	0	2.2963	0.717165	2	4	
0.7	0.8	6	3	10	3	54	142	53	138	0	0	0	0	2.60377	0.926939	2	4	
0.7	0.8	8	4	12	3	53	130	52	128	0	0	0	0	2.46154	0.850871	2	4	
0.7	0.8	1	5	11	3	25	50	24	48	0	0	0	0	2	0	2	2	
0.7	0.8	1	6	2	3	37	90	37	90	0	0	0	0	2.43243	0.834684	2	4	
0.7	0.8	6	7	12	3	47	120	45	112	0	0	0	0	2.48889	0.869227	2	4	
0.7	0.8	4	8	16	3	46	104	45	102	0	0	0	0	2.26667	0.687552	2	4	
0.7	0.8	3	9	6	3	63	168	61	162	0	0	0	0	2.65574	0.946665	2	4	
0.7	0.8	1	10	13	3	63	176	61	170	0	0	0	0	2.78689	0.985135	2	4	
0.7	0.8	3	11	12	3	45	100	42	94	0	0	0	0	2.2381	0.65554	2	4	
0.7	0.8	1	12	5	3	48	122	45	112	0	0	0	0	2.48889	0.869227	2	4	
0.7	0.8	1	13	3	3	30	60	30	60	0	0	0	0	2	0	2	2	
0.7	0.8	1	14	17	3	35	82	35	82	0	0	0	0	2.34286	0.764771	2	4	
0.8	0.9	1	1	14	3	47	110	46	108	0	0	0	0	2.34783	0.766446	2	4	
0.8	0.9	3	2	4	3	69	164	64	150	0	0	0	0	2.34375	0.760508	2	4	
0.8	0.9	1	3	15	3	59	154	58	150	0	0	0	0	2.58621	0.918322	2	4	
0.8	0.9	6	4	1	3	61	148	59	142	0	0	0	0	2.40678	0.81195	2	4	
0.8	0.9	1	5	13	3	29	58	28	56	0	0	0	0	2	0	2	2	
0.8	0.9	4	6	2	3	44	110	44	110	0	0	0	0	2.5	0.876038	2	4	
0.8	0.9	6	7	12	3	60	164	57	152	0	0	0	0	2.66667	0.95119	2	4	
0.8	0.9	1	8	13	3	57	128	56	126	0	0	0	0	2.25	0.667424	2	4	
0.8	0.9	6	9	13	3	67	176	66	172	0	0	0	0	2.60606	0.92618	2	4	
0.8	0.9	6	10	15	3	76	208	74	202	0	0	0	0	2.72973	0.969356	2	4	
0.8	0.9	7	11	16	3	58	126	55	120	0	0	0	0	2.18182	0.580259	2	4	
0.8	0.9	3	12	14	3	58	150	56	142	0	0	0	0	2.53571	0.893701	2	4	
0.8	0.9	1	13	3	3	37	78	37	78	0	0	0	0	2.10811	0.458487	2	4	
0.8	0.9	1	14	10	3	39	90	39	90	0	0	0	0	2.30769	0.731036	2	4	
0.9	1	4	1	18	3	52	124	51	122	0	0	0	0	2.39216	0.801958	2	4	
0.9	1	1	2	10	3	79	190	74	176	0	0	0	0	2.37838	0.788665	2	4	
0.9	1	6	3	16	3	72	188	70	182	0	0	0	0	2.6	0.923133	2	4	
0.9	1	1	4	1	3	68	162	65	154	0	0	0	0	2.36923	0.782009	2	4	
0.9	1	5	5	12	3	42	84	39	78	0	0	0	0	2	0	2	2	
0.9	1	1	6	19	3	52	128	52	128	0	0	0	0	2.46154	0.850871	2	4	
0.9	1	1	7	9	3	65	176	61	162	0	0	0	0	2.65574	0.946665	2	4	
0.9	1	4	8	21	3	67	150	66	148	0	0	0	0	2.24242	0.657749	2	4	
0.9	1	1	9	6	3	71	184	70	180	0	0	0	0	2.57143	0.910032	2	4	
0.9	1	1	10	15	3	80	216	78	210	0	0	0	0	2.69231	0.957644	2	4	
0.9	1	1	11	22	3	61	132	58	126	0	0	0	0	2.17241	0.566241	2	4	
0.9	1	1	12	5	3	64	164	62	156	0	0	0	0	2.51613	0.882283	2	4	
0.9	1	1	13	3	3	42	88	42	88	0	0	0	0	2.09524	0.431081	2	4	
0.9	1	1	14	10	3	43	98	42	96	0	0	0	0	2.28571	0.708338	2	4	
1	1.1	3	1	16	3	66	158	65	156	0	0	0	0	2.4	0.806226	2	4	
1	1.1	8	2	15	3	91	220	86	206	0	0	0	0	2.39535	0.801162	2	4	
1	1.1	6	3	16	3	84	220	82	212	0	0	0	0	2.58537	0.915588	2	4	
1	1.1	1	4	1	3	71	168	68	160	0	0	0	0	2.35294	0.768109	2	4	
1	1.1	5	5	12	3	54	108	51	102	0	0	0	0	2	0	2	2	
1	1.1	3	6	19	3	60	150	60	150	0	0	0	0	2.5	0.873334	2	4	
1	1.1	1	7	18	3	68	182	65	170	0	0	0	0	2.61538	0.930261	2	4	
1	1.1	3	8	21	3	76	170	75	168	0	0	0	0	2.24	0.6543	2	4	
1	1.1	1	9	6	3	74	190	73	186	0	0	0	0	2.54795	0.898163	2	4	
1	1.1	1	10	14	3	86	228	84	222	0	0	0	0	2.64286	0.93966	2	4	
1	1.1	1	11	12	3	68	146	65	140	0	0	0	0	2.15385	0.537086	2	4	
1	1.1	8	12	16	3	74	188	72	180	0	0	0	0	2.5	0.872103	2	4	
1	1.1	3	13	20	3	49	102	48	100	0	0	0	0	2.08333	0.403882	2	4	
1	1.1	1	14	17	3	46	104	46	104	0	0	0	0	2.26087	0.681005	2	4	
1.1	1.2	1	1	24	3	78	182	75	176	0	0	0	0	2.34667	0.762169	2	4	
1.1	1.2	8	2	15	3	104	264	99	250	0	0	0	0	2.52525	0.884601	2	4	
1.1	1.2	1	3	8	3	89	232	87	224	0	0	0	0	2.57471	0.910305	2	4	
1.1	1.2	5	4	15	3	77	182	73	170	0	0	0	0	2.32877	0.746376	2	4	
1.1	1.2	5	5	12	3	67	134	64	128	0	0	0	0	2	0	2	2	
1.1	1.2	1	6	2	3	67	170	67	170	0	0	0	0	2.53731	0.893213	2	4	
1.1	1.2	1	7	9	3	77	204	74	192	0	0	0	0	2.59459	0.920377	2	4	
1.1	1.2	1	8	13	3	83	184	81	180	0	0	0	0	2.22222	0.632456	2	4	
1.1	1.2	1	9	13	3	78	198	77	194	0	0	0	0	2.51948	0.882735	2	4	
1.1	1.2	1	10	11	3	90	236	87	228	0	0	0	0	2.62069	0.930633	2	4	
1.1	1.2	1	11	12	3	75	160	71	152	0	0	0	0	2.14085	0.515358	2	4	
1.1	1.2	1	12	17	3	79	198	77	190	0	0	0	0	2.46753	0.852001	2	4	
1.1	1.2	1	13	18	3	53	110	53	110	0	0	0	0	2.07547	0.38476	2	4	
1.1	1.2	1	14	10	3	50	112	50	112	0	0	0	0	2.24	0.656521	2	4	
1.2	1.3	1	1	19	3	82	190	80	186	0	0	0	0	2.325	0.742473	2	4	
1.2	1.3	5	2	17	3	109	276	104	262	0	0	0	0	2.51923	0.881093	2	4	
1.2	1.3	1	3	26	3	92	238	90	230	0	0	0	0	2.55556	0.900825	2	4	
1.2	1.3	1	4	1	3	81	192	77	180	0	0	0	0	2.33766	0.754118	2	4	
1.2	1.3	5	5	12	3	78	156	75	150	0	0	0	0	2	0	2	2	
1.2	1.3	1	6	2	3	75	194	74	192	0	0	0	0	2.59459	0.920377	2	4	
1.2	1.3	1	7	9	3	86	232	83	220	0	0	0	0	2.6506	0.942671	2	4	
1.2	1.3	3	8	21	3	90	200	89	198	0	0	0	0	2.22472	0.635195	2	4	
1.2	1.3	8	9	19	3	90	222	89	218	0	0	0	0	2.44944	0.839524	2	4	
1.2	1.3	1	10	11	3	93	242	91	236	0	0	0	0	2.59341	0.918671	2	4	
1.2	1.3	7	11	19	3	85	190	82	184	0	0	0	0	2.2439	0.658486	2	4	
1.2	1.3	1	12	23	3	85	212	83	204	0	0	0	0	2.45783	0.845378	2	4	
1.2	1.3	1	13	3	3	57	118	56	116	0	0	0	0	2.07143	0.374513	2	4	
1.2	1.3	1	14	10	3	53	118	53	118	0	0	0	0	2.22642	0.639757	2	4	
1.3	1.4	1	1	24	3	95	224	93	220	0	0	0	0	2.36559	0.777188	2	4	
1.3	1.4	3	2	25	3	116	290	111	276	0	0	0	0	2.48649	0.861973	2	4	
1.3	1.4	5	3	19	3	99	256	97	248	0	0	0	0	2.5567	0.90103	2	4	
1.3	1.4	1	4	20	3	85	200	81	188	0	0	0	0	2.32099	0.738701	2	4	
1.3	1.4	1	5	28	3	83	166	80	160	0	0	0	0	2	0	2	2	
1.3	1.4	8	6	20	3	87	230	87	230	0	0	0	0	2.64368	0.93978	2	4	
1.3	1.4	6	7	18	3	96	264	93	252	0	0	0	0	2.70968	0.962115	2	4	
1.3	1.4	1	8	13	3	94	208	93	206	0	0	0	0	2.21505	0.622922	2	4	
1.3	1.4	1	9	20	3	95	232	94	228	0	0	0	0	2.42553	0.822916	2	4	
1.3	1.4	1	10	22	3	101	262	99	256	0	0	0	0	2.58586	0.914845	2	4	
1.3	1.4	1	11	12	3	89	198	86	192	0	0	0	0	2.23256	0.644879	2	4	
1.3	1.4	1	12	5	3	90	224	87	212	0	0	0	0	2.43678	0.831098	2	4	
1.3	1.4	1	13	3	3	60	124	60	124	0	0	0	0	2.06667	0.362041	2	4	
1.3	1.4	1	14	21	3	62	140	62	140	0	0	0	0	2.25806	0.675945	2	4	
1.4	1.5	1	1	14	3	98	230	96	226	0	0	0	0	2.35417	0.767486	2	4	
1.4	1.5	1	2	4	3	125	318	119	302	0	0	0	0	2.53782	0.890533	2	4	
1.4	1.5	3	3	26	3	106	272	104	264	0	0	0	0	2.53846	0.891416	2	4	
1.4	1.5	5	4	1	3	93	222	88	208	0	0	0	0	2.36364	0.77581	2	4	
1.4	1.5	7	5	22	3	89	180	86	174	0	0	0	0	2.02326	0.215666	2	4	
1.4	1.5	1	6	27	3	99	262	99	262	0	0	0	0	2.64646	0.940182	2	4	
1.4	1.5	1	7	30	3	99	270	96	258	0	0	0	0	2.6875	0.954904	2	4	
1.4	1.5	1	8	13	3	97	214	96	212	0	0	0	0	2.20833	0.61416	2	4	
1.4	1.5	1	9	6	3	100	242	98	236	0	0	0	0	2.40816	0.810202	2	4	
1.4	1.5	6	10	23	3	113	298	111	292	0	0	0	0	2.63063	0.933497	2	4	
1.4	1.5	1	11	12	3	92	204	89	198	0	0	0	0	2.22472	0.635195	2	4	
1.4	1.5	1	12	5	3	97	244	92	226	0	0	0	0	2.45652	0.844023	2	4	
1.4	1.5	1	13	3	3	68	140	68	140	0	0	0	0	2.05882	0.340428	2	4	
1.4	1.5	7	14	23	3	68	154	67	150	0	0	0	0	2.23881	0.653419	2	4	
1.5	1.6	3	1	28	3	111	264	109	260	0	0	0	0	2.38532	0.792421	2	4	
1.5	1.6	3	2	25	3	135	352	130	338	0	0	0	0	2.6	0.920061	2	4	
1.5	1.6	1	3	23	3	110	280	108	272	0	0	0	0	2.51852	0.880542	2	4	
1.5	1.6	1	4	1	3	96	228	92	216	0	0	0	0	2.34783	0.762223	2	4	
1.5	1.6	1	5	24	3	93	188	90	182	0	0	0	0	2.02222	0.210819	2	4	
1.5	1.6	3	6	27	3	107	288	107	288	0	0	0	0	2.69159	0.95573	2	4	
1.5	1.6	1	7	9	3	103	278	100	266	0	0	0	0	2.66	0.945163	2	4	
1.5	1.6	5	8	22	3	105	232	104	230	0	0	0	0	2.21154	0.618063	2	4	
1.5	1.6	3	9	30	3	112	278	111	274	0	0	0	0	2.46847	0.85088	2	4	
1.5	1.6	1	10	25	3	119	310	117	304	0	0	0	0	2.59829	0.919706	2	4	
1.5	1.6	1	11	24	3	96	212	93	206	0	0	0	0	2.21505	0.622922	2	4	
1.5	1.6	1	12	25	3	100	250	96	234	0	0	0	0	2.4375	0.831137	2	4	
1.5	1.6	4	13	3	3	76	158	76	158	0	0	0	0	2.07895	0.392026	2	4	
1.5	1.6	5	14	23	3	81	192	80	188	0	0	0	0	2.35	0.764729	2	4	
1.6	1.7	1	1	26	3	115	274	113	270	0	0	0	0	2.38938	0.795452	2	4	
1.6	1.7	1	2	4	3	144	372	139	358	0	0	0	0	2.57554	0.908721	2	4	
1.6	1.7	1	3	8	3	114	288	111	278	0	0	0	0	2.5045	0.87255	2	4	
1.6	1.7	1	4	1	3	102	242	98	230	0	0	0	0	2.34694	0.761199	2	4	
1.6	1.7	1	5	7	3	97	196	93	188	0	0	0	0	2.02151	0.20739	2	4	
1.6	1.7	1	6	25	3	112	300	112	300	0	0	0	0	2.67857	0.95119	2	4	
1.6	1.7	1	7	9	3	107	286	103	272	0	0	0	0	2.64078	0.937815	2	4	
1.6	1.7	4	8	31	3	116	264	115	262	0	0	0	0	2.27826	0.695194	2	4	
1.6	1.7	1	9	6	3	120	302	119	298	0	0	0	0	2.5042	0.87211	2	4	
1.6	1.7	8	10	25	3	125	328	123	322	0	0	0	0	2.61789	0.927895	2	4	
1.6	1.7	3	11	33	3	108	244	104	236	0	0	0	0	2.26923	0.68593	2	4	
1.6	1.7	1	12	5	3	104	258	100	242	0	0	0	0	2.42	0.81872	2	4	
1.6	1.7	1	13	3	3	84	178	84	178	0	0	0	0	2.11905	0.476047	2	4	
1.6	1.7	1	14	27	3	91	214	88	204	0	0	0	0	2.31818	0.735714	2	4	
1.7	1.8	1	1	26	3	119	282	117	278	0	0	0	0	2.37607	0.78484	2	4	
1.7	1.8	8	2	26	3	156	406	151	392	0	0	0	0	2.59603	0.917815	2	4	
1.7	1.8	5	3	8	3	122	306	120	298	0	0	0	0	2.48333	0.859777	2	4	
1.7	1.8	5	4	28	3	110	264	103	242	0	0	0	0	2.34951	0.763233	2	4	
1.7	1.8	1	5	7	3	100	202	97	196	0	0	0	0	2.02062	0.203069	2	4	
1.7	1.8	8	6	28	3	124	334	124	334	0	0	0	0	2.69355	0.955748	2	4	
1.7	1.8	1	7	9	3	110	292	107	280	0	0	0	0	2.61682	0.928021	2	4	
1.7	1.8	1	8	24	3	120	272	119	270	0	0	0	0	2.26891	0.685163	2	4	
1.7	1.8	1	9	6	3	124	312	123	308	0	0	0	0	2.50407	0.871911	2	4	
1.7	1.8	8	10	25	3	133	352	131	346	0	0	0	0	2.64122	0.937006	2	4	
1.7	1.8	1	11	33	3	113	256	109	248	0	0	0	0	2.27523	0.692173	2	4	
1.7	1.8	8	12	27	3	112	278	108	262	0	0	0	0	2.42593	0.822621	2	4	
1.7	1.8	1	13	29	3	87	184	87	184	0	0	0	0	2.11494	0.46818	2	4	
1.7	1.8	5	14	30	3	104	246	102	238	0	0	0	0	2.33333	0.749037	2	4	
1.8	1.9	1	1	14	3	123	290	120	284	0	0	0	0	2.36667	0.777124	2	4	
1.8	1.9	1	2	34	3	166	436	161	422	0	0	0	0	2.62112	0.928333	2	4	
1.8	1.9	1	3	34	3	126	314	124	306	0	0	0	0	2.46774	0.850017	2	4	
1.8	1.9	1	4	28	3	114	272	107	250	0	0	0	0	2.33645	0.751651	2	4	
1.8	1.9	1	5	31	3	113	228	110	222	0	0	0	0	2.01818	0.190693	2	4	
1.8	1.9	7	6	26	3	133	354	133	354	0	0	0	0	2.66165	0.94458	2	4	
1.8	1.9	1	7	9	3	114	300	111	288	0	0	0	0	2.59459	0.918283	2	4	
1.8	1.9	1	8	13	3	128	292	126	288	0	0	0	0	2.28571	0.702648	2	4	
1.8	1.9	1	9	6	3	129	322	128	318	0	0	0	0	2.48438	0.860181	2	4	
1.8	1.9	1	10	11	3	145	384	141	374	0	0	0	0	2.65248	0.941016	2	4	
1.8	1.9	1	11	12	3	121	278	116	268	0	0	0	0	2.31034	0.72728	2	4	
1.8	1.9	1	12	29	3	117	290	112	270	0	0	0	0	2.41071	0.811556	2	4	
1.8	1.9	1	13	3	3	94	202	93	200	0	0	0	0	2.15054	0.530509	2	4	
1.8	1.9	1	14	10	3	109	256	106	246	0	0	0	0	2.32075	0.737398	2	4	
1.9	2	1	1	26	3	126	296	124	292	0	0	0	0	2.35484	0.767146	2	4	
1.9	2	3	2	34	3	174	462	169	448	0	0	0	0	2.65089	0.939866	2	4	
1.9	2	1	3	8	3	129	320	127	312	0	0	0	0	2.45669	0.842859	2	4	
1.9	2	1	4	1	3	117	278	110	256	0	0	0	0	2.32727	0.743277	2	4	
1.9	2	7	5	29	3	120	244	115	234	0	0	0	0	2.03478	0.262593	2	4	
1.9	2	1	6	2	3	140	370	139	368	0	0	0	0	2.64748	0.93919	2	4	
1.9	2	1	7	9	3	117	306	114	294	0	0	0	0	2.57895	0.911041	2	4	
1.9	2	1	8	30	3	131	298	130	296	0	0	0	0	2.27692	0.69344	2	4	
1.9	2	3	9	37	3	136	338	135	334	0	0	0	0	2.47407	0.853698	2	4	
1.9	2	8	10	11	3	151	400	148	392	0	0	0	0	2.64865	0.939423	2	4	
1.9	2	7	11	30	3	133	312	129	304	0	0	0	0	2.35659	0.768506	2	4	
1.9	2	3	12	36	3	127	310	122	290	0	0	0	0	2.37705	0.785487	2	4	
1.9	2	1	13	3	3	98	210	96	206	0	0	0	0	2.14583	0.522729	2	4	
1.9	2	6	14	31	3	117	274	113	262	0	0	0	0	2.31858	0.735157	2	4	
2	2.1	1	1	14	3	130	304	128	300	0	0	0	0	2.34375	0.757508	2	4	
2	2.1	3	2	34	3	182	486	177	472	0	0	0	0	2.66667	0.945484	2	4	
2	2.1	1	3	38	3	140	344	138	336	0	0	0	0	2.43478	0.827947	2	4	
2	2.1	8	4	31	3	125	294	117	270	0	0	0	0	2.30769	0.724706	2	4	
2	2.1	1	5	35	3	124	252	119	242	0	0	0	0	2.03361	0.258181	2	4	
2	2.1	8	6	33	3	147	388	147	388	0	0	0	0	2.63946	0.935931	2	4	
2	2.1	1	7	9	3	121	314	118	302	0	0	0	0	2.55932	0.901493	2	4	
2	2.1	1	8	13	3	135	306	134	304	0	0	0	0	2.26866	0.684569	2	4	
2	2.1	8	9	32	3	149	370	148	366	0	0	0	0	2.47297	0.852734	2	4	
2	2.1	1	10	11	3	160	420	157	412	0	0	0	0	2.6242	0.929668	2	4	
2	2.1	8	11	34	3	141	334	135	320	0	0	0	0	2.37037	0.779789	2	4	
2	2.1	1	12	34	3	131	318	126	298	0	0	0	0	2.36508	0.775662	2	4	
2	2.1	1	13	32	3	101	216	100	214	0	0	0	0	2.14	0.512865	2	4	
2	2.1	5	14	34	3	131	308	127	296	0	0	0	0	2.33071	0.745943	2	4	
2.1	2.2	1	1	14	3	133	310	131	306	0	0	0	0	2.33588	0.750494	2	4	
2.1	2.2	1	2	35	3	195	520	189	504	0	0	0	0	2.66667	0.945313	2	4	
2.1	2.2	8	3	36	3	147	364	145	356	0	0	0	0	2.45517	0.841455	2	4	
2.1	2.2	1	4	31	3	138	332	129	306	0	0	0	0	2.37209	0.781323	2	4	
2.1	2.2	1	5	7	3	127	258	122	248	0	0	0	0	2.03279	0.255013	2	4	
2.1	2.2	1	6	2	3	151	396	151	396	0	0	0	0	2.62252	0.929098	2	4	
2.1	2.2	1	7	35	3	124	320	121	308	0	0	0	0	2.54545	0.894427	2	4	
2.1	2.2	1	8	13	3	140	318	138	314	0	0	0	0	2.27536	0.691641	2	4	
2.1	2.2	1	9	32	3	162	396	160	390	0	0	0	0	2.4375	0.829393	2	4	
2.1	2.2	5	10	35	3	167	434	164	426	0	0	0	0	2.59756	0.918251	2	4	
2.1	2.2	6	11	35	3	153	364	147	350	0	0	0	0	2.38095	0.788038	2	4	
2.1	2.2	1	12	5	3	135	326	129	304	0	0	0	0	2.35659	0.768506	2	4	
2.1	2.2	1	13	3	3	105	224	104	222	0	0	0	0	2.13462	0.503535	2	4	
2.1	2.2	1	14	40	3	135	318	131	306	0	0	0	0	2.33588	0.750494	2	4	
2.2	2.3	3	1	41	3	146	336	143	330	0	0	0	0	2.30769	0.724139	2	4	
2.2	2.3	1	2	4	3	198	526	193	512	0	0	0	0	2.65285	0.940249	2	4	
2.2	2.3	1	3	36	3	154	382	152	374	0	0	0	0	2.46053	0.844786	2	4	
2.2	2.3	7	4	1	3	150	364	142	340	0	0	0	0	2.39437	0.79856	2	4	
2.2	2.3	1	5	7	3	131	266	126	256	0	0	0	0	2.03175	0.250966	2	4	
2.2	2.3	1	6	2	3	157	408	157	408	0	0	0	0	2.59873	0.918889	2	4	
2.2	2.3	1	7	37	3	128	328	125	316	0	0	0	0	2.528	0.885146	2	4	
2.2	2.3	1	8	13	3	147	338	145	334	0	0	0	0	2.30345	0.719994	2	4	
2.2	2.3	8	9	32	3	174	438	173	434	0	0	0	0	2.50867	0.873502	2	4	
2.2	2.3	7	10	36	3	175	450	172	442	0	0	0	0	2.56977	0.905354	2	4	
2.2	2.3	3	11	42	3	159	378	153	364	0	0	0	0	2.37908	0.786452	2	4	
2.2	2.3	8	12	38	3	143	342	138	322	0	0	0	0	2.33333	0.748071	2	4	
2.2	2.3	1	13	3	3	108	230	107	228	0	0	0	0	2.13084	0.49686	2	4	
2.2	2.3	1	14	10	3	143	334	139	322	0	0	0	0	2.31655	0.732634	2	4	
2.3	2.4	8	1	39	3	152	352	148	342	0	0	0	0	2.31081	0.727042	2	4	
2.3	2.4	1	2	4	3	207	548	202	534	0	0	0	0	2.64356	0.936641	2	4	
2.3	2.4	4	3	36	3	162	406	158	392	0	0	0	0	2.48101	0.8575	2	4	
2.3	2.4	1	4	39	3	162	404	153	376	0	0	0	0	2.45752	0.842825	2	4	
2.3	2.4	1	5	38	3	135	274	129	262	0	0	0	0	2.03101	0.248054	2	4	
2.3	2.4	1	6	2	3	162	418	162	418	0	0	0	0	2.58025	0.910453	2	4	
2.3	2.4	1	7	9	3	132	336	128	322	0	0	0	0	2.51562	0.878298	2	4	
2.3	2.4	8	8	41	3	153	354	149	344	0	0	0	0	2.30872	0.725029	2	4	
2.3	2.4	1	9	6	3	184	462	183	458	0	0	0	0	2.50273	0.869977	2	4	
2.3	2.4	1	10	38	3	178	456	175	448	0	0	0	0	2.56	0.900575	2	4	
2.3	2.4	1	11	36	3	162	384	156	370	0	0	0	0	2.37179	0.780554	2	4	
2.3	2.4	1	12	5	3	147	350	142	330	0	0	0	0	2.32394	0.739458	2	4	
2.3	2.4	1	13	3	3	112	238	111	236	0	0	0	0	2.12613	0.488357	2	4	
2.3	2.4	1	14	10	3	147	342	142	328	0	0	0	0	2.30986	0.726237	2	4	
2.4	2.5	6	1	40	3	157	362	152	350	0	0	0	0	2.30263	0.719082	2	4	
2.4	2.5	1	2	4	3	211	556	205	540	0	0	0	0	2.63415	0.932951	2	4	
2.4	2.5	6	3	8	3	170	422	167	412	0	0	0	0	2.46707	0.848702	2	4	
2.4	2.5	7	4	39	3	174	446	165	418	0	0	0	0	2.53333	0.887126	2	4	
2.4	2.5	1	5	7	3	138	280	133	270	0	0	0	0	2.03008	0.244325	2	4	
2.4	2.5	4	6	39	3	171	444	171	444	0	0	0	0	2.59649	0.917663	2	4	
2.4	2.5	1	7	9	3	135	342	132	330	0	0	0	0	2.5	0.869325	2	4	
2.4	2.5	1	8	43	3	157	362	153	352	0	0	0	0	2.30065	0.71713	2	4	
2.4	2.5	1	9	6	3	188	472	187	468	0	0	0	0	2.50267	0.869893	2	4	
2.4	2.5	1	10	11	3	188	476	184	466	0	0	0	0	2.53261	0.886463	2	4	
2.4	2.5	1	11	12	3	166	392	160	378	0	0	0	0	2.3625	0.772869	2	4	
2.4	2.5	4	12	40	3	159	386	154	366	0	0	0	0	2.37662	0.784473	2	4	
2.4	2.5	1	13	3	3	115	244	114	242	0	0	0	0	2.12281	0.482258	2	4	
2.4	2.5	1	14	10	3	150	348	146	336	0	0	0	0	2.30137	0.717946	2	4	
2.5	2.6	1	1	42	3	170	390	164	376	0	0	0	0	2.29268	0.709062	2	4	
2.5	2.6	1	2	4	3	215	564	209	548	0	0	0	0	2.62201	0.928032	2	4	
2.5	2.6	1	3	8	3	179	446	176	436	0	0	0	0	2.47727	0.854932	2	4	
2.5	2.6	1	4	1	3	181	464	172	436	0	0	0	0	2.53488	0.887834	2	4	
2.5	2.6	1	5	38	3	142	288	137	278	0	0	0	0	2.0292	0.240759	2	4	
2.5	2.6	4	6	39	3	181	468	181	468	0	0	0	0	2.58564	0.912636	2	4	
2.5	2.6	6	7	44	3	148	370	145	358	0	0	0	0	2.46897	0.850287	2	4	
2.5	2.6	1	8	13	3	161	370	156	358	0	0	0	0	2.29487	0.711364	2	4	
2.5	2.6	1	9	42	3	192	480	191	476	0	0	0	0	2.49215	0.863707	2	4	
2.5	2.6	1	10	11	3	193	486	188	474	0	0	0	0	2.52128	0.88031	2	4	
2.5	2.6	1	11	12	3	170	400	163	384	0	0	0	0	2.35583	0.767238	2	4	
2.5	2.6	4	12	40	3	167	410	162	390	0	0	0	0	2.40741	0.808	2	4	
2.5	2.6	1	13	36	3	119	252	118	250	0	0	0	0	2.11864	0.474468	2	4	
2.5	2.6	1	14	10	3	154	356	150	344	0	0	0	0	2.29333	0.709917	2	4	
2.6	2.7	1	1	38	3	174	398	169	386	0	0	0	0	2.28402	0.700199	2	4	
2.6	2.7	1	2	4	3	218	570	212	554	0	0	0	0	2.61321	0.924349	2	4	
2.6	2.7	4	3	8	3	186	466	182	452	0	0	0	0	2.48352	0.858659	2	4	
2.6	2.7	7	4	43	3	194	494	185	466	0	0	0	0	2.51892	0.879055	2	4	
2.6	2.7	1	5	7	3	145	294	140	284	0	0	0	0	2.02857	0.238184	2	4	
2.6	2.7	1	6	39	3	192	498	191	496	0	0	0	0	2.59686	0.917543	2	4	
2.6	2.7	1	7	9	3	153	382	149	366	0	0	0	0	2.45638	0.84216	2	4	
2.6	2.7	1	8	43	3	164	376	160	366	0	0	0	0	2.2875	0.703875	2	4	
2.6	2.7	1	9	41	3	196	488	194	482	0	0	0	0	2.48454	0.859128	2	4	
2.6	2.7	6	10	11	3	202	504	198	494	0	0	0	0	2.49495	0.865278	2	4	
2.6	2.7	6	11	12	3	177	416	171	402	0	0	0	0	2.35088	0.762918	2	4	
2.6	2.7	1	12	45	3	170	416	165	396	0	0	0	0	2.4	0.802435	2	4	
2.6	2.7	1	13	3	3	123	260	121	256	0	0	0	0	2.1157	0.468865	2	4	
2.6	2.7	7	14	44	3	159	368	155	356	0	0	0	0	2.29677	0.713271	2	4	
2.7	2.8	1	1	45	3	187	436	182	424	0	0	0	0	2.32967	0.744111	2	4	
2.7	2.8	3	2	46	3	226	588	220	572	0	0	0	0	2.6	0.918605	2	4	
2.7	2.8	1	3	44	3	194	482	189	466	0	0	0	0	2.46561	0.847482	2	4	
2.7	2.8	5	4	40	3	205	526	196	498	0	0	0	0	2.54082	0.890616	2	4	
2.7	2.8	5	5	41	3	158	324	153	314	0	0	0	0	2.05229	0.320174	2	4	
2.7	2.8	1	6	39	3	196	508	195	504	0	0	0	0	2.58462	0.911987	2	4	
2.7	2.8	1	7	45	3	157	390	153	374	0	0	0	0	2.44444	0.83421	2	4	
2.7	2.8	1	8	13	3	168	384	164	374	0	0	0	0	2.28049	0.696607	2	4	
2.7	2.8	1	9	6	3	200	496	198	490	0	0	0	0	2.47475	0.853103	2	4	
2.7	2.8	1	10	42	3	209	518	205	508	0	0	0	0	2.47805	0.855063	2	4	
2.7	2.8	1	11	48	3	190	448	184	434	0	0	0	0	2.3587	0.76938	2	4	
2.7	2.8	3	12	49	3	181	438	176	418	0	0	0	0	2.375	0.782852	2	4	
2.7	2.8	1	13	45	3	126	266	125	264	0	0	0	0	2.112	0.461694	2	4	
2.7	2.8	1	14	10	3	163	376	159	364	0	0	0	0	2.28931	0.705726	2	4	
2.8	2.9	3	1	45	3	199	478	194	466	0	0	0	0	2.40206	0.803616	2	4	
2.8	2.9	1	2	4	3	230	596	223	578	0	0	0	0	2.59193	0.915004	2	4	
2.8	2.9	4	3	43	3	200	498	195	482	0	0	0	0	2.47179	0.851302	2	4	
2.8	2.9	7	4	47	3	219	566	208	532	0	0	0	0	2.55769	0.899027	2	4	
2.8	2.9	1	5	49	3	162	334	157	324	0	0	0	0	2.06369	0.35231	2	4	
2.8	2.9	1	6	2	3	204	532	203	528	0	0	0	0	2.60099	0.919211	2	4	
2.8	2.9	4	7	44	3	167	410	163	394	0	0	0	0	2.41718	0.815104	2	4	
2.8	2.9	1	8	13	3	171	390	167	380	0	0	0	0	2.27545	0.691294	2	4	
2.8	2.9	1	9	46	3	213	524	210	516	0	0	0	0	2.45714	0.841832	2	4	
2.8	2.9	1	10	51	3	214	528	209	516	0	0	0	0	2.4689	0.849343	2	4	
2.8	2.9	1	11	12	3	197	466	190	448	0	0	0	0	2.35789	0.768642	2	4	
2.8	2.9	1	12	5	3	189	454	183	432	0	0	0	0	2.36066	0.77103	2	4	
2.8	2.9	1	13	3	3	131	276	130	274	0	0	0	0	2.10769	0.453174	2	4	
2.8	2.9	1	14	49	3	166	382	162	370	0	0	0	0	2.28395	0.700214	2	4	
2.9	3	1	1	14	3	208	502	203	490	0	0	0	0	2.41379	0.812164	2	4	
2.9	3	1	2	4	3	233	602	227	586	0	0	0	0	2.5815	0.910223	2	4	
2.9	3	1	3	52	3	204	506	199	490	0	0	0	0	2.46231	0.84527	2	4	
2.9	3	1	4	1	3	223	576	212	540	0	0	0	0	2.54717	0.893707	2	4	
2.9	3	1	5	7	3	167	344	161	332	0	0	0	0	2.06211	0.34802	2	4	
2.9	3	7	6	2	3	210	546	209	542	0	0	0	0	2.5933	0.915756	2	4	
2.9	3	4	7	44	3	181	448	176	428	0	0	0	0	2.43182	0.825251	2	4	
2.9	3	1	8	13	3	175	398	171	388	0	0	0	0	2.26901	0.684388	2	4	
2.9	3	4	9	45	3	218	534	215	526	0	0	0	0	2.44651	0.834801	2	4	
2.9	3	8	10	51	3	222	544	217	532	0	0	0	0	2.45161	0.838158	2	4	
2.9	3	1	11	43	3	202	478	195	460	0	0	0	0	2.35897	0.769495	2	4	
2.9	3	4	12	46	3	197	476	192	456	0	0	0	0	2.375	0.782666	2	4	
2.9	3	1	13	3	3	134	282	133	280	0	0	0	0	2.10526	0.448282	2	4	
2.9	3	7	14	49	3	173	396	169	384	0	0	0	0	2.27219	0.687816	2	4	
3	3.1	3	1	54	3	220	538	215	526	0	0	0	0	2.44651	0.834801	2	4	
3	3.1	5	2	44	3	241	618	235	602	0	0	0	0	2.5617	0.900748	2	4	
3	3.1	1	3	8	3	212	526	206	508	0	0	0	0	2.46602	0.847556	2	4	
3	3.1	1	4	1	3	229	590	217	550	0	0	0	0	2.53456	0.887127	2	4	
3	3.1	1	5	50	3	172	354	165	340	0	0	0	0	2.06061	0.343883	2	4	
3	3.1	1	6	46	3	214	554	213	550	0	0	0	0	2.58216	0.910661	2	4	
3	3.1	1	7	44	3	194	480	188	458	0	0	0	0	2.43617	0.828096	2	4	
3	3.1	1	8	53	3	178	404	174	394	0	0	0	0	2.26437	0.679336	2	4	
3	3.1	1	9	52	3	231	564	228	556	0	0	0	0	2.4386	0.829363	2	4	
3	3.1	1	10	47	3	225	550	220	538	0	0	0	0	2.44545	0.834051	2	4	
3	3.1	3	11	55	3	214	510	207	492	0	0	0	0	2.37681	0.783968	2	4	
3	3.1	1	12	56	3	209	500	204	480	0	0	0	0	2.35294	0.764316	2	4	
3	3.1	1	13	54	3	141	298	140	296	0	0	0	0	2.11429	0.465898	2	4	
3	3.1	1	14	47	3	186	426	180	410	0	0	0	0	2.27778	0.69359	2	4	
3.1	3.2	1	1	51	3	225	550	220	538	0	0	0	0	2.44545	0.834051	2	4	
3.1	3.2	1	2	4	3	244	624	238	608	0	0	0	0	2.55462	0.897229	2	4	
3.1	3.2	6	3	8	3	219	546	214	530	0	0	0	0	2.47664	0.854107	2	4	
3.1	3.2	7	4	53	3	241	626	229	586	0	0	0	0	2.55895	0.89945	2	4	
3.1	3.2	1	5	7	3	175	360	169	348	0	0	0	0	2.05917	0.33989	2	4	
3.1	3.2	1	6	2	3	217	560	216	556	0	0	0	0	2.57407	0.90686	2	4	
3.1	3.2	4	7	44	3	202	502	197	482	0	0	0	0	2.4467	0.835105	2	4	
3.1	3.2	1	8	51	3	182	412	178	402	0	0	0	0	2.25843	0.672765	2	4	
3.1	3.2	1	9	6	3	235	574	231	562	0	0	0	0	2.4329	0.825438	2	4	
3.1	3.2	7	10	52	3	234	572	229	560	0	0	0	0	2.44541	0.83395	2	4	
3.1	3.2	3	11	55	3	222	534	215	516	0	0	0	0	2.4	0.801867	2	4	
3.1	3.2	3	12	5	3	215	512	210	492	0	0	0	0	2.34286	0.755567	2	4	
3.1	3.2	3	13	59	3	153	328	152	326	0	0	0	0	2.14474	0.519907	2	4	
3.1	3.2	1	14	58	3	190	434	185	420	0	0	0	0	2.27027	0.685591	2	4	
3.2	3.3	1	1	14	3	229	558	223	544	0	0	0	0	2.43946	0.829992	2	4	
3.2	3.3	1	2	55	3	248	632	242	616	0	0	0	0	2.54545	0.89257	2	4	
3.2	3.3	1	3	8	3	228	564	223	548	0	0	0	0	2.4574	0.84188	2	4	
3.2	3.3	8	4	55	3	248	644	235	600	0	0	0	0	2.55319	0.896539	2	4	
3.2	3.3	1	5	7	3	179	368	173	356	0	0	0	0	2.0578	0.336033	2	4	
3.2	3.3	4	6	49	3	224	578	223	574	0	0	0	0	2.57399	0.906754	2	4	
3.2	3.3	1	7	44	3	214	538	209	518	0	0	0	0	2.47847	0.855281	2	4	
3.2	3.3	1	8	50	3	195	446	190	434	0	0	0	0	2.28421	0.700161	2	4	
3.2	3.3	1	9	6	3	241	588	235	570	0	0	0	0	2.42553	0.820274	2	4	
3.2	3.3	5	10	49	3	242	594	235	576	0	0	0	0	2.45106	0.837648	2	4	
3.2	3.3	1	11	12	3	229	552	221	532	0	0	0	0	2.40724	0.807207	2	4	
3.2	3.3	1	12	54	3	219	520	214	500	0	0	0	0	2.33645	0.749885	2	4	
3.2	3.3	8	13	56	3	162	350	160	346	0	0	0	0	2.1625	0.548153	2	4	
3.2	3.3	1	14	10	3	194	442	189	428	0	0	0	0	2.26455	0.679379	2	4	
3.3	3.4	1	1	14	3	232	564	227	552	0	0	0	0	2.43172	0.824652	2	4	
3.3	3.4	1	2	4	3	252	640	246	624	0	0	0	0	2.53659	0.887948	2	4	
3.3	3.4	6	3	53	3	237	586	232	570	0	0	0	0	2.4569	0.841481	2	4	
3.3	3.4	1	4	55	3	252	652	238	606	0	0	0	0	2.54622	0.892991	2	4	
3.3	3.4	7	5	7	3	184	380	178	368	0	0	0	0	2.06742	0.361971	2	4	
3.3	3.4	1	6	2	3	232	594	230	588	0	0	0	0	2.55652	0.89824	2	4	
3.3	3.4	6	7	56	3	227	568	222	548	0	0	0	0	2.46847	0.848953	2	4	
3.3	3.4	4	8	50	3	207	488	202	474	0	0	0	0	2.34653	0.758837	2	4	
3.3	3.4	1	9	58	3	244	594	238	576	0	0	0	0	2.42017	0.816453	2	4	
3.3	3.4	5	10	11	3	246	604	241	592	0	0	0	0	2.45643	0.841112	2	4	
3.3	3.4	1	11	12	3	233	560	225	540	0	0	0	0	2.4	0.801784	2	4	
3.3	3.4	1	12	50	3	222	526	217	506	0	0	0	0	2.3318	0.745699	2	4	
3.3	3.4	1	13	3	3	166	358	163	352	0	0	0	0	2.15951	0.543496	2	4	
3.3	3.4	1	14	10	3	197	448	192	434	0	0	0	0	2.26042	0.674825	2	4	
3.4	3.5	1	1	14	3	236	572	231	560	0	0	0	0	2.42424	0.819396	2	4	
3.4	3.5	8	2	58	3	265	666	259	650	0	0	0	0	2.50965	0.873214	2	4	
3.4	3.5	8	3	59	3	251	626	246	610	0	0	0	0	2.47967	0.855709	2	4	
3.4	3.5	8	4	60	3	265	678	251	632	0	0	0	0	2.51793	0.877882	2	4	
3.4	3.5	1	5	61	3	188	388	182	376	0	0	0	0	2.06593	0.358086	2	4	
3.4	3.5	8	6	57	3	239	608	238	604	0	0	0	0	2.53782	0.888652	2	4	
3.4	3.5	1	7	9	3	232	580	227	560	0	0	0	0	2.46696	0.84796	2	4	
3.4	3.5	1	8	13	3	217	516	212	502	0	0	0	0	2.36792	0.776741	2	4	
3.4	3.5	1	9	6	3	248	602	242	584	0	0	0	0	2.41322	0.811427	2	4	
3.4	3.5	1	10	11	3	250	612	245	600	0	0	0	0	2.44898	0.8362	2	4	
3.4	3.5	1	11	12	3	237	568	229	548	0	0	0	0	2.39301	0.796453	2	4	
3.4	3.5	1	12	5	3	226	534	221	514	0	0	0	0	2.32579	0.740218	2	4	
3.4	3.5	1	13	3	3	169	364	167	360	0	0	0	0	2.15569	0.537464	2	4	
3.4	3.5	1	14	10	3	204	464	198	448	0	0	0	0	2.26263	0.677197	2	4	
3.5	3.6	1	1	14	3	239	578	234	566	0	0	0	0	2.4188	0.815508	2	4	
3.5	3.6	1	2	4	3	270	676	262	656	0	0	0	0	2.50382	0.86988	2	4	
3.5	3.6	8	3	59	3	263	668	258	652	0	0	0	0	2.52713	0.882846	2	4	
3.5	3.6	1	4	60	3	273	700	258	652	0	0	0	0	2.52713	0.882846	2	4	
3.5	3.6	1	5	62	3	191	394	185	382	0	0	0	0	2.06486	0.355253	2	4	
3.5	3.6	1	6	2	3	246	624	245	620	0	0	0	0	2.53061	0.8848	2	4	
3.5	3.6	4	7	9	3	239	596	234	576	0	0	0	0	2.46154	0.844456	2	4	
3.5	3.6	4	8	50	3	224	532	219	518	0	0	0	0	2.3653	0.774526	2	4	
3.5	3.6	1	9	6	3	255	620	248	600	0	0	0	0	2.41935	0.815803	2	4	
3.5	3.6	3	10	11	3	254	620	248	606	0	0	0	0	2.44355	0.83256	2	4	
3.5	3.6	3	11	63	3	245	590	237	570	0	0	0	0	2.40506	0.805474	2	4	
3.5	3.6	1	12	50	3	230	542	224	520	0	0	0	0	2.32143	0.73618	2	4	
3.5	3.6	1	13	3	3	182	400	180	396	0	0	0	0	2.2	0.601674	2	4	
3.5	3.6	7	14	57	3	211	480	205	464	0	0	0	0	2.26341	0.678	2	4	
3.6	3.7	1	1	14	3	243	586	238	574	0	0	0	0	2.41176	0.810394	2	4	
3.6	3.7	1	2	4	3	273	682	266	664	0	0	0	0	2.49624	0.865472	2	4	
3.6	3.7	8	3	59	3	276	702	271	686	0	0	0	0	2.53137	0.885026	2	4	
3.6	3.7	7	4	58	3	286	732	272	686	0	0	0	0	2.52206	0.880011	2	4	
3.6	3.7	1	5	7	3	195	402	189	390	0	0	0	0	2.06349	0.351578	2	4	
3.6	3.7	8	6	63	3	258	660	257	656	0	0	0	0	2.55253	0.896044	2	4	
3.6	3.7	1	7	53	3	246	614	241	594	0	0	0	0	2.46473	0.846439	2	4	
3.6	3.7	3	8	65	3	230	544	224	528	0	0	0	0	2.35714	0.767702	2	4	
3.6	3.7	1	9	55	3	258	626	252	608	0	0	0	0	2.4127	0.810979	2	4	
3.6	3.7	7	10	59	3	263	644	257	630	0	0	0	0	2.45136	0.837691	2	4	
3.6	3.7	1	11	52	3	249	598	241	578	0	0	0	0	2.39834	0.800415	2	4	
3.6	3.7	1	12	50	3	233	548	228	528	0	0	0	0	2.31579	0.730889	2	4	
3.6	3.7	1	13	61	3	186	410	184	406	0	0	0	0	2.20652	0.610259	2	4	
3.6	3.7	1	14	66	3	215	488	209	472	0	0	0	0	2.25837	0.672423	2	4	
3.7	3.8	3	1	67	3	255	614	250	602	0	0	0	0	2.408	0.807555	2	4	
3.7	3.8	1	2	4	3	278	692	270	672	0	0	0	0	2.48889	0.861111	2	4	
3.7	3.8	1	3	8	3	281	712	275	694	0	0	0	0	2.52364	0.880851	2	4	
3.7	3.8	1	4	1	3	290	740	276	694	0	0	0	0	2.51449	0.875821	2	4	
3.7	3.8	1	5	7	3	201	416	194	402	0	0	0	0	2.07216	0.373956	2	4	
3.7	3.8	1	6	2	3	266	680	265	676	0	0	0	0	2.55094	0.895194	2	4	
3.7	3.8	1	7	9	3	251	624	245	602	0	0	0	0	2.45714	0.841544	2	4	
3.7	3.8	1	8	64	3	233	550	228	536	0	0	0	0	2.35088	0.762357	2	4	
3.7	3.8	1	9	72	3	271	654	265	636	0	0	0	0	2.4	0.801514	2	4	
3.7	3.8	5	10	54	3	268	656	261	638	0	0	0	0	2.44444	0.833077	2	4	
3.7	3.8	1	11	12	3	252	604	244	584	0	0	0	0	2.39344	0.796674	2	4	
3.7	3.8	1	12	5	3	238	558	232	536	0	0	0	0	2.31034	0.725704	2	4	
3.7	3.8	4	13	56	3	194	426	192	422	0	0	0	0	2.19792	0.598773	2	4	
3.7	3.8	1	14	10	3	219	496	212	478	0	0	0	0	2.25472	0.668326	2	4	
3.8	3.9	1	1	14	3	262	632	257	620	0	0	0	0	2.41245	0.810768	2	4	
3.8	3.9	4	2	59	3	284	706	276	686	0	0	0	0	2.48551	0.859052	2	4	
3.8	3.9	1	3	8	3	284	718	279	702	0	0	0	0	2.51613	0.876712	2	4	
3.8	3.9	4	4	57	3	296	756	279	700	0	0	0	0	2.50896	0.872703	2	4	
3.8	3.9	1	5	7	3	204	422	198	410	0	0	0	0	2.07071	0.37028	2	4	
3.8	3.9	8	6	66	3	278	706	277	702	0	0	0	0	2.5343	0.886542	2	4	
3.8	3.9	1	7	55	3	254	630	249	610	0	0	0	0	2.4498	0.836714	2	4	
3.8	3.9	1	8	58	3	244	572	239	558	0	0	0	0	2.33473	0.748168	2	4	
3.8	3.9	1	9	72	3	276	666	270	648	0	0	0	0	2.4	0.801486	2	4	
3.8	3.9	3	10	74	3	275	674	267	652	0	0	0	0	2.44195	0.831364	2	4	
3.8	3.9	1	11	52	3	256	612	248	592	0	0	0	0	2.3871	0.791756	2	4	
3.8	3.9	1	12	62	3	241	564	235	542	0	0	0	0	2.30638	0.721882	2	4	
3.8	3.9	4	13	56	3	205	458	203	454	0	0	0	0	2.23645	0.647349	2	4	
3.8	3.9	5	14	56	3	231	522	225	506	0	0	0	0	2.24889	0.661648	2	4	
3.9	4	1	1	14	3	266	640	260	626	0	0	0	0	2.40769	0.807266	2	4	
3.9	4	1	2	4	3	292	724	284	704	0	0	0	0	2.47887	0.854986	2	4	
3.9	4	1	3	8	3	288	726	283	710	0	0	0	0	2.50883	0.872609	2	4	
3.9	4	1	4	1	3	300	764	283	708	0	0	0	0	2.50177	0.868579	2	4	
3.9	4	1	5	63	3	208	430	202	418	0	0	0	0	2.06931	0.36671	2	4	
3.9	4	8	6	66	3	289	740	288	736	0	0	0	0	2.55556	0.897366	2	4	
3.9	4	1	7	9	3	258	638	253	618	0	0	0	0	2.44269	0.831949	2	4	
3.9	4	1	8	13	3	249	582	243	566	0	0	0	0	2.32922	0.743185	2	4	
3.9	4	1	9	6	3	280	674	274	656	0	0	0	0	2.39416	0.797043	2	4	
3.9	4	1	10	11	3	282	694	273	670	0	0	0	0	2.45421	0.839462	2	4	
3.9	4	1	11	12	3	260	620	251	598	0	0	0	0	2.38247	0.788119	2	4	
3.9	4	1	12	57	3	245	572	239	550	0	0	0	0	2.30126	0.716872	2	4	
3.9	4	4	13	56	3	213	482	211	478	0	0	0	0	2.2654	0.680117	2	4	
3.9	4	1	14	10	3	236	532	230	516	0	0	0	0	2.24348	0.655395	2	4	
4	4.1	1	1	64	3	269	646	264	634	0	0	0	0	2.40152	0.802656	2	4	
4	4.1	8	2	4	3	299	738	291	718	0	0	0	0	2.46735	0.847796	2	4	
4	4.1	8	3	69	3	298	750	293	734	0	0	0	0	2.50512	0.870448	2	4	
4	4.1	1	4	58	3	303	770	286	714	0	0	0	0	2.4965	0.865512	2	4	
4	4.1	1	5	7	3	214	444	208	432	0	0	0	0	2.07692	0.385543	2	4	
4	4.1	1	6	2	3	294	752	292	746	0	0	0	0	2.55479	0.896966	2	4	
4	4.1	1	7	9	3	262	646	257	626	0	0	0	0	2.4358	0.827248	2	4	
4	4.1	3	8	77	3	256	596	251	582	0	0	0	0	2.31873	0.73349	2	4	
4	4.1	1	9	60	3	283	680	277	662	0	0	0	0	2.38989	0.793752	2	4	
4	4.1	3	10	11	3	289	714	281	692	0	0	0	0	2.46263	0.844853	2	4	
4	4.1	1	11	12	3	263	626	255	606	0	0	0	0	2.37647	0.783337	2	4	
4	4.1	3	12	76	3	257	596	250	572	0	0	0	0	2.288	0.703588	2	4	
4	4.1	1	13	3	3	220	498	217	492	0	0	0	0	2.26728	0.682105	2	4	
4	4.1	1	14	10	3	239	538	233	522	0	0	0	0	2.24034	0.651724	2	4	
4.1	4.2	1	1	14	3	282	682	277	670	0	0	0	0	2.41877	0.815214	2	4	
4.1	4.2	4	2	61	3	305	752	296	730	0	0	0	0	2.46622	0.847053	2	4	
4.1	4.2	8	3	69	3	311	788	306	772	0	0	0	0	2.52288	0.880275	2	4	
4.1	4.2	1	4	66	3	307	778	290	722	0	0	0	0	2.48966	0.861456	2	4	
4.1	4.2	1	5	72	3	218	452	212	440	0	0	0	0	2.07547	0.382015	2	4	
4.1	4.2	1	6	62	3	297	758	296	754	0	0	0	0	2.5473	0.893172	2	4	
4.1	4.2	1	7	9	3	267	656	261	634	0	0	0	0	2.42912	0.82261	2	4	
4.1	4.2	1	8	77	3	263	610	258	596	0	0	0	0	2.31008	0.72529	2	4	
4.1	4.2	1	9	6	3	287	688	281	670	0	0	0	0	2.38434	0.789419	2	4	
4.1	4.2	1	10	11	3	296	732	287	708	0	0	0	0	2.4669	0.847529	2	4	
4.1	4.2	1	11	12	3	268	636	260	616	0	0	0	0	2.36923	0.777467	2	4	
4.1	4.2	1	12	62	3	263	608	255	582	0	0	0	0	2.28235	0.697777	2	4	
4.1	4.2	8	13	70	3	229	528	227	524	0	0	0	0	2.30837	0.723848	2	4	
4.1	4.2	1	14	75	3	243	546	237	530	0	0	0	0	2.23629	0.646922	2	4	
4.2	4.3	1	1	14	3	285	688	280	676	0	0	0	0	2.41429	0.811969	2	4	
4.2	4.3	7	2	65	3	313	772	303	748	0	0	0	0	2.46865	0.848552	2	4	
4.2	4.3	1	3	63	3	317	804	312	788	0	0	0	0	2.52564	0.881746	2	4	
4.2	4.3	1	4	1	3	311	786	293	728	0	0	0	0	2.48464	0.858441	2	4	
4.2	4.3	1	5	7	3	221	458	215	446	0	0	0	0	2.07442	0.379432	2	4	
4.2	4.3	1	6	2	3	303	772	302	768	0	0	0	0	2.54305	0.890967	2	4	
4.2	4.3	1	7	81	3	270	662	264	640	0	0	0	0	2.42424	0.819173	2	4	
4.2	4.3	3	8	13	3	270	624	265	610	0	0	0	0	2.30189	0.717342	2	4	
4.2	4.3	1	9	74	3	300	720	293	700	0	0	0	0	2.38908	0.793046	2	4	
4.2	4.3	3	10	82	3	300	740	290	714	0	0	0	0	2.46207	0.844446	2	4	
4.2	4.3	1	11	63	3	271	642	263	622	0	0	0	0	2.36502	0.774001	2	4	
4.2	4.3	1	12	5	3	270	626	261	598	0	0	0	0	2.29119	0.706752	2	4	
4.2	4.3	1	13	80	3	239	550	237	546	0	0	0	0	2.3038	0.719365	2	4	
4.2	4.3	1	14	64	3	246	552	240	536	0	0	0	0	2.23333	0.643387	2	4	
4.3	4.4	1	1	14	3	289	696	284	684	0	0	0	0	2.40845	0.807692	2	4	
4.3	4.4	1	2	4	3	317	780	308	758	0	0	0	0	2.46104	0.843701	2	4	
4.3	4.4	1	3	8	3	324	824	319	808	0	0	0	0	2.53292	0.885602	2	4	
4.3	4.4	1	4	1	3	314	792	297	736	0	0	0	0	2.47811	0.854455	2	4	
4.3	4.4	1	5	66	3	225	466	219	454	0	0	0	0	2.07306	0.376068	2	4	
4.3	4.4	1	6	2	3	306	778	305	774	0	0	0	0	2.5377	0.888183	2	4	
4.3	4.4	6	7	68	3	279	680	273	658	0	0	0	0	2.41026	0.809074	2	4	
4.3	4.4	1	8	75	3	274	632	269	618	0	0	0	0	2.2974	0.712909	2	4	
4.3	4.4	7	9	68	3	310	746	303	726	0	0	0	0	2.39604	0.798333	2	4	
4.3	4.4	5	10	65	3	305	750	296	726	0	0	0	0	2.4527	0.838356	2	4	
4.3	4.4	7	11	67	3	284	678	275	654	0	0	0	0	2.37818	0.784589	2	4	
4.3	4.4	8	12	73	3	279	656	271	630	0	0	0	0	2.32472	0.738929	2	4	
4.3	4.4	1	13	3	3	243	558	241	554	0	0	0	0	2.29876	0.714404	2	4	
4.3	4.4	1	14	67	3	250	560	244	544	0	0	0	0	2.22951	0.63876	2	4	
4.4	4.5	3	1	83	3	301	730	295	714	0	0	0	0	2.42034	0.816242	2	4	
4.4	4.5	1	2	4	3	325	798	316	776	0	0	0	0	2.4557	0.840219	2	4	
4.4	4.5	1	3	8	3	335	854	329	836	0	0	0	0	2.54103	0.889807	2	4	
4.4	4.5	1	4	1	3	318	800	301	744	0	0	0	0	2.47176	0.85051	2	4	
4.4	4.5	1	5	7	3	229	474	222	460	0	0	0	0	2.07207	0.373602	2	4	
4.4	4.5	1	6	79	3	317	810	316	806	0	0	0	0	2.55063	0.894764	2	4	
4.4	4.5	1	7	68	3	291	706	284	682	0	0	0	0	2.40141	0.802468	2	4	
4.4	4.5	1	8	13	3	277	638	272	624	0	0	0	0	2.29412	0.709635	2	4	
4.4	4.5	1	9	6	3	314	754	307	734	0	0	0	0	2.39088	0.794372	2	4	
4.4	4.5	1	10	69	3	308	756	299	732	0	0	0	0	2.44816	0.835348	2	4	
4.4	4.5	7	11	67	3	296	716	287	692	0	0	0	0	2.41115	0.809654	2	4	
4.4	4.5	1	12	73	3	287	680	279	654	0	0	0	0	2.34409	0.756192	2	4	
4.4	4.5	3	13	84	3	256	590	253	584	0	0	0	0	2.3083	0.723617	2	4	
4.4	4.5	1	14	10	3	256	574	249	556	0	0	0	0	2.23293	0.642858	2	4	
4.5	4.6	1	1	70	3	306	740	300	724	0	0	0	0	2.41333	0.811182	2	4	
4.5	4.6	1	2	71	3	328	804	319	782	0	0	0	0	2.45141	0.837406	2	4	
4.5	4.6	6	3	8	3	342	868	337	852	0	0	0	0	2.52819	0.883011	2	4	
4.5	4.6	1	4	66	3	321	806	304	750	0	0	0	0	2.46711	0.847577	2	4	
4.5	4.6	1	5	7	3	232	480	226	468	0	0	0	0	2.0708	0.370389	2	4	
4.5	4.6	8	6	79	3	328	848	327	844	0	0	0	0	2.58104	0.909396	2	4	
4.5	4.6	1	7	67	3	295	714	289	692	0	0	0	0	2.39446	0.797198	2	4	
4.5	4.6	1	8	75	3	281	646	276	632	0	0	0	0	2.28986	0.705334	2	4	
4.5	4.6	1	9	6	3	317	760	310	740	0	0	0	0	2.3871	0.791436	2	4	
4.5	4.6	6	10	71	3	321	788	312	764	0	0	0	0	2.44872	0.835659	2	4	
4.5	4.6	3	11	85	3	303	734	294	710	0	0	0	0	2.41497	0.812392	2	4	
4.5	4.6	8	12	5	3	292	694	284	668	0	0	0	0	2.35211	0.763081	2	4	
4.5	4.6	3	13	84	3	268	632	264	622	0	0	0	0	2.35606	0.76653	2	4	
4.5	4.6	1	14	10	3	265	604	259	588	0	0	0	0	2.27027	0.685059	2	4	
4.6	4.7	1	1	14	3	310	748	303	730	0	0	0	0	2.40924	0.808183	2	4	
4.6	4.7	1	2	86	3	332	812	323	790	0	0	0	0	2.44582	0.833689	2	4	
4.6	4.7	1	3	8	3	346	876	341	860	0	0	0	0	2.52199	0.879647	2	4	
4.6	4.7	1	4	1	3	325	814	308	758	0	0	0	0	2.46104	0.843701	2	4	
4.6	4.7	5	5	69	3	245	506	239	494	0	0	0	0	2.06695	0.36049	2	4	
4.6	4.7	8	6	79	3	341	888	339	882	0	0	0	0	2.60177	0.918641	2	4	
4.6	4.7	1	7	9	3	301	728	294	704	0	0	0	0	2.39456	0.797246	2	4	
4.6	4.7	1	8	13	3	285	654	279	638	0	0	0	0	2.28674	0.702157	2	4	
4.6	4.7	8	9	80	3	330	788	323	768	0	0	0	0	2.37771	0.784001	2	4	
4.6	4.7	5	10	70	3	329	804	319	778	0	0	0	0	2.43887	0.829029	2	4	
4.6	4.7	1	11	12	3	307	742	297	716	0	0	0	0	2.41077	0.809332	2	4	
4.6	4.7	1	12	71	3	296	702	288	676	0	0	0	0	2.34722	0.758868	2	4	
4.6	4.7	4	13	73	3	278	660	274	650	0	0	0	0	2.37226	0.77985	2	4	
4.6	4.7	1	14	10	3	270	616	264	600	0	0	0	0	2.27273	0.687652	2	4	
4.7	4.8	3	1	87	3	322	774	316	758	0	0	0	0	2.39873	0.800316	2	4	
4.7	4.8	3	2	4	3	337	824	328	802	0	0	0	0	2.44512	0.833203	2	4	
4.7	4.8	1	3	8	3	349	882	344	866	0	0	0	0	2.51744	0.87714	2	4	
4.7	4.8	1	4	1	3	331	826	314	770	0	0	0	0	2.45223	0.837964	2	4	
4.7	4.8	5	5	69	3	257	532	251	520	0	0	0	0	2.07171	0.372608	2	4	
4.7	4.8	1	6	2	3	346	898	343	890	0	0	0	0	2.59475	0.915542	2	4	
4.7	4.8	6	7	74	3	313	758	304	728	0	0	0	0	2.39474	0.797338	2	4	
4.7	4.8	1	8	75	3	288	660	283	646	0	0	0	0	2.28269	0.697984	2	4	
4.7	4.8	1	9	6	3	336	802	328	778	0	0	0	0	2.37195	0.779363	2	4	
4.7	4.8	5	10	11	3	336	826	327	802	0	0	0	0	2.4526	0.838153	2	4	
4.7	4.8	1	11	12	3	310	748	301	724	0	0	0	0	2.40532	0.805298	2	4	
4.7	4.8	1	12	74	3	300	710	292	684	0	0	0	0	2.34247	0.754718	2	4	
4.7	4.8	1	13	3	3	282	668	277	656	0	0	0	0	2.36823	0.77656	2	4	
4.7	4.8	1	14	10	3	273	622	267	606	0	0	0	0	2.26966	0.68437	2	4	
4.8	4.9	1	1	14	3	329	792	322	772	0	0	0	0	2.39752	0.799373	2	4	
4.8	4.9	7	2	74	3	345	840	336	818	0	0	0	0	2.43452	0.825995	2	4	
4.8	4.9	5	3	72	3	355	896	349	878	0	0	0	0	2.51576	0.876191	2	4	
4.8	4.9	8	4	82	3	339	848	322	792	0	0	0	0	2.45963	0.842735	2	4	
4.8	4.9	1	5	76	3	262	542	256	530	0	0	0	0	2.07031	0.369071	2	4	
4.8	4.9	1	6	2	3	349	904	347	898	0	0	0	0	2.5879	0.912453	2	4	
4.8	4.9	1	7	9	3	317	766	308	736	0	0	0	0	2.38961	0.79339	2	4	
4.8	4.9	1	8	13	3	292	668	287	654	0	0	0	0	2.27875	0.69388	2	4	
4.8	4.9	1	9	74	3	341	812	332	786	0	0	0	0	2.36747	0.775705	2	4	
4.8	4.9	6	10	77	3	349	864	340	840	0	0	0	0	2.47059	0.849615	2	4	
4.8	4.9	1	11	72	3	314	756	305	732	0	0	0	0	2.4	0.801315	2	4	
4.8	4.9	3	12	89	3	313	738	305	712	0	0	0	0	2.33443	0.747559	2	4	
4.8	4.9	1	13	3	3	285	674	281	664	0	0	0	0	2.36299	0.77223	2	4	
4.8	4.9	7	14	75	3	281	644	275	628	0	0	0	0	2.28364	0.698999	2	4	
