% time	cellId	IMSI	frame	sframe	RNTI	mcs	size	ccId
0.12	0	0	13	1	2	0	349	0
0.121	0	0	13	2	3	0	349	0
0.122	0	0	13	3	4	0	349	0
0.123	0	0	13	4	1	0	349	0
0.124	0	0	13	5	5	0	349	0
0.125	0	0	13	6	6	0	349	0
0.126	0	0	13	7	7	0	349	0
0.127	0	0	13	8	8	0	349	0
0.128	0	0	13	9	9	0	349	0
0.129	0	0	13	10	10	0	349	0
0.13	0	0	14	1	11	0	349	0
0.131	0	0	14	2	12	0	349	0
0.132	0	0	14	3	13	0	349	0
0.133	0	0	14	4	14	0	349	0
0.148	0	0	15	9	2	0	349	0
0.149	0	0	15	10	3	0	349	0
0.15	0	0	16	1	4	0	349	0
0.151	0	0	16	2	1	0	349	0
0.152	0	0	16	3	5	0	349	0
0.153	0	0	16	4	6	0	349	0
0.154	0	0	16	5	7	0	349	0
0.155	0	0	16	6	8	0	349	0
0.156	0	0	16	7	9	0	349	0
0.157	0	0	16	8	10	0	349	0
0.158	0	0	16	9	11	0	349	0
0.159	0	0	16	10	12	0	349	0
0.16	0	0	17	1	13	0	349	0
0.161	0	0	17	2	14	0	349	0
0.176	0	0	18	7	2	0	349	0
0.177	0	0	18	8	3	0	349	0
0.178	0	0	18	9	4	0	349	0
0.179	0	0	18	10	1	0	349	0
0.18	0	0	19	1	5	0	349	0
0.181	0	0	19	2	6	0	349	0
0.182	0	0	19	3	7	0	349	0
0.183	0	0	19	4	8	0	349	0
0.184	0	0	19	5	9	0	349	0
0.185	0	0	19	6	10	0	349	0
0.186	0	0	19	7	11	0	349	0
0.187	0	0	19	8	12	0	349	0
0.188	0	0	19	9	13	0	349	0
0.189	0	0	19	10	14	0	349	0
0.204	0	0	21	5	2	0	349	0
0.205	0	0	21	6	3	0	349	0
0.206	0	0	21	7	4	0	349	0
0.207	0	0	21	8	1	0	349	0
0.208	0	0	21	9	5	0	349	0
0.209	0	0	21	10	6	0	349	0
0.21	0	0	22	1	7	0	349	0
0.211	0	0	22	2	8	0	349	0
0.212	0	0	22	3	9	0	349	0
0.213	0	0	22	4	10	0	349	0
0.214	0	0	22	5	11	0	349	0
0.215	0	0	22	6	12	0	349	0
0.216	0	0	22	7	13	0	349	0
0.217	0	0	22	8	14	0	349	0
0.232	0	0	24	3	2	0	349	0
0.233	0	0	24	4	3	0	349	0
0.234	0	0	24	5	4	0	349	0
0.235	0	0	24	6	1	0	349	0
0.236	0	0	24	7	5	0	349	0
0.237	0	0	24	8	6	0	349	0
0.238	0	0	24	9	7	0	349	0
0.239	0	0	24	10	8	0	349	0
0.24	0	0	25	1	9	0	349	0
0.241	0	0	25	2	10	0	349	0
0.242	0	0	25	3	11	0	349	0
0.243	0	0	25	4	12	0	349	0
0.244	0	0	25	5	13	0	349	0
0.245	0	0	25	6	14	0	349	0
0.26	0	0	27	1	2	0	349	0
0.261	0	0	27	2	3	0	349	0
0.262	0	0	27	3	4	0	349	0
0.263	0	0	27	4	1	0	349	0
0.264	0	0	27	5	5	0	349	0
0.265	0	0	27	6	6	0	349	0
0.266	0	0	27	7	7	0	349	0
0.267	0	0	27	8	8	0	349	0
0.268	0	0	27	9	9	0	349	0
0.269	0	0	27	10	10	0	349	0
0.27	0	0	28	1	11	0	349	0
0.271	0	0	28	2	12	0	349	0
0.272	0	0	28	3	13	0	349	0
0.273	0	0	28	4	14	0	349	0
0.288	0	0	29	9	2	0	349	0
0.289	0	0	29	10	3	0	349	0
0.29	0	0	30	1	4	0	349	0
0.291	0	0	30	2	1	0	349	0
0.292	0	0	30	3	5	0	349	0
0.293	0	0	30	4	6	0	349	0
0.294	0	0	30	5	7	0	349	0
0.295	0	0	30	6	8	0	349	0
0.296	0	0	30	7	9	0	349	0
0.297	0	0	30	8	10	0	349	0
0.298	0	0	30	9	11	0	349	0
0.299	0	0	30	10	12	0	349	0
0.3	0	0	31	1	13	0	349	0
0.301	0	0	31	2	14	0	349	0
0.316	0	0	32	7	2	0	349	0
0.317	0	0	32	8	3	0	349	0
0.318	0	0	32	9	4	0	349	0
0.319	0	0	32	10	1	0	349	0
0.32	0	0	33	1	5	0	349	0
0.321	0	0	33	2	6	0	349	0
0.322	0	0	33	3	7	0	349	0
0.323	0	0	33	4	8	0	349	0
0.324	0	0	33	5	9	0	349	0
0.325	0	0	33	6	10	0	349	0
0.326	0	0	33	7	11	0	349	0
0.327	0	0	33	8	12	0	349	0
0.328	0	0	33	9	13	0	349	0
0.329	0	0	33	10	14	0	349	0
0.344	0	0	35	5	2	28	9422	0
0.345	0	0	35	6	3	28	9422	0
0.346	0	0	35	7	4	28	9422	0
0.347	0	0	35	8	1	24	6882	0
0.348	0	0	35	9	5	24	6882	0
0.349	0	0	35	10	6	26	7708	0
0.35	0	0	36	1	7	24	6882	0
0.351	0	0	36	2	8	28	9422	0
0.352	0	0	36	3	9	28	9422	0
0.353	0	0	36	4	10	24	6882	0
0.354	0	0	36	5	11	26	7708	0
0.355	0	0	36	6	12	28	9422	0
0.356	0	0	36	7	13	28	9422	0
0.357	0	0	36	8	14	24	6882	0
0.372	0	0	38	3	2	28	9422	0
0.373	0	0	38	4	3	28	9422	0
0.374	0	0	38	5	4	28	9422	0
0.375	0	0	38	6	1	24	6882	0
0.376	0	0	38	7	5	24	6882	0
0.377	0	0	38	8	6	26	7708	0
0.378	0	0	38	9	7	24	6882	0
0.379	0	0	38	10	8	28	9422	0
0.38	0	0	39	1	9	28	9422	0
0.381	0	0	39	2	10	24	6882	0
0.382	0	0	39	3	11	26	7708	0
0.383	0	0	39	4	12	28	9422	0
0.384	0	0	39	5	13	28	9422	0
0.385	0	0	39	6	14	24	6882	0
0.4	0	0	41	1	2	28	9422	0
0.401	0	0	41	2	3	28	9422	0
0.402	0	0	41	3	4	28	9422	0
0.403	0	0	41	4	1	24	6882	0
0.404	0	0	41	5	5	24	6882	0
0.405	0	0	41	6	6	26	7708	0
0.406	0	0	41	7	7	24	6882	0
0.407	0	0	41	8	8	28	9422	0
0.408	0	0	41	9	9	28	9422	0
0.409	0	0	41	10	10	24	6882	0
0.41	0	0	42	1	11	26	7708	0
0.411	0	0	42	2	12	28	9422	0
0.412	0	0	42	3	13	28	9422	0
0.413	0	0	42	4	14	24	6882	0
0.428	0	0	43	9	2	28	9422	0
0.429	0	0	43	10	3	28	9422	0
0.43	0	0	44	1	4	28	9422	0
0.431	0	0	44	2	1	24	6882	0
0.432	0	0	44	3	5	24	6882	0
0.433	0	0	44	4	6	26	7708	0
0.434	0	0	44	5	7	24	6882	0
0.435	0	0	44	6	8	28	9422	0
0.436	0	0	44	7	9	28	9422	0
0.437	0	0	44	8	10	24	6882	0
0.438	0	0	44	9	11	26	7708	0
0.439	0	0	44	10	12	28	9422	0
0.44	0	0	45	1	13	28	9422	0
0.441	0	0	45	2	14	24	6882	0
0.456	0	0	46	7	2	28	9422	0
0.457	0	0	46	8	3	28	9422	0
0.458	0	0	46	9	4	28	9422	0
0.459	0	0	46	10	1	24	6882	0
0.46	0	0	47	1	5	24	6882	0
0.461	0	0	47	2	6	26	7708	0
0.462	0	0	47	3	7	24	6882	0
0.463	0	0	47	4	8	28	9422	0
0.464	0	0	47	5	9	28	9422	0
0.465	0	0	47	6	10	24	6882	0
0.466	0	0	47	7	11	26	7708	0
0.467	0	0	47	8	12	28	9422	0
0.468	0	0	47	9	13	28	9422	0
0.469	0	0	47	10	14	24	6882	0
0.484	0	0	49	5	2	28	9422	0
0.485	0	0	49	6	3	28	9422	0
0.486	0	0	49	7	4	28	9422	0
0.487	0	0	49	8	1	24	6882	0
0.488	0	0	49	9	5	24	6882	0
0.489	0	0	49	10	6	26	7708	0
0.49	0	0	50	1	7	24	6882	0
0.491	0	0	50	2	8	28	9422	0
0.492	0	0	50	3	9	28	9422	0
0.493	0	0	50	4	10	24	6882	0
0.494	0	0	50	5	11	26	7708	0
0.495	0	0	50	6	12	28	9422	0
0.496	0	0	50	7	13	28	9422	0
0.497	0	0	50	8	14	24	6882	0
0.512	0	0	52	3	2	28	9422	0
0.513	0	0	52	4	3	28	9422	0
0.514	0	0	52	5	4	28	9422	0
0.515	0	0	52	6	1	24	6882	0
0.516	0	0	52	7	5	24	6882	0
0.517	0	0	52	8	6	26	7708	0
0.518	0	0	52	9	7	24	6882	0
0.519	0	0	52	10	8	28	9422	0
0.52	0	0	53	1	9	28	9422	0
0.521	0	0	53	2	10	24	6882	0
0.522	0	0	53	3	11	26	7708	0
0.523	0	0	53	4	12	28	9422	0
0.524	0	0	53	5	13	28	9422	0
0.525	0	0	53	6	14	24	6882	0
0.54	0	0	55	1	2	28	9422	0
0.541	0	0	55	2	3	28	9422	0
0.542	0	0	55	3	4	28	9422	0
0.543	0	0	55	4	1	24	6882	0
0.544	0	0	55	5	5	24	6882	0
0.545	0	0	55	6	6	26	7708	0
0.546	0	0	55	7	7	24	6882	0
0.547	0	0	55	8	8	28	9422	0
0.548	0	0	55	9	9	28	9422	0
0.549	0	0	55	10	10	24	6882	0
0.55	0	0	56	1	11	26	7708	0
0.551	0	0	56	2	12	28	9422	0
0.552	0	0	56	3	13	28	9422	0
0.553	0	0	56	4	14	24	6882	0
0.568	0	0	57	9	2	28	9422	0
0.569	0	0	57	10	3	28	9422	0
0.57	0	0	58	1	4	28	9422	0
0.571	0	0	58	2	1	24	6882	0
0.572	0	0	58	3	5	24	6882	0
0.573	0	0	58	4	6	26	7708	0
0.574	0	0	58	5	7	24	6882	0
0.575	0	0	58	6	8	28	9422	0
0.576	0	0	58	7	9	28	9422	0
0.577	0	0	58	8	10	24	6882	0
0.578	0	0	58	9	11	26	7708	0
0.579	0	0	58	10	12	28	9422	0
0.58	0	0	59	1	13	28	9422	0
0.581	0	0	59	2	14	24	6882	0
0.596	0	0	60	7	2	28	9422	0
0.597	0	0	60	8	3	28	9422	0
0.598	0	0	60	9	4	28	9422	0
0.599	0	0	60	10	1	24	6882	0
0.6	0	0	61	1	5	24	6882	0
0.601	0	0	61	2	6	26	7708	0
0.602	0	0	61	3	7	24	6882	0
0.603	0	0	61	4	8	28	9422	0
0.604	0	0	61	5	9	28	9422	0
0.605	0	0	61	6	10	24	6882	0
0.606	0	0	61	7	11	26	7708	0
0.607	0	0	61	8	12	28	9422	0
0.608	0	0	61	9	13	28	9422	0
0.609	0	0	61	10	14	24	6882	0
0.624	0	0	63	5	2	28	9422	0
0.625	0	0	63	6	3	28	9422	0
0.626	0	0	63	7	4	28	9422	0
0.627	0	0	63	8	1	24	6882	0
0.628	0	0	63	9	5	24	6882	0
0.629	0	0	63	10	6	26	7708	0
0.63	0	0	64	1	7	24	6882	0
0.631	0	0	64	2	8	28	9422	0
0.632	0	0	64	3	9	28	9422	0
0.633	0	0	64	4	10	24	6882	0
0.634	0	0	64	5	11	26	7708	0
0.635	0	0	64	6	12	28	9422	0
0.636	0	0	64	7	13	28	9422	0
0.637	0	0	64	8	14	24	6882	0
0.652	0	0	66	3	2	28	9422	0
0.653	0	0	66	4	3	28	9422	0
0.654	0	0	66	5	4	28	9422	0
0.655	0	0	66	6	1	24	6882	0
0.656	0	0	66	7	5	24	6882	0
0.657	0	0	66	8	6	26	7708	0
0.658	0	0	66	9	7	24	6882	0
0.659	0	0	66	10	8	28	9422	0
0.66	0	0	67	1	9	28	9422	0
0.661	0	0	67	2	10	24	6882	0
0.662	0	0	67	3	11	26	7708	0
0.663	0	0	67	4	12	28	9422	0
0.664	0	0	67	5	13	28	9422	0
0.665	0	0	67	6	14	24	6882	0
0.68	0	0	69	1	2	28	9422	0
0.681	0	0	69	2	3	28	9422	0
0.682	0	0	69	3	4	28	9422	0
0.683	0	0	69	4	1	24	6882	0
0.684	0	0	69	5	5	24	6882	0
0.685	0	0	69	6	6	26	7708	0
0.686	0	0	69	7	7	24	6882	0
0.687	0	0	69	8	8	28	9422	0
0.688	0	0	69	9	9	28	9422	0
0.689	0	0	69	10	10	24	6882	0
0.69	0	0	70	1	11	26	7708	0
0.691	0	0	70	2	12	28	9422	0
0.692	0	0	70	3	13	28	9422	0
0.693	0	0	70	4	14	24	6882	0
0.708	0	0	71	9	2	28	9422	0
0.709	0	0	71	10	3	28	9422	0
0.71	0	0	72	1	4	28	9422	0
0.711	0	0	72	2	1	24	6882	0
0.712	0	0	72	3	5	24	6882	0
0.713	0	0	72	4	6	26	7708	0
0.714	0	0	72	5	7	24	6882	0
0.715	0	0	72	6	8	28	9422	0
0.716	0	0	72	7	9	28	9422	0
0.717	0	0	72	8	10	24	6882	0
0.718	0	0	72	9	11	26	7708	0
0.719	0	0	72	10	12	28	9422	0
0.72	0	0	73	1	13	28	9422	0
0.721	0	0	73	2	14	24	6882	0
0.736	0	0	74	7	2	28	9422	0
0.737	0	0	74	8	3	28	9422	0
0.738	0	0	74	9	4	28	9422	0
0.739	0	0	74	10	1	24	6882	0
0.74	0	0	75	1	5	24	6882	0
0.741	0	0	75	2	6	26	7708	0
0.742	0	0	75	3	7	24	6882	0
0.743	0	0	75	4	8	28	9422	0
0.744	0	0	75	5	9	28	9422	0
0.745	0	0	75	6	10	24	6882	0
0.746	0	0	75	7	11	26	7708	0
0.747	0	0	75	8	12	28	9422	0
0.748	0	0	75	9	13	28	9422	0
0.749	0	0	75	10	14	24	6882	0
0.764	0	0	77	5	2	28	9422	0
0.765	0	0	77	6	3	28	9422	0
0.766	0	0	77	7	4	28	9422	0
0.767	0	0	77	8	1	24	6882	0
0.768	0	0	77	9	5	24	6882	0
0.769	0	0	77	10	6	26	7708	0
0.77	0	0	78	1	7	24	6882	0
0.771	0	0	78	2	8	28	9422	0
0.772	0	0	78	3	9	28	9422	0
0.773	0	0	78	4	10	24	6882	0
0.774	0	0	78	5	11	26	7708	0
0.775	0	0	78	6	12	28	9422	0
0.776	0	0	78	7	13	28	9422	0
0.777	0	0	78	8	14	24	6882	0
0.792	0	0	80	3	2	28	9422	0
0.793	0	0	80	4	3	28	9422	0
0.794	0	0	80	5	4	28	9422	0
0.795	0	0	80	6	1	24	6882	0
0.796	0	0	80	7	5	24	6882	0
0.797	0	0	80	8	6	26	7708	0
0.798	0	0	80	9	7	24	6882	0
0.799	0	0	80	10	8	28	9422	0
0.8	0	0	81	1	9	28	9422	0
0.801	0	0	81	2	10	24	6882	0
0.802	0	0	81	3	11	26	7708	0
0.803	0	0	81	4	12	28	9422	0
0.804	0	0	81	5	13	28	9422	0
0.805	0	0	81	6	14	24	6882	0
0.82	0	0	83	1	2	28	9422	0
0.821	0	0	83	2	3	28	9422	0
0.822	0	0	83	3	4	28	9422	0
0.823	0	0	83	4	1	24	6882	0
0.824	0	0	83	5	5	24	6882	0
0.825	0	0	83	6	6	26	7708	0
0.826	0	0	83	7	7	24	6882	0
0.827	0	0	83	8	8	28	9422	0
0.828	0	0	83	9	9	28	9422	0
0.829	0	0	83	10	10	24	6882	0
0.83	0	0	84	1	11	26	7708	0
0.831	0	0	84	2	12	28	9422	0
0.832	0	0	84	3	13	28	9422	0
0.833	0	0	84	4	14	24	6882	0
0.848	0	0	85	9	2	28	9422	0
0.849	0	0	85	10	3	28	9422	0
0.85	0	0	86	1	4	28	9422	0
0.851	0	0	86	2	1	24	6882	0
0.852	0	0	86	3	5	24	6882	0
0.853	0	0	86	4	6	26	7708	0
0.854	0	0	86	5	7	24	6882	0
0.855	0	0	86	6	8	28	9422	0
0.856	0	0	86	7	9	28	9422	0
0.857	0	0	86	8	10	24	6882	0
0.858	0	0	86	9	11	26	7708	0
0.859	0	0	86	10	12	28	9422	0
0.86	0	0	87	1	13	28	9422	0
0.861	0	0	87	2	14	24	6882	0
0.876	0	0	88	7	2	28	9422	0
0.877	0	0	88	8	3	28	9422	0
0.878	0	0	88	9	4	28	9422	0
0.879	0	0	88	10	1	24	6882	0
0.88	0	0	89	1	5	24	6882	0
0.881	0	0	89	2	6	26	7708	0
0.882	0	0	89	3	7	24	6882	0
0.883	0	0	89	4	8	28	9422	0
0.884	0	0	89	5	9	28	9422	0
0.885	0	0	89	6	10	24	6882	0
0.886	0	0	89	7	11	26	7708	0
0.887	0	0	89	8	12	28	9422	0
0.888	0	0	89	9	13	28	9422	0
0.889	0	0	89	10	14	24	6882	0
0.904	0	0	91	5	2	28	9422	0
0.905	0	0	91	6	3	28	9422	0
0.906	0	0	91	7	4	28	9422	0
0.907	0	0	91	8	1	24	6882	0
0.908	0	0	91	9	5	24	6882	0
0.909	0	0	91	10	6	26	7708	0
0.91	0	0	92	1	7	24	6882	0
0.911	0	0	92	2	8	28	9422	0
0.912	0	0	92	3	9	28	9422	0
0.913	0	0	92	4	10	24	6882	0
0.914	0	0	92	5	11	26	7708	0
0.915	0	0	92	6	12	28	9422	0
0.916	0	0	92	7	13	28	9422	0
0.917	0	0	92	8	14	24	6882	0
0.932	0	0	94	3	2	28	9422	0
0.933	0	0	94	4	3	28	9422	0
0.934	0	0	94	5	4	28	9422	0
0.935	0	0	94	6	1	24	6882	0
0.936	0	0	94	7	5	24	6882	0
0.937	0	0	94	8	6	26	7708	0
0.938	0	0	94	9	7	24	6882	0
0.939	0	0	94	10	8	28	9422	0
0.94	0	0	95	1	9	28	9422	0
0.941	0	0	95	2	10	24	6882	0
0.942	0	0	95	3	11	26	7708	0
0.943	0	0	95	4	12	28	9422	0
0.944	0	0	95	5	13	28	9422	0
0.945	0	0	95	6	14	24	6882	0
0.96	0	0	97	1	2	28	9422	0
0.961	0	0	97	2	3	28	9422	0
0.962	0	0	97	3	4	28	9422	0
0.963	0	0	97	4	1	24	6882	0
0.964	0	0	97	5	5	24	6882	0
0.965	0	0	97	6	6	26	7708	0
0.966	0	0	97	7	7	24	6882	0
0.967	0	0	97	8	8	28	9422	0
0.968	0	0	97	9	9	28	9422	0
0.969	0	0	97	10	10	24	6882	0
0.97	0	0	98	1	11	26	7708	0
0.971	0	0	98	2	12	28	9422	0
0.972	0	0	98	3	13	28	9422	0
0.973	0	0	98	4	14	24	6882	0
0.988	0	0	99	9	2	28	9422	0
0.989	0	0	99	10	3	28	9422	0
0.99	0	0	100	1	4	28	9422	0
0.991	0	0	100	2	1	24	6882	0
0.992	0	0	100	3	5	24	6882	0
0.993	0	0	100	4	6	26	7708	0
0.994	0	0	100	5	7	24	6882	0
0.995	0	0	100	6	8	28	9422	0
0.996	0	0	100	7	9	28	9422	0
0.997	0	0	100	8	10	24	6882	0
0.998	0	0	100	9	11	26	7708	0
0.999	0	0	100	10	12	28	9422	0
1	0	0	101	1	13	28	9422	0
1.001	0	0	101	2	14	24	6882	0
1.016	0	0	102	7	2	28	9422	0
1.017	0	0	102	8	3	28	9422	0
1.018	0	0	102	9	4	28	9422	0
1.019	0	0	102	10	1	24	6882	0
1.02	0	0	103	1	5	24	6882	0
1.021	0	0	103	2	6	26	7708	0
1.022	0	0	103	3	7	24	6882	0
1.023	0	0	103	4	8	28	9422	0
1.024	0	0	103	5	9	28	9422	0
1.025	0	0	103	6	10	24	6882	0
1.026	0	0	103	7	11	26	7708	0
1.027	0	0	103	8	12	28	9422	0
1.028	0	0	103	9	13	28	9422	0
1.029	0	0	103	10	14	24	6882	0
1.044	0	0	105	5	2	28	9422	0
1.045	0	0	105	6	3	28	9422	0
1.046	0	0	105	7	4	28	9422	0
1.047	0	0	105	8	1	24	6882	0
1.048	0	0	105	9	5	24	6882	0
1.049	0	0	105	10	6	26	7708	0
1.05	0	0	106	1	7	24	6882	0
1.051	0	0	106	2	8	28	9422	0
1.052	0	0	106	3	9	28	9422	0
1.053	0	0	106	4	10	24	6882	0
1.054	0	0	106	5	11	26	7708	0
1.055	0	0	106	6	12	28	9422	0
1.056	0	0	106	7	13	28	9422	0
1.057	0	0	106	8	14	24	6882	0
1.072	0	0	108	3	2	28	9422	0
1.073	0	0	108	4	3	28	9422	0
1.074	0	0	108	5	4	28	9422	0
1.075	0	0	108	6	1	24	6882	0
1.076	0	0	108	7	5	24	6882	0
1.077	0	0	108	8	6	26	7708	0
1.078	0	0	108	9	7	24	6882	0
1.079	0	0	108	10	8	28	9422	0
1.08	0	0	109	1	9	28	9422	0
1.081	0	0	109	2	10	24	6882	0
1.082	0	0	109	3	11	26	7708	0
1.083	0	0	109	4	12	28	9422	0
1.084	0	0	109	5	13	28	9422	0
1.085	0	0	109	6	14	24	6882	0
1.1	0	0	111	1	2	28	9422	0
1.101	0	0	111	2	3	28	9422	0
1.102	0	0	111	3	4	28	9422	0
1.103	0	0	111	4	1	24	6882	0
1.104	0	0	111	5	5	24	6882	0
1.105	0	0	111	6	6	26	7708	0
1.106	0	0	111	7	7	24	6882	0
1.107	0	0	111	8	8	28	9422	0
1.108	0	0	111	9	9	28	9422	0
1.109	0	0	111	10	10	24	6882	0
1.11	0	0	112	1	11	26	7708	0
1.111	0	0	112	2	12	28	9422	0
1.112	0	0	112	3	13	28	9422	0
1.113	0	0	112	4	14	24	6882	0
1.128	0	0	113	9	2	28	9422	0
1.129	0	0	113	10	3	28	9422	0
1.13	0	0	114	1	4	28	9422	0
1.131	0	0	114	2	1	24	6882	0
1.132	0	0	114	3	5	24	6882	0
1.133	0	0	114	4	6	26	7708	0
1.134	0	0	114	5	7	24	6882	0
1.135	0	0	114	6	8	28	9422	0
1.136	0	0	114	7	9	28	9422	0
1.137	0	0	114	8	10	24	6882	0
1.138	0	0	114	9	11	26	7708	0
1.139	0	0	114	10	12	28	9422	0
1.14	0	0	115	1	13	28	9422	0
1.141	0	0	115	2	14	24	6882	0
1.156	0	0	116	7	2	28	9422	0
1.157	0	0	116	8	3	28	9422	0
1.158	0	0	116	9	4	28	9422	0
1.159	0	0	116	10	1	24	6882	0
1.16	0	0	117	1	5	24	6882	0
1.161	0	0	117	2	6	26	7708	0
1.162	0	0	117	3	7	24	6882	0
1.163	0	0	117	4	8	28	9422	0
1.164	0	0	117	5	9	28	9422	0
1.165	0	0	117	6	10	24	6882	0
1.166	0	0	117	7	11	26	7708	0
1.167	0	0	117	8	12	28	9422	0
1.168	0	0	117	9	13	28	9422	0
1.169	0	0	117	10	14	24	6882	0
1.184	0	0	119	5	2	28	9422	0
1.185	0	0	119	6	3	28	9422	0
1.186	0	0	119	7	4	28	9422	0
1.187	0	0	119	8	1	24	6882	0
1.188	0	0	119	9	5	24	6882	0
1.189	0	0	119	10	6	26	7708	0
1.19	0	0	120	1	7	24	6882	0
1.191	0	0	120	2	8	28	9422	0
1.192	0	0	120	3	9	28	9422	0
1.193	0	0	120	4	10	24	6882	0
1.194	0	0	120	5	11	26	7708	0
1.195	0	0	120	6	12	28	9422	0
1.196	0	0	120	7	13	28	9422	0
1.197	0	0	120	8	14	24	6882	0
1.212	0	0	122	3	2	28	9422	0
1.213	0	0	122	4	3	28	9422	0
1.214	0	0	122	5	4	28	9422	0
1.215	0	0	122	6	1	24	6882	0
1.216	0	0	122	7	5	24	6882	0
1.217	0	0	122	8	6	26	7708	0
1.218	0	0	122	9	7	24	6882	0
1.219	0	0	122	10	8	28	9422	0
1.22	0	0	123	1	9	28	9422	0
1.221	0	0	123	2	10	24	6882	0
1.222	0	0	123	3	11	26	7708	0
1.223	0	0	123	4	12	28	9422	0
1.224	0	0	123	5	13	28	9422	0
1.225	0	0	123	6	14	24	6882	0
1.24	0	0	125	1	2	28	9422	0
1.241	0	0	125	2	3	28	9422	0
1.242	0	0	125	3	4	28	9422	0
1.243	0	0	125	4	1	24	6882	0
1.244	0	0	125	5	5	24	6882	0
1.245	0	0	125	6	6	26	7708	0
1.246	0	0	125	7	7	24	6882	0
1.247	0	0	125	8	8	28	9422	0
1.248	0	0	125	9	9	28	9422	0
1.249	0	0	125	10	10	24	6882	0
1.25	0	0	126	1	11	26	7708	0
1.251	0	0	126	2	12	28	9422	0
1.252	0	0	126	3	13	28	9422	0
1.253	0	0	126	4	14	24	6882	0
1.268	0	0	127	9	2	28	9422	0
1.269	0	0	127	10	3	28	9422	0
1.27	0	0	128	1	4	28	9422	0
1.271	0	0	128	2	1	24	6882	0
1.272	0	0	128	3	5	24	6882	0
1.273	0	0	128	4	6	26	7708	0
1.274	0	0	128	5	7	24	6882	0
1.275	0	0	128	6	8	28	9422	0
1.276	0	0	128	7	9	28	9422	0
1.277	0	0	128	8	10	24	6882	0
1.278	0	0	128	9	11	26	7708	0
1.279	0	0	128	10	12	28	9422	0
1.28	0	0	129	1	13	28	9422	0
1.281	0	0	129	2	14	24	6882	0
1.296	0	0	130	7	2	28	9422	0
1.297	0	0	130	8	3	28	9422	0
1.298	0	0	130	9	4	28	9422	0
1.299	0	0	130	10	1	24	6882	0
1.3	0	0	131	1	5	24	6882	0
1.301	0	0	131	2	6	26	7708	0
1.302	0	0	131	3	7	24	6882	0
1.303	0	0	131	4	8	28	9422	0
1.304	0	0	131	5	9	28	9422	0
1.305	0	0	131	6	10	24	6882	0
1.306	0	0	131	7	11	26	7708	0
1.307	0	0	131	8	12	28	9422	0
1.308	0	0	131	9	13	28	9422	0
1.309	0	0	131	10	14	24	6882	0
1.324	0	0	133	5	2	28	9422	0
1.325	0	0	133	6	3	28	9422	0
1.326	0	0	133	7	4	28	9422	0
1.327	0	0	133	8	1	24	6882	0
1.328	0	0	133	9	5	24	6882	0
1.329	0	0	133	10	6	26	7708	0
1.33	0	0	134	1	7	24	6882	0
1.331	0	0	134	2	8	28	9422	0
1.332	0	0	134	3	9	28	9422	0
1.333	0	0	134	4	10	24	6882	0
1.334	0	0	134	5	11	26	7708	0
1.335	0	0	134	6	12	28	9422	0
1.336	0	0	134	7	13	28	9422	0
1.337	0	0	134	8	14	24	6882	0
1.352	0	0	136	3	2	28	9422	0
1.353	0	0	136	4	3	28	9422	0
1.354	0	0	136	5	4	28	9422	0
1.355	0	0	136	6	1	24	6882	0
1.356	0	0	136	7	5	24	6882	0
1.357	0	0	136	8	6	26	7708	0
1.358	0	0	136	9	7	24	6882	0
1.359	0	0	136	10	8	28	9422	0
1.36	0	0	137	1	9	28	9422	0
1.361	0	0	137	2	10	24	6882	0
1.362	0	0	137	3	11	26	7708	0
1.363	0	0	137	4	12	28	9422	0
1.364	0	0	137	5	13	28	9422	0
1.365	0	0	137	6	14	24	6882	0
1.38	0	0	139	1	2	28	9422	0
1.381	0	0	139	2	3	28	9422	0
1.382	0	0	139	3	4	28	9422	0
1.383	0	0	139	4	1	24	6882	0
1.384	0	0	139	5	5	24	6882	0
1.385	0	0	139	6	6	26	7708	0
1.386	0	0	139	7	7	24	6882	0
1.387	0	0	139	8	8	28	9422	0
1.388	0	0	139	9	9	28	9422	0
1.389	0	0	139	10	10	24	6882	0
1.39	0	0	140	1	11	26	7708	0
1.391	0	0	140	2	12	28	9422	0
1.392	0	0	140	3	13	28	9422	0
1.393	0	0	140	4	14	24	6882	0
1.408	0	0	141	9	2	28	9422	0
1.409	0	0	141	10	3	28	9422	0
1.41	0	0	142	1	4	28	9422	0
1.411	0	0	142	2	1	24	6882	0
1.412	0	0	142	3	5	24	6882	0
1.413	0	0	142	4	6	26	7708	0
1.414	0	0	142	5	7	24	6882	0
1.415	0	0	142	6	8	28	9422	0
1.416	0	0	142	7	9	28	9422	0
1.417	0	0	142	8	10	24	6882	0
1.418	0	0	142	9	11	26	7708	0
1.419	0	0	142	10	12	28	9422	0
1.42	0	0	143	1	13	28	9422	0
1.421	0	0	143	2	14	24	6882	0
1.436	0	0	144	7	2	28	9422	0
1.437	0	0	144	8	3	28	9422	0
1.438	0	0	144	9	4	28	9422	0
1.439	0	0	144	10	1	24	6882	0
1.44	0	0	145	1	5	24	6882	0
1.441	0	0	145	2	6	26	7708	0
1.442	0	0	145	3	7	24	6882	0
1.443	0	0	145	4	8	28	9422	0
1.444	0	0	145	5	9	28	9422	0
1.445	0	0	145	6	10	24	6882	0
1.446	0	0	145	7	11	26	7708	0
1.447	0	0	145	8	12	28	9422	0
1.448	0	0	145	9	13	28	9422	0
1.449	0	0	145	10	14	24	6882	0
1.464	0	0	147	5	2	28	9422	0
1.465	0	0	147	6	3	28	9422	0
1.466	0	0	147	7	4	28	9422	0
1.467	0	0	147	8	1	24	6882	0
1.468	0	0	147	9	5	24	6882	0
1.469	0	0	147	10	6	26	7708	0
1.47	0	0	148	1	7	24	6882	0
1.471	0	0	148	2	8	28	9422	0
1.472	0	0	148	3	9	28	9422	0
1.473	0	0	148	4	10	24	6882	0
1.474	0	0	148	5	11	26	7708	0
1.475	0	0	148	6	12	28	9422	0
1.476	0	0	148	7	13	28	9422	0
1.477	0	0	148	8	14	24	6882	0
1.492	0	0	150	3	2	28	9422	0
1.493	0	0	150	4	3	28	9422	0
1.494	0	0	150	5	4	28	9422	0
1.495	0	0	150	6	1	24	6882	0
1.496	0	0	150	7	5	24	6882	0
1.497	0	0	150	8	6	26	7708	0
1.498	0	0	150	9	7	24	6882	0
1.499	0	0	150	10	8	28	9422	0
1.5	0	0	151	1	9	28	9422	0
1.501	0	0	151	2	10	24	6882	0
1.502	0	0	151	3	11	26	7708	0
1.503	0	0	151	4	12	28	9422	0
1.504	0	0	151	5	13	28	9422	0
1.505	0	0	151	6	14	24	6882	0
1.52	0	0	153	1	2	28	9422	0
1.521	0	0	153	2	3	28	9422	0
1.522	0	0	153	3	4	28	9422	0
1.523	0	0	153	4	1	24	6882	0
1.524	0	0	153	5	5	24	6882	0
1.525	0	0	153	6	6	26	7708	0
1.526	0	0	153	7	7	24	6882	0
1.527	0	0	153	8	8	28	9422	0
1.528	0	0	153	9	9	28	9422	0
1.529	0	0	153	10	10	24	6882	0
1.53	0	0	154	1	11	26	7708	0
1.531	0	0	154	2	12	28	9422	0
1.532	0	0	154	3	13	28	9422	0
1.533	0	0	154	4	14	24	6882	0
1.548	0	0	155	9	2	28	9422	0
1.549	0	0	155	10	3	28	9422	0
1.55	0	0	156	1	4	28	9422	0
1.551	0	0	156	2	1	24	6882	0
1.552	0	0	156	3	5	24	6882	0
1.553	0	0	156	4	6	26	7708	0
1.554	0	0	156	5	7	24	6882	0
1.555	0	0	156	6	8	28	9422	0
1.556	0	0	156	7	9	28	9422	0
1.557	0	0	156	8	10	24	6882	0
1.558	0	0	156	9	11	26	7708	0
1.559	0	0	156	10	12	28	9422	0
1.56	0	0	157	1	13	28	9422	0
1.561	0	0	157	2	14	24	6882	0
1.576	0	0	158	7	2	28	9422	0
1.577	0	0	158	8	3	28	9422	0
1.578	0	0	158	9	4	28	9422	0
1.579	0	0	158	10	1	24	6882	0
1.58	0	0	159	1	5	24	6882	0
1.581	0	0	159	2	6	26	7708	0
1.582	0	0	159	3	7	24	6882	0
1.583	0	0	159	4	8	28	9422	0
1.584	0	0	159	5	9	28	9422	0
1.585	0	0	159	6	10	24	6882	0
1.586	0	0	159	7	11	26	7708	0
1.587	0	0	159	8	12	28	9422	0
1.588	0	0	159	9	13	28	9422	0
1.589	0	0	159	10	14	24	6882	0
1.604	0	0	161	5	2	28	9422	0
1.605	0	0	161	6	3	28	9422	0
1.606	0	0	161	7	4	28	9422	0
1.607	0	0	161	8	1	24	6882	0
1.608	0	0	161	9	5	24	6882	0
1.609	0	0	161	10	6	26	7708	0
1.61	0	0	162	1	7	24	6882	0
1.611	0	0	162	2	8	28	9422	0
1.612	0	0	162	3	9	28	9422	0
1.613	0	0	162	4	10	24	6882	0
1.614	0	0	162	5	11	26	7708	0
1.615	0	0	162	6	12	28	9422	0
1.616	0	0	162	7	13	28	9422	0
1.617	0	0	162	8	14	24	6882	0
1.632	0	0	164	3	2	28	9422	0
1.633	0	0	164	4	3	28	9422	0
1.634	0	0	164	5	4	28	9422	0
1.635	0	0	164	6	1	24	6882	0
1.636	0	0	164	7	5	24	6882	0
1.637	0	0	164	8	6	26	7708	0
1.638	0	0	164	9	7	24	6882	0
1.639	0	0	164	10	8	28	9422	0
1.64	0	0	165	1	9	28	9422	0
1.641	0	0	165	2	10	24	6882	0
1.642	0	0	165	3	11	26	7708	0
1.643	0	0	165	4	12	28	9422	0
1.644	0	0	165	5	13	28	9422	0
1.645	0	0	165	6	14	24	6882	0
1.66	0	0	167	1	2	28	9422	0
1.661	0	0	167	2	3	28	9422	0
1.662	0	0	167	3	4	28	9422	0
1.663	0	0	167	4	1	24	6882	0
1.664	0	0	167	5	5	24	6882	0
1.665	0	0	167	6	6	26	7708	0
1.666	0	0	167	7	7	24	6882	0
1.667	0	0	167	8	8	28	9422	0
1.668	0	0	167	9	9	28	9422	0
1.669	0	0	167	10	10	24	6882	0
1.67	0	0	168	1	11	26	7708	0
1.671	0	0	168	2	12	28	9422	0
1.672	0	0	168	3	13	28	9422	0
1.673	0	0	168	4	14	24	6882	0
1.688	0	0	169	9	2	28	9422	0
1.689	0	0	169	10	3	28	9422	0
1.69	0	0	170	1	4	28	9422	0
1.691	0	0	170	2	1	24	6882	0
1.692	0	0	170	3	5	24	6882	0
1.693	0	0	170	4	6	26	7708	0
1.694	0	0	170	5	7	24	6882	0
1.695	0	0	170	6	8	28	9422	0
1.696	0	0	170	7	9	28	9422	0
1.697	0	0	170	8	10	24	6882	0
1.698	0	0	170	9	11	26	7708	0
1.699	0	0	170	10	12	28	9422	0
1.7	0	0	171	1	13	28	9422	0
1.701	0	0	171	2	14	24	6882	0
1.716	0	0	172	7	2	28	9422	0
1.717	0	0	172	8	3	28	9422	0
1.718	0	0	172	9	4	28	9422	0
1.719	0	0	172	10	1	24	6882	0
1.72	0	0	173	1	5	24	6882	0
1.721	0	0	173	2	6	26	7708	0
1.722	0	0	173	3	7	24	6882	0
1.723	0	0	173	4	8	28	9422	0
1.724	0	0	173	5	9	28	9422	0
1.725	0	0	173	6	10	24	6882	0
1.726	0	0	173	7	11	26	7708	0
1.727	0	0	173	8	12	28	9422	0
1.728	0	0	173	9	13	28	9422	0
1.729	0	0	173	10	14	24	6882	0
1.744	0	0	175	5	2	28	9422	0
1.745	0	0	175	6	3	28	9422	0
1.746	0	0	175	7	4	28	9422	0
1.747	0	0	175	8	1	24	6882	0
1.748	0	0	175	9	5	24	6882	0
1.749	0	0	175	10	6	26	7708	0
1.75	0	0	176	1	7	24	6882	0
1.751	0	0	176	2	8	28	9422	0
1.752	0	0	176	3	9	28	9422	0
1.753	0	0	176	4	10	24	6882	0
1.754	0	0	176	5	11	26	7708	0
1.755	0	0	176	6	12	28	9422	0
1.756	0	0	176	7	13	28	9422	0
1.757	0	0	176	8	14	24	6882	0
1.772	0	0	178	3	2	28	9422	0
1.773	0	0	178	4	3	28	9422	0
1.774	0	0	178	5	4	28	9422	0
1.775	0	0	178	6	1	24	6882	0
1.776	0	0	178	7	5	24	6882	0
1.777	0	0	178	8	6	26	7708	0
1.778	0	0	178	9	7	24	6882	0
1.779	0	0	178	10	8	28	9422	0
1.78	0	0	179	1	9	28	9422	0
1.781	0	0	179	2	10	24	6882	0
1.782	0	0	179	3	11	26	7708	0
1.783	0	0	179	4	12	28	9422	0
1.784	0	0	179	5	13	28	9422	0
1.785	0	0	179	6	14	24	6882	0
1.8	0	0	181	1	2	28	9422	0
1.801	0	0	181	2	3	28	9422	0
1.802	0	0	181	3	4	28	9422	0
1.803	0	0	181	4	1	24	6882	0
1.804	0	0	181	5	5	24	6882	0
1.805	0	0	181	6	6	26	7708	0
1.806	0	0	181	7	7	24	6882	0
1.807	0	0	181	8	8	28	9422	0
1.808	0	0	181	9	9	28	9422	0
1.809	0	0	181	10	10	24	6882	0
1.81	0	0	182	1	11	26	7708	0
1.811	0	0	182	2	12	28	9422	0
1.812	0	0	182	3	13	28	9422	0
1.813	0	0	182	4	14	24	6882	0
1.828	0	0	183	9	2	28	9422	0
1.829	0	0	183	10	3	28	9422	0
1.83	0	0	184	1	4	28	9422	0
1.831	0	0	184	2	1	24	6882	0
1.832	0	0	184	3	5	24	6882	0
1.833	0	0	184	4	6	26	7708	0
1.834	0	0	184	5	7	24	6882	0
1.835	0	0	184	6	8	28	9422	0
1.836	0	0	184	7	9	28	9422	0
1.837	0	0	184	8	10	24	6882	0
1.838	0	0	184	9	11	26	7708	0
1.839	0	0	184	10	12	28	9422	0
1.84	0	0	185	1	13	28	9422	0
1.841	0	0	185	2	14	24	6882	0
1.856	0	0	186	7	2	28	9422	0
1.857	0	0	186	8	3	28	9422	0
1.858	0	0	186	9	4	28	9422	0
1.859	0	0	186	10	1	24	6882	0
1.86	0	0	187	1	5	24	6882	0
1.861	0	0	187	2	6	26	7708	0
1.862	0	0	187	3	7	24	6882	0
1.863	0	0	187	4	8	28	9422	0
1.864	0	0	187	5	9	28	9422	0
1.865	0	0	187	6	10	24	6882	0
1.866	0	0	187	7	11	26	7708	0
1.867	0	0	187	8	12	28	9422	0
1.868	0	0	187	9	13	28	9422	0
1.869	0	0	187	10	14	24	6882	0
1.884	0	0	189	5	2	28	9422	0
1.885	0	0	189	6	3	28	9422	0
1.886	0	0	189	7	4	28	9422	0
1.887	0	0	189	8	1	24	6882	0
1.888	0	0	189	9	5	24	6882	0
1.889	0	0	189	10	6	26	7708	0
1.89	0	0	190	1	7	24	6882	0
1.891	0	0	190	2	8	28	9422	0
1.892	0	0	190	3	9	28	9422	0
1.893	0	0	190	4	10	24	6882	0
1.894	0	0	190	5	11	26	7708	0
1.895	0	0	190	6	12	28	9422	0
1.896	0	0	190	7	13	28	9422	0
1.897	0	0	190	8	14	24	6882	0
1.912	0	0	192	3	2	28	9422	0
1.913	0	0	192	4	3	28	9422	0
1.914	0	0	192	5	4	28	9422	0
1.915	0	0	192	6	1	24	6882	0
1.916	0	0	192	7	5	24	6882	0
1.917	0	0	192	8	6	26	7708	0
1.918	0	0	192	9	7	24	6882	0
1.919	0	0	192	10	8	28	9422	0
1.92	0	0	193	1	9	28	9422	0
1.921	0	0	193	2	10	24	6882	0
1.922	0	0	193	3	11	26	7708	0
1.923	0	0	193	4	12	28	9422	0
1.924	0	0	193	5	13	28	9422	0
1.925	0	0	193	6	14	24	6882	0
1.94	0	0	195	1	2	28	9422	0
1.941	0	0	195	2	3	28	9422	0
1.942	0	0	195	3	4	28	9422	0
1.943	0	0	195	4	1	24	6882	0
1.944	0	0	195	5	5	24	6882	0
1.945	0	0	195	6	6	26	7708	0
1.946	0	0	195	7	7	24	6882	0
1.947	0	0	195	8	8	28	9422	0
1.948	0	0	195	9	9	28	9422	0
1.949	0	0	195	10	10	24	6882	0
1.95	0	0	196	1	11	26	7708	0
1.951	0	0	196	2	12	28	9422	0
1.952	0	0	196	3	13	28	9422	0
1.953	0	0	196	4	14	24	6882	0
1.968	0	0	197	9	2	28	9422	0
1.969	0	0	197	10	3	28	9422	0
1.97	0	0	198	1	4	28	9422	0
1.971	0	0	198	2	1	24	6882	0
1.972	0	0	198	3	5	24	6882	0
1.973	0	0	198	4	6	26	7708	0
1.974	0	0	198	5	7	24	6882	0
1.975	0	0	198	6	8	28	9422	0
1.976	0	0	198	7	9	28	9422	0
1.977	0	0	198	8	10	24	6882	0
1.978	0	0	198	9	11	26	7708	0
1.979	0	0	198	10	12	28	9422	0
1.98	0	0	199	1	13	28	9422	0
1.981	0	0	199	2	14	24	6882	0
1.996	0	0	200	7	2	28	9422	0
1.997	0	0	200	8	3	28	9422	0
1.998	0	0	200	9	4	28	9422	0
1.999	0	0	200	10	1	24	6882	0
2	0	0	201	1	5	24	6882	0
2.001	0	0	201	2	6	26	7708	0
2.002	0	0	201	3	7	24	6882	0
2.003	0	0	201	4	8	28	9422	0
2.004	0	0	201	5	9	28	9422	0
2.005	0	0	201	6	10	24	6882	0
2.006	0	0	201	7	11	26	7708	0
2.007	0	0	201	8	12	28	9422	0
2.008	0	0	201	9	13	28	9422	0
2.009	0	0	201	10	14	24	6882	0
2.024	0	0	203	5	2	28	9422	0
2.025	0	0	203	6	3	28	9422	0
2.026	0	0	203	7	4	28	9422	0
2.027	0	0	203	8	1	24	6882	0
2.028	0	0	203	9	5	24	6882	0
2.029	0	0	203	10	6	26	7708	0
2.03	0	0	204	1	7	24	6882	0
2.031	0	0	204	2	8	28	9422	0
2.032	0	0	204	3	9	28	9422	0
2.033	0	0	204	4	10	24	6882	0
2.034	0	0	204	5	11	26	7708	0
2.035	0	0	204	6	12	28	9422	0
2.036	0	0	204	7	13	28	9422	0
2.037	0	0	204	8	14	24	6882	0
2.052	0	0	206	3	2	28	9422	0
2.053	0	0	206	4	3	28	9422	0
2.054	0	0	206	5	4	28	9422	0
2.055	0	0	206	6	1	24	6882	0
2.056	0	0	206	7	5	24	6882	0
2.057	0	0	206	8	6	26	7708	0
2.058	0	0	206	9	7	24	6882	0
2.059	0	0	206	10	8	28	9422	0
2.06	0	0	207	1	9	28	9422	0
2.061	0	0	207	2	10	24	6882	0
2.062	0	0	207	3	11	26	7708	0
2.063	0	0	207	4	12	28	9422	0
2.064	0	0	207	5	13	28	9422	0
2.065	0	0	207	6	14	24	6882	0
2.08	0	0	209	1	2	28	9422	0
2.081	0	0	209	2	3	28	9422	0
2.082	0	0	209	3	4	28	9422	0
2.083	0	0	209	4	1	24	6882	0
2.084	0	0	209	5	5	24	6882	0
2.085	0	0	209	6	6	26	7708	0
2.086	0	0	209	7	7	24	6882	0
2.087	0	0	209	8	8	28	9422	0
2.088	0	0	209	9	9	28	9422	0
2.089	0	0	209	10	10	24	6882	0
2.09	0	0	210	1	11	26	7708	0
2.091	0	0	210	2	12	28	9422	0
2.092	0	0	210	3	13	28	9422	0
2.093	0	0	210	4	14	24	6882	0
2.108	0	0	211	9	2	28	9422	0
2.109	0	0	211	10	3	28	9422	0
2.11	0	0	212	1	4	28	9422	0
2.111	0	0	212	2	1	24	6882	0
2.112	0	0	212	3	5	24	6882	0
2.113	0	0	212	4	6	26	7708	0
2.114	0	0	212	5	7	24	6882	0
2.115	0	0	212	6	8	28	9422	0
2.116	0	0	212	7	9	28	9422	0
2.117	0	0	212	8	10	24	6882	0
2.118	0	0	212	9	11	26	7708	0
2.119	0	0	212	10	12	28	9422	0
2.12	0	0	213	1	13	28	9422	0
2.121	0	0	213	2	14	24	6882	0
2.136	0	0	214	7	2	28	9422	0
2.137	0	0	214	8	3	28	9422	0
2.138	0	0	214	9	4	28	9422	0
2.139	0	0	214	10	1	24	6882	0
2.14	0	0	215	1	5	24	6882	0
2.141	0	0	215	2	6	26	7708	0
2.142	0	0	215	3	7	24	6882	0
2.143	0	0	215	4	8	28	9422	0
2.144	0	0	215	5	9	28	9422	0
2.145	0	0	215	6	10	24	6882	0
2.146	0	0	215	7	11	26	7708	0
2.147	0	0	215	8	12	28	9422	0
2.148	0	0	215	9	13	28	9422	0
2.149	0	0	215	10	14	24	6882	0
2.164	0	0	217	5	2	28	9422	0
2.165	0	0	217	6	3	28	9422	0
2.166	0	0	217	7	4	28	9422	0
2.167	0	0	217	8	1	24	6882	0
2.168	0	0	217	9	5	24	6882	0
2.169	0	0	217	10	6	26	7708	0
2.17	0	0	218	1	7	24	6882	0
2.171	0	0	218	2	8	28	9422	0
2.172	0	0	218	3	9	28	9422	0
2.173	0	0	218	4	10	24	6882	0
2.174	0	0	218	5	11	26	7708	0
2.175	0	0	218	6	12	28	9422	0
2.176	0	0	218	7	13	28	9422	0
2.177	0	0	218	8	14	24	6882	0
2.192	0	0	220	3	2	28	9422	0
2.193	0	0	220	4	3	28	9422	0
2.194	0	0	220	5	4	28	9422	0
2.195	0	0	220	6	1	24	6882	0
2.196	0	0	220	7	5	24	6882	0
2.197	0	0	220	8	6	26	7708	0
2.198	0	0	220	9	7	24	6882	0
2.199	0	0	220	10	8	28	9422	0
2.2	0	0	221	1	9	28	9422	0
2.201	0	0	221	2	10	24	6882	0
2.202	0	0	221	3	11	26	7708	0
2.203	0	0	221	4	12	28	9422	0
2.204	0	0	221	5	13	28	9422	0
2.205	0	0	221	6	14	24	6882	0
2.22	0	0	223	1	2	28	9422	0
2.221	0	0	223	2	3	28	9422	0
2.222	0	0	223	3	4	28	9422	0
2.223	0	0	223	4	1	24	6882	0
2.224	0	0	223	5	5	24	6882	0
2.225	0	0	223	6	6	26	7708	0
2.226	0	0	223	7	7	24	6882	0
2.227	0	0	223	8	8	28	9422	0
2.228	0	0	223	9	9	28	9422	0
2.229	0	0	223	10	10	24	6882	0
2.23	0	0	224	1	11	26	7708	0
2.231	0	0	224	2	12	28	9422	0
2.232	0	0	224	3	13	28	9422	0
2.233	0	0	224	4	14	24	6882	0
2.248	0	0	225	9	2	28	9422	0
2.249	0	0	225	10	3	28	9422	0
2.25	0	0	226	1	4	28	9422	0
2.251	0	0	226	2	1	24	6882	0
2.252	0	0	226	3	5	24	6882	0
2.253	0	0	226	4	6	26	7708	0
2.254	0	0	226	5	7	24	6882	0
2.255	0	0	226	6	8	28	9422	0
2.256	0	0	226	7	9	28	9422	0
2.257	0	0	226	8	10	24	6882	0
2.258	0	0	226	9	11	26	7708	0
2.259	0	0	226	10	12	28	9422	0
2.26	0	0	227	1	13	28	9422	0
2.261	0	0	227	2	14	24	6882	0
2.276	0	0	228	7	2	28	9422	0
2.277	0	0	228	8	3	28	9422	0
2.278	0	0	228	9	4	28	9422	0
2.279	0	0	228	10	1	24	6882	0
2.28	0	0	229	1	5	24	6882	0
2.281	0	0	229	2	6	26	7708	0
2.282	0	0	229	3	7	24	6882	0
2.283	0	0	229	4	8	28	9422	0
2.284	0	0	229	5	9	28	9422	0
2.285	0	0	229	6	10	24	6882	0
2.286	0	0	229	7	11	26	7708	0
2.287	0	0	229	8	12	28	9422	0
2.288	0	0	229	9	13	28	9422	0
2.289	0	0	229	10	14	24	6882	0
2.304	0	0	231	5	2	28	9422	0
2.305	0	0	231	6	3	28	9422	0
2.306	0	0	231	7	4	28	9422	0
2.307	0	0	231	8	1	24	6882	0
2.308	0	0	231	9	5	24	6882	0
2.309	0	0	231	10	6	26	7708	0
2.31	0	0	232	1	7	24	6882	0
2.311	0	0	232	2	8	28	9422	0
2.312	0	0	232	3	9	28	9422	0
2.313	0	0	232	4	10	24	6882	0
2.314	0	0	232	5	11	26	7708	0
2.315	0	0	232	6	12	28	9422	0
2.316	0	0	232	7	13	28	9422	0
2.317	0	0	232	8	14	24	6882	0
2.332	0	0	234	3	2	28	9422	0
2.333	0	0	234	4	3	28	9422	0
2.334	0	0	234	5	4	28	9422	0
2.335	0	0	234	6	1	24	6882	0
2.336	0	0	234	7	5	24	6882	0
2.337	0	0	234	8	6	26	7708	0
2.338	0	0	234	9	7	24	6882	0
2.339	0	0	234	10	8	28	9422	0
2.34	0	0	235	1	9	28	9422	0
2.341	0	0	235	2	10	24	6882	0
2.342	0	0	235	3	11	26	7708	0
2.343	0	0	235	4	12	28	9422	0
2.344	0	0	235	5	13	28	9422	0
2.345	0	0	235	6	14	24	6882	0
2.36	0	0	237	1	2	28	9422	0
2.361	0	0	237	2	3	28	9422	0
2.362	0	0	237	3	4	28	9422	0
2.363	0	0	237	4	1	24	6882	0
2.364	0	0	237	5	5	24	6882	0
2.365	0	0	237	6	6	26	7708	0
2.366	0	0	237	7	7	24	6882	0
2.367	0	0	237	8	8	28	9422	0
2.368	0	0	237	9	9	28	9422	0
2.369	0	0	237	10	10	24	6882	0
2.37	0	0	238	1	11	26	7708	0
2.371	0	0	238	2	12	28	9422	0
2.372	0	0	238	3	13	28	9422	0
2.373	0	0	238	4	14	24	6882	0
2.388	0	0	239	9	2	28	9422	0
2.389	0	0	239	10	3	28	9422	0
2.39	0	0	240	1	4	28	9422	0
2.391	0	0	240	2	1	24	6882	0
2.392	0	0	240	3	5	24	6882	0
2.393	0	0	240	4	6	26	7708	0
2.394	0	0	240	5	7	24	6882	0
2.395	0	0	240	6	8	28	9422	0
2.396	0	0	240	7	9	28	9422	0
2.397	0	0	240	8	10	24	6882	0
2.398	0	0	240	9	11	26	7708	0
2.399	0	0	240	10	12	28	9422	0
2.4	0	0	241	1	13	28	9422	0
2.401	0	0	241	2	14	24	6882	0
2.416	0	0	242	7	2	28	9422	0
2.417	0	0	242	8	3	28	9422	0
2.418	0	0	242	9	4	28	9422	0
2.419	0	0	242	10	1	24	6882	0
2.42	0	0	243	1	5	24	6882	0
2.421	0	0	243	2	6	26	7708	0
2.422	0	0	243	3	7	24	6882	0
2.423	0	0	243	4	8	28	9422	0
2.424	0	0	243	5	9	28	9422	0
2.425	0	0	243	6	10	24	6882	0
2.426	0	0	243	7	11	26	7708	0
2.427	0	0	243	8	12	28	9422	0
2.428	0	0	243	9	13	28	9422	0
2.429	0	0	243	10	14	24	6882	0
2.444	0	0	245	5	2	28	9422	0
2.445	0	0	245	6	3	28	9422	0
2.446	0	0	245	7	4	28	9422	0
2.447	0	0	245	8	1	24	6882	0
2.448	0	0	245	9	5	24	6882	0
2.449	0	0	245	10	6	26	7708	0
2.45	0	0	246	1	7	24	6882	0
2.451	0	0	246	2	8	28	9422	0
2.452	0	0	246	3	9	28	9422	0
2.453	0	0	246	4	10	24	6882	0
2.454	0	0	246	5	11	26	7708	0
2.455	0	0	246	6	12	28	9422	0
2.456	0	0	246	7	13	28	9422	0
2.457	0	0	246	8	14	24	6882	0
2.472	0	0	248	3	2	28	9422	0
2.473	0	0	248	4	3	28	9422	0
2.474	0	0	248	5	4	28	9422	0
2.475	0	0	248	6	1	24	6882	0
2.476	0	0	248	7	5	24	6882	0
2.477	0	0	248	8	6	26	7708	0
2.478	0	0	248	9	7	24	6882	0
2.479	0	0	248	10	8	28	9422	0
2.48	0	0	249	1	9	28	9422	0
2.481	0	0	249	2	10	24	6882	0
2.482	0	0	249	3	11	26	7708	0
2.483	0	0	249	4	12	28	9422	0
2.484	0	0	249	5	13	28	9422	0
2.485	0	0	249	6	14	24	6882	0
2.5	0	0	251	1	2	28	9422	0
2.501	0	0	251	2	3	28	9422	0
2.502	0	0	251	3	4	28	9422	0
2.503	0	0	251	4	1	24	6882	0
2.504	0	0	251	5	5	24	6882	0
2.505	0	0	251	6	6	26	7708	0
2.506	0	0	251	7	7	24	6882	0
2.507	0	0	251	8	8	28	9422	0
2.508	0	0	251	9	9	28	9422	0
2.509	0	0	251	10	10	24	6882	0
2.51	0	0	252	1	11	26	7708	0
2.511	0	0	252	2	12	28	9422	0
2.512	0	0	252	3	13	28	9422	0
2.513	0	0	252	4	14	24	6882	0
2.528	0	0	253	9	2	28	9422	0
2.529	0	0	253	10	3	28	9422	0
2.53	0	0	254	1	4	28	9422	0
2.531	0	0	254	2	1	24	6882	0
2.532	0	0	254	3	5	24	6882	0
2.533	0	0	254	4	6	26	7708	0
2.534	0	0	254	5	7	24	6882	0
2.535	0	0	254	6	8	28	9422	0
2.536	0	0	254	7	9	28	9422	0
2.537	0	0	254	8	10	24	6882	0
2.538	0	0	254	9	11	26	7708	0
2.539	0	0	254	10	12	28	9422	0
2.54	0	0	255	1	13	28	9422	0
2.541	0	0	255	2	14	24	6882	0
2.556	0	0	256	7	2	28	9422	0
2.557	0	0	256	8	3	28	9422	0
2.558	0	0	256	9	4	28	9422	0
2.559	0	0	256	10	1	24	6882	0
2.56	0	0	257	1	5	24	6882	0
2.561	0	0	257	2	6	26	7708	0
2.562	0	0	257	3	7	24	6882	0
2.563	0	0	257	4	8	28	9422	0
2.564	0	0	257	5	9	28	9422	0
2.565	0	0	257	6	10	24	6882	0
2.566	0	0	257	7	11	26	7708	0
2.567	0	0	257	8	12	28	9422	0
2.568	0	0	257	9	13	28	9422	0
2.569	0	0	257	10	14	24	6882	0
2.584	0	0	259	5	2	28	9422	0
2.585	0	0	259	6	3	28	9422	0
2.586	0	0	259	7	4	28	9422	0
2.587	0	0	259	8	1	24	6882	0
2.588	0	0	259	9	5	24	6882	0
2.589	0	0	259	10	6	26	7708	0
2.59	0	0	260	1	7	24	6882	0
2.591	0	0	260	2	8	28	9422	0
2.592	0	0	260	3	9	28	9422	0
2.593	0	0	260	4	10	24	6882	0
2.594	0	0	260	5	11	26	7708	0
2.595	0	0	260	6	12	28	9422	0
2.596	0	0	260	7	13	28	9422	0
2.597	0	0	260	8	14	24	6882	0
2.612	0	0	262	3	2	28	9422	0
2.613	0	0	262	4	3	28	9422	0
2.614	0	0	262	5	4	28	9422	0
2.615	0	0	262	6	1	24	6882	0
2.616	0	0	262	7	5	24	6882	0
2.617	0	0	262	8	6	26	7708	0
2.618	0	0	262	9	7	24	6882	0
2.619	0	0	262	10	8	28	9422	0
2.62	0	0	263	1	9	28	9422	0
2.621	0	0	263	2	10	24	6882	0
2.622	0	0	263	3	11	26	7708	0
2.623	0	0	263	4	12	28	9422	0
2.624	0	0	263	5	13	28	9422	0
2.625	0	0	263	6	14	24	6882	0
2.64	0	0	265	1	2	28	9422	0
2.641	0	0	265	2	3	28	9422	0
2.642	0	0	265	3	4	28	9422	0
2.643	0	0	265	4	1	24	6882	0
2.644	0	0	265	5	5	24	6882	0
2.645	0	0	265	6	6	26	7708	0
2.646	0	0	265	7	7	24	6882	0
2.647	0	0	265	8	8	28	9422	0
2.648	0	0	265	9	9	28	9422	0
2.649	0	0	265	10	10	24	6882	0
2.65	0	0	266	1	11	26	7708	0
2.651	0	0	266	2	12	28	9422	0
2.652	0	0	266	3	13	28	9422	0
2.653	0	0	266	4	14	24	6882	0
2.668	0	0	267	9	2	28	9422	0
2.669	0	0	267	10	3	28	9422	0
2.67	0	0	268	1	4	28	9422	0
2.671	0	0	268	2	1	24	6882	0
2.672	0	0	268	3	5	24	6882	0
2.673	0	0	268	4	6	26	7708	0
2.674	0	0	268	5	7	24	6882	0
2.675	0	0	268	6	8	28	9422	0
2.676	0	0	268	7	9	28	9422	0
2.677	0	0	268	8	10	24	6882	0
2.678	0	0	268	9	11	26	7708	0
2.679	0	0	268	10	12	28	9422	0
2.68	0	0	269	1	13	28	9422	0
2.681	0	0	269	2	14	24	6882	0
2.696	0	0	270	7	2	28	9422	0
2.697	0	0	270	8	3	28	9422	0
2.698	0	0	270	9	4	28	9422	0
2.699	0	0	270	10	1	24	6882	0
2.7	0	0	271	1	5	24	6882	0
2.701	0	0	271	2	6	26	7708	0
2.702	0	0	271	3	7	24	6882	0
2.703	0	0	271	4	8	28	9422	0
2.704	0	0	271	5	9	28	9422	0
2.705	0	0	271	6	10	24	6882	0
2.706	0	0	271	7	11	26	7708	0
2.707	0	0	271	8	12	28	9422	0
2.708	0	0	271	9	13	28	9422	0
2.709	0	0	271	10	14	24	6882	0
2.724	0	0	273	5	2	28	9422	0
2.725	0	0	273	6	3	28	9422	0
2.726	0	0	273	7	4	28	9422	0
2.727	0	0	273	8	1	24	6882	0
2.728	0	0	273	9	5	24	6882	0
2.729	0	0	273	10	6	26	7708	0
2.73	0	0	274	1	7	24	6882	0
2.731	0	0	274	2	8	28	9422	0
2.732	0	0	274	3	9	28	9422	0
2.733	0	0	274	4	10	24	6882	0
2.734	0	0	274	5	11	26	7708	0
2.735	0	0	274	6	12	28	9422	0
2.736	0	0	274	7	13	28	9422	0
2.737	0	0	274	8	14	24	6882	0
2.752	0	0	276	3	2	28	9422	0
2.753	0	0	276	4	3	28	9422	0
2.754	0	0	276	5	4	28	9422	0
2.755	0	0	276	6	1	24	6882	0
2.756	0	0	276	7	5	24	6882	0
2.757	0	0	276	8	6	26	7708	0
2.758	0	0	276	9	7	24	6882	0
2.759	0	0	276	10	8	28	9422	0
2.76	0	0	277	1	9	28	9422	0
2.761	0	0	277	2	10	24	6882	0
2.762	0	0	277	3	11	26	7708	0
2.763	0	0	277	4	12	28	9422	0
2.764	0	0	277	5	13	28	9422	0
2.765	0	0	277	6	14	24	6882	0
2.78	0	0	279	1	2	28	9422	0
2.781	0	0	279	2	3	28	9422	0
2.782	0	0	279	3	4	28	9422	0
2.783	0	0	279	4	1	24	6882	0
2.784	0	0	279	5	5	24	6882	0
2.785	0	0	279	6	6	26	7708	0
2.786	0	0	279	7	7	24	6882	0
2.787	0	0	279	8	8	28	9422	0
2.788	0	0	279	9	9	28	9422	0
2.789	0	0	279	10	10	24	6882	0
2.79	0	0	280	1	11	26	7708	0
2.791	0	0	280	2	12	28	9422	0
2.792	0	0	280	3	13	28	9422	0
2.793	0	0	280	4	14	24	6882	0
2.808	0	0	281	9	2	28	9422	0
2.809	0	0	281	10	3	28	9422	0
2.81	0	0	282	1	4	28	9422	0
2.811	0	0	282	2	1	24	6882	0
2.812	0	0	282	3	5	24	6882	0
2.813	0	0	282	4	6	26	7708	0
2.814	0	0	282	5	7	24	6882	0
2.815	0	0	282	6	8	28	9422	0
2.816	0	0	282	7	9	28	9422	0
2.817	0	0	282	8	10	24	6882	0
2.818	0	0	282	9	11	26	7708	0
2.819	0	0	282	10	12	28	9422	0
2.82	0	0	283	1	13	28	9422	0
2.821	0	0	283	2	14	24	6882	0
2.836	0	0	284	7	2	28	9422	0
2.837	0	0	284	8	3	28	9422	0
2.838	0	0	284	9	4	28	9422	0
2.839	0	0	284	10	1	24	6882	0
2.84	0	0	285	1	5	24	6882	0
2.841	0	0	285	2	6	26	7708	0
2.842	0	0	285	3	7	24	6882	0
2.843	0	0	285	4	8	28	9422	0
2.844	0	0	285	5	9	28	9422	0
2.845	0	0	285	6	10	24	6882	0
2.846	0	0	285	7	11	26	7708	0
2.847	0	0	285	8	12	28	9422	0
2.848	0	0	285	9	13	28	9422	0
2.849	0	0	285	10	14	24	6882	0
2.864	0	0	287	5	2	28	9422	0
2.865	0	0	287	6	3	28	9422	0
2.866	0	0	287	7	4	28	9422	0
2.867	0	0	287	8	1	24	6882	0
2.868	0	0	287	9	5	24	6882	0
2.869	0	0	287	10	6	26	7708	0
2.87	0	0	288	1	7	24	6882	0
2.871	0	0	288	2	8	28	9422	0
2.872	0	0	288	3	9	28	9422	0
2.873	0	0	288	4	10	24	6882	0
2.874	0	0	288	5	11	26	7708	0
2.875	0	0	288	6	12	28	9422	0
2.876	0	0	288	7	13	28	9422	0
2.877	0	0	288	8	14	24	6882	0
2.892	0	0	290	3	2	28	9422	0
2.893	0	0	290	4	3	28	9422	0
2.894	0	0	290	5	4	28	9422	0
2.895	0	0	290	6	1	24	6882	0
2.896	0	0	290	7	5	24	6882	0
2.897	0	0	290	8	6	26	7708	0
2.898	0	0	290	9	7	24	6882	0
2.899	0	0	290	10	8	28	9422	0
2.9	0	0	291	1	9	28	9422	0
2.901	0	0	291	2	10	24	6882	0
2.902	0	0	291	3	11	26	7708	0
2.903	0	0	291	4	12	28	9422	0
2.904	0	0	291	5	13	28	9422	0
2.905	0	0	291	6	14	24	6882	0
2.92	0	0	293	1	2	28	9422	0
2.921	0	0	293	2	3	28	9422	0
2.922	0	0	293	3	4	28	9422	0
2.923	0	0	293	4	1	24	6882	0
2.924	0	0	293	5	5	24	6882	0
2.925	0	0	293	6	6	26	7708	0
2.926	0	0	293	7	7	24	6882	0
2.927	0	0	293	8	8	28	9422	0
2.928	0	0	293	9	9	28	9422	0
2.929	0	0	293	10	10	24	6882	0
2.93	0	0	294	1	11	26	7708	0
2.931	0	0	294	2	12	28	9422	0
2.932	0	0	294	3	13	28	9422	0
2.933	0	0	294	4	14	24	6882	0
2.948	0	0	295	9	2	28	9422	0
2.949	0	0	295	10	3	28	9422	0
2.95	0	0	296	1	4	28	9422	0
2.951	0	0	296	2	1	24	6882	0
2.952	0	0	296	3	5	24	6882	0
2.953	0	0	296	4	6	26	7708	0
2.954	0	0	296	5	7	24	6882	0
2.955	0	0	296	6	8	28	9422	0
2.956	0	0	296	7	9	28	9422	0
2.957	0	0	296	8	10	24	6882	0
2.958	0	0	296	9	11	26	7708	0
2.959	0	0	296	10	12	28	9422	0
2.96	0	0	297	1	13	28	9422	0
2.961	0	0	297	2	14	24	6882	0
2.976	0	0	298	7	2	28	9422	0
2.977	0	0	298	8	3	28	9422	0
2.978	0	0	298	9	4	28	9422	0
2.979	0	0	298	10	1	24	6882	0
2.98	0	0	299	1	5	24	6882	0
2.981	0	0	299	2	6	26	7708	0
2.982	0	0	299	3	7	24	6882	0
2.983	0	0	299	4	8	28	9422	0
2.984	0	0	299	5	9	28	9422	0
2.985	0	0	299	6	10	24	6882	0
2.986	0	0	299	7	11	26	7708	0
2.987	0	0	299	8	12	28	9422	0
2.988	0	0	299	9	13	28	9422	0
2.989	0	0	299	10	14	24	6882	0
3.004	0	0	301	5	2	28	9422	0
3.005	0	0	301	6	3	28	9422	0
3.006	0	0	301	7	4	28	9422	0
3.007	0	0	301	8	1	24	6882	0
3.008	0	0	301	9	5	24	6882	0
3.009	0	0	301	10	6	26	7708	0
3.01	0	0	302	1	7	24	6882	0
3.011	0	0	302	2	8	28	9422	0
3.012	0	0	302	3	9	28	9422	0
3.013	0	0	302	4	10	24	6882	0
3.014	0	0	302	5	11	26	7708	0
3.015	0	0	302	6	12	28	9422	0
3.016	0	0	302	7	13	28	9422	0
3.017	0	0	302	8	14	24	6882	0
3.032	0	0	304	3	2	28	9422	0
3.033	0	0	304	4	3	28	9422	0
3.034	0	0	304	5	4	28	9422	0
3.035	0	0	304	6	1	24	6882	0
3.036	0	0	304	7	5	24	6882	0
3.037	0	0	304	8	6	26	7708	0
3.038	0	0	304	9	7	24	6882	0
3.039	0	0	304	10	8	28	9422	0
3.04	0	0	305	1	9	28	9422	0
3.041	0	0	305	2	10	24	6882	0
3.042	0	0	305	3	11	26	7708	0
3.043	0	0	305	4	12	28	9422	0
3.044	0	0	305	5	13	28	9422	0
3.045	0	0	305	6	14	24	6882	0
3.06	0	0	307	1	2	28	9422	0
3.061	0	0	307	2	3	28	9422	0
3.062	0	0	307	3	4	28	9422	0
3.063	0	0	307	4	1	24	6882	0
3.064	0	0	307	5	5	24	6882	0
3.065	0	0	307	6	6	26	7708	0
3.066	0	0	307	7	7	24	6882	0
3.067	0	0	307	8	8	28	9422	0
3.068	0	0	307	9	9	28	9422	0
3.069	0	0	307	10	10	24	6882	0
3.07	0	0	308	1	11	26	7708	0
3.071	0	0	308	2	12	28	9422	0
3.072	0	0	308	3	13	28	9422	0
3.073	0	0	308	4	14	24	6882	0
3.088	0	0	309	9	2	28	9422	0
3.089	0	0	309	10	3	28	9422	0
3.09	0	0	310	1	4	28	9422	0
3.091	0	0	310	2	1	24	6882	0
3.092	0	0	310	3	5	24	6882	0
3.093	0	0	310	4	6	26	7708	0
3.094	0	0	310	5	7	24	6882	0
3.095	0	0	310	6	8	28	9422	0
3.096	0	0	310	7	9	28	9422	0
3.097	0	0	310	8	10	24	6882	0
3.098	0	0	310	9	11	26	7708	0
3.099	0	0	310	10	12	28	9422	0
3.1	0	0	311	1	13	28	9422	0
3.101	0	0	311	2	14	24	6882	0
3.116	0	0	312	7	2	28	9422	0
3.117	0	0	312	8	3	28	9422	0
3.118	0	0	312	9	4	28	9422	0
3.119	0	0	312	10	1	24	6882	0
3.12	0	0	313	1	5	24	6882	0
3.121	0	0	313	2	6	26	7708	0
3.122	0	0	313	3	7	24	6882	0
3.123	0	0	313	4	8	28	9422	0
3.124	0	0	313	5	9	28	9422	0
3.125	0	0	313	6	10	24	6882	0
3.126	0	0	313	7	11	26	7708	0
3.127	0	0	313	8	12	28	9422	0
3.128	0	0	313	9	13	28	9422	0
3.129	0	0	313	10	14	24	6882	0
3.144	0	0	315	5	2	28	9422	0
3.145	0	0	315	6	3	28	9422	0
3.146	0	0	315	7	4	28	9422	0
3.147	0	0	315	8	1	24	6882	0
3.148	0	0	315	9	5	24	6882	0
3.149	0	0	315	10	6	26	7708	0
3.15	0	0	316	1	7	24	6882	0
3.151	0	0	316	2	8	28	9422	0
3.152	0	0	316	3	9	28	9422	0
3.153	0	0	316	4	10	24	6882	0
3.154	0	0	316	5	11	26	7708	0
3.155	0	0	316	6	12	28	9422	0
3.156	0	0	316	7	13	28	9422	0
3.157	0	0	316	8	14	24	6882	0
3.172	0	0	318	3	2	28	9422	0
3.173	0	0	318	4	3	28	9422	0
3.174	0	0	318	5	4	28	9422	0
3.175	0	0	318	6	1	24	6882	0
3.176	0	0	318	7	5	24	6882	0
3.177	0	0	318	8	6	26	7708	0
3.178	0	0	318	9	7	24	6882	0
3.179	0	0	318	10	8	28	9422	0
3.18	0	0	319	1	9	28	9422	0
3.181	0	0	319	2	10	24	6882	0
3.182	0	0	319	3	11	26	7708	0
3.183	0	0	319	4	12	28	9422	0
3.184	0	0	319	5	13	28	9422	0
3.185	0	0	319	6	14	24	6882	0
3.2	0	0	321	1	2	28	9422	0
3.201	0	0	321	2	3	28	9422	0
3.202	0	0	321	3	4	28	9422	0
3.203	0	0	321	4	1	24	6882	0
3.204	0	0	321	5	5	24	6882	0
3.205	0	0	321	6	6	26	7708	0
3.206	0	0	321	7	7	24	6882	0
3.207	0	0	321	8	8	28	9422	0
3.208	0	0	321	9	9	28	9422	0
3.209	0	0	321	10	10	24	6882	0
3.21	0	0	322	1	11	26	7708	0
3.211	0	0	322	2	12	28	9422	0
3.212	0	0	322	3	13	28	9422	0
3.213	0	0	322	4	14	24	6882	0
3.228	0	0	323	9	2	28	9422	0
3.229	0	0	323	10	3	28	9422	0
3.23	0	0	324	1	4	28	9422	0
3.231	0	0	324	2	1	24	6882	0
3.232	0	0	324	3	5	24	6882	0
3.233	0	0	324	4	6	26	7708	0
3.234	0	0	324	5	7	24	6882	0
3.235	0	0	324	6	8	28	9422	0
3.236	0	0	324	7	9	28	9422	0
3.237	0	0	324	8	10	24	6882	0
3.238	0	0	324	9	11	26	7708	0
3.239	0	0	324	10	12	28	9422	0
3.24	0	0	325	1	13	28	9422	0
3.241	0	0	325	2	14	24	6882	0
3.256	0	0	326	7	2	28	9422	0
3.257	0	0	326	8	3	28	9422	0
3.258	0	0	326	9	4	28	9422	0
3.259	0	0	326	10	1	24	6882	0
3.26	0	0	327	1	5	24	6882	0
3.261	0	0	327	2	6	26	7708	0
3.262	0	0	327	3	7	24	6882	0
3.263	0	0	327	4	8	28	9422	0
3.264	0	0	327	5	9	28	9422	0
3.265	0	0	327	6	10	24	6882	0
3.266	0	0	327	7	11	26	7708	0
3.267	0	0	327	8	12	28	9422	0
3.268	0	0	327	9	13	28	9422	0
3.269	0	0	327	10	14	24	6882	0
3.284	0	0	329	5	2	28	9422	0
3.285	0	0	329	6	3	28	9422	0
3.286	0	0	329	7	4	28	9422	0
3.287	0	0	329	8	1	24	6882	0
3.288	0	0	329	9	5	24	6882	0
3.289	0	0	329	10	6	26	7708	0
3.29	0	0	330	1	7	24	6882	0
3.291	0	0	330	2	8	28	9422	0
3.292	0	0	330	3	9	28	9422	0
3.293	0	0	330	4	10	24	6882	0
3.294	0	0	330	5	11	26	7708	0
3.295	0	0	330	6	12	28	9422	0
3.296	0	0	330	7	13	28	9422	0
3.297	0	0	330	8	14	24	6882	0
3.312	0	0	332	3	2	28	9422	0
3.313	0	0	332	4	3	28	9422	0
3.314	0	0	332	5	4	28	9422	0
3.315	0	0	332	6	1	24	6882	0
3.316	0	0	332	7	5	24	6882	0
3.317	0	0	332	8	6	26	7708	0
3.318	0	0	332	9	7	24	6882	0
3.319	0	0	332	10	8	28	9422	0
3.32	0	0	333	1	9	28	9422	0
3.321	0	0	333	2	10	24	6882	0
3.322	0	0	333	3	11	26	7708	0
3.323	0	0	333	4	12	28	9422	0
3.324	0	0	333	5	13	28	9422	0
3.325	0	0	333	6	14	24	6882	0
3.34	0	0	335	1	2	28	9422	0
3.341	0	0	335	2	3	28	9422	0
3.342	0	0	335	3	4	28	9422	0
3.343	0	0	335	4	1	24	6882	0
3.344	0	0	335	5	5	24	6882	0
3.345	0	0	335	6	6	26	7708	0
3.346	0	0	335	7	7	24	6882	0
3.347	0	0	335	8	8	28	9422	0
3.348	0	0	335	9	9	28	9422	0
3.349	0	0	335	10	10	24	6882	0
3.35	0	0	336	1	11	26	7708	0
3.351	0	0	336	2	12	28	9422	0
3.352	0	0	336	3	13	28	9422	0
3.353	0	0	336	4	14	24	6882	0
3.368	0	0	337	9	2	28	9422	0
3.369	0	0	337	10	3	28	9422	0
3.37	0	0	338	1	4	28	9422	0
3.371	0	0	338	2	1	24	6882	0
3.372	0	0	338	3	5	24	6882	0
3.373	0	0	338	4	6	26	7708	0
3.374	0	0	338	5	7	24	6882	0
3.375	0	0	338	6	8	28	9422	0
3.376	0	0	338	7	9	28	9422	0
3.377	0	0	338	8	10	24	6882	0
3.378	0	0	338	9	11	26	7708	0
3.379	0	0	338	10	12	28	9422	0
3.38	0	0	339	1	13	28	9422	0
3.381	0	0	339	2	14	24	6882	0
3.396	0	0	340	7	2	28	9422	0
3.397	0	0	340	8	3	28	9422	0
3.398	0	0	340	9	4	28	9422	0
3.399	0	0	340	10	1	24	6882	0
3.4	0	0	341	1	5	24	6882	0
3.401	0	0	341	2	6	26	7708	0
3.402	0	0	341	3	7	24	6882	0
3.403	0	0	341	4	8	28	9422	0
3.404	0	0	341	5	9	28	9422	0
3.405	0	0	341	6	10	24	6882	0
3.406	0	0	341	7	11	26	7708	0
3.407	0	0	341	8	12	28	9422	0
3.408	0	0	341	9	13	28	9422	0
3.409	0	0	341	10	14	24	6882	0
3.424	0	0	343	5	2	28	9422	0
3.425	0	0	343	6	3	28	9422	0
3.426	0	0	343	7	4	28	9422	0
3.427	0	0	343	8	1	24	6882	0
3.428	0	0	343	9	5	24	6882	0
3.429	0	0	343	10	6	26	7708	0
3.43	0	0	344	1	7	24	6882	0
3.431	0	0	344	2	8	28	9422	0
3.432	0	0	344	3	9	28	9422	0
3.433	0	0	344	4	10	24	6882	0
3.434	0	0	344	5	11	26	7708	0
3.435	0	0	344	6	12	28	9422	0
3.436	0	0	344	7	13	28	9422	0
3.437	0	0	344	8	14	24	6882	0
3.452	0	0	346	3	2	28	9422	0
3.453	0	0	346	4	3	28	9422	0
3.454	0	0	346	5	4	28	9422	0
3.455	0	0	346	6	1	24	6882	0
3.456	0	0	346	7	5	24	6882	0
3.457	0	0	346	8	6	26	7708	0
3.458	0	0	346	9	7	24	6882	0
3.459	0	0	346	10	8	28	9422	0
3.46	0	0	347	1	9	28	9422	0
3.461	0	0	347	2	10	24	6882	0
3.462	0	0	347	3	11	26	7708	0
3.463	0	0	347	4	12	28	9422	0
3.464	0	0	347	5	13	28	9422	0
3.465	0	0	347	6	14	24	6882	0
3.48	0	0	349	1	2	28	9422	0
3.481	0	0	349	2	3	28	9422	0
3.482	0	0	349	3	4	28	9422	0
3.483	0	0	349	4	1	24	6882	0
3.484	0	0	349	5	5	24	6882	0
3.485	0	0	349	6	6	26	7708	0
3.486	0	0	349	7	7	24	6882	0
3.487	0	0	349	8	8	28	9422	0
3.488	0	0	349	9	9	28	9422	0
3.489	0	0	349	10	10	24	6882	0
3.49	0	0	350	1	11	26	7708	0
3.491	0	0	350	2	12	28	9422	0
3.492	0	0	350	3	13	28	9422	0
3.493	0	0	350	4	14	24	6882	0
3.508	0	0	351	9	2	28	9422	0
3.509	0	0	351	10	3	28	9422	0
3.51	0	0	352	1	4	28	9422	0
3.511	0	0	352	2	1	24	6882	0
3.512	0	0	352	3	5	24	6882	0
3.513	0	0	352	4	6	26	7708	0
3.514	0	0	352	5	7	24	6882	0
3.515	0	0	352	6	8	28	9422	0
3.516	0	0	352	7	9	28	9422	0
3.517	0	0	352	8	10	24	6882	0
3.518	0	0	352	9	11	26	7708	0
3.519	0	0	352	10	12	28	9422	0
3.52	0	0	353	1	13	28	9422	0
3.521	0	0	353	2	14	24	6882	0
3.536	0	0	354	7	2	28	9422	0
3.537	0	0	354	8	3	28	9422	0
3.538	0	0	354	9	4	28	9422	0
3.539	0	0	354	10	1	24	6882	0
3.54	0	0	355	1	5	24	6882	0
3.541	0	0	355	2	6	26	7708	0
3.542	0	0	355	3	7	24	6882	0
3.543	0	0	355	4	8	28	9422	0
3.544	0	0	355	5	9	28	9422	0
3.545	0	0	355	6	10	24	6882	0
3.546	0	0	355	7	11	26	7708	0
3.547	0	0	355	8	12	28	9422	0
3.548	0	0	355	9	13	28	9422	0
3.549	0	0	355	10	14	24	6882	0
3.564	0	0	357	5	2	28	9422	0
3.565	0	0	357	6	3	28	9422	0
3.566	0	0	357	7	4	28	9422	0
3.567	0	0	357	8	1	24	6882	0
3.568	0	0	357	9	5	24	6882	0
3.569	0	0	357	10	6	26	7708	0
3.57	0	0	358	1	7	24	6882	0
3.571	0	0	358	2	8	28	9422	0
3.572	0	0	358	3	9	28	9422	0
3.573	0	0	358	4	10	24	6882	0
3.574	0	0	358	5	11	26	7708	0
3.575	0	0	358	6	12	28	9422	0
3.576	0	0	358	7	13	28	9422	0
3.577	0	0	358	8	14	24	6882	0
3.592	0	0	360	3	2	28	9422	0
3.593	0	0	360	4	3	28	9422	0
3.594	0	0	360	5	4	28	9422	0
3.595	0	0	360	6	1	24	6882	0
3.596	0	0	360	7	5	24	6882	0
3.597	0	0	360	8	6	26	7708	0
3.598	0	0	360	9	7	24	6882	0
3.599	0	0	360	10	8	28	9422	0
3.6	0	0	361	1	9	28	9422	0
3.601	0	0	361	2	10	24	6882	0
3.602	0	0	361	3	11	26	7708	0
3.603	0	0	361	4	12	28	9422	0
3.604	0	0	361	5	13	28	9422	0
3.605	0	0	361	6	14	24	6882	0
3.62	0	0	363	1	2	28	9422	0
3.621	0	0	363	2	3	28	9422	0
3.622	0	0	363	3	4	28	9422	0
3.623	0	0	363	4	1	24	6882	0
3.624	0	0	363	5	5	24	6882	0
3.625	0	0	363	6	6	26	7708	0
3.626	0	0	363	7	7	24	6882	0
3.627	0	0	363	8	8	28	9422	0
3.628	0	0	363	9	9	28	9422	0
3.629	0	0	363	10	10	24	6882	0
3.63	0	0	364	1	11	26	7708	0
3.631	0	0	364	2	12	28	9422	0
3.632	0	0	364	3	13	28	9422	0
3.633	0	0	364	4	14	24	6882	0
3.648	0	0	365	9	2	28	9422	0
3.649	0	0	365	10	3	28	9422	0
3.65	0	0	366	1	4	28	9422	0
3.651	0	0	366	2	1	24	6882	0
3.652	0	0	366	3	5	24	6882	0
3.653	0	0	366	4	6	26	7708	0
3.654	0	0	366	5	7	24	6882	0
3.655	0	0	366	6	8	28	9422	0
3.656	0	0	366	7	9	28	9422	0
3.657	0	0	366	8	10	24	6882	0
3.658	0	0	366	9	11	26	7708	0
3.659	0	0	366	10	12	28	9422	0
3.66	0	0	367	1	13	28	9422	0
3.661	0	0	367	2	14	24	6882	0
3.676	0	0	368	7	2	28	9422	0
3.677	0	0	368	8	3	28	9422	0
3.678	0	0	368	9	4	28	9422	0
3.679	0	0	368	10	1	24	6882	0
3.68	0	0	369	1	5	24	6882	0
3.681	0	0	369	2	6	26	7708	0
3.682	0	0	369	3	7	24	6882	0
3.683	0	0	369	4	8	28	9422	0
3.684	0	0	369	5	9	28	9422	0
3.685	0	0	369	6	10	24	6882	0
3.686	0	0	369	7	11	26	7708	0
3.687	0	0	369	8	12	28	9422	0
3.688	0	0	369	9	13	28	9422	0
3.689	0	0	369	10	14	24	6882	0
3.704	0	0	371	5	2	28	9422	0
3.705	0	0	371	6	3	28	9422	0
3.706	0	0	371	7	4	28	9422	0
3.707	0	0	371	8	1	24	6882	0
3.708	0	0	371	9	5	24	6882	0
3.709	0	0	371	10	6	26	7708	0
3.71	0	0	372	1	7	24	6882	0
3.711	0	0	372	2	8	28	9422	0
3.712	0	0	372	3	9	28	9422	0
3.713	0	0	372	4	10	24	6882	0
3.714	0	0	372	5	11	26	7708	0
3.715	0	0	372	6	12	28	9422	0
3.716	0	0	372	7	13	28	9422	0
3.717	0	0	372	8	14	24	6882	0
3.732	0	0	374	3	2	28	9422	0
3.733	0	0	374	4	3	28	9422	0
3.734	0	0	374	5	4	28	9422	0
3.735	0	0	374	6	1	24	6882	0
3.736	0	0	374	7	5	24	6882	0
3.737	0	0	374	8	6	26	7708	0
3.738	0	0	374	9	7	24	6882	0
3.739	0	0	374	10	8	28	9422	0
3.74	0	0	375	1	9	28	9422	0
3.741	0	0	375	2	10	24	6882	0
3.742	0	0	375	3	11	26	7708	0
3.743	0	0	375	4	12	28	9422	0
3.744	0	0	375	5	13	28	9422	0
3.745	0	0	375	6	14	24	6882	0
3.76	0	0	377	1	2	28	9422	0
3.761	0	0	377	2	3	28	9422	0
3.762	0	0	377	3	4	28	9422	0
3.763	0	0	377	4	1	24	6882	0
3.764	0	0	377	5	5	24	6882	0
3.765	0	0	377	6	6	26	7708	0
3.766	0	0	377	7	7	24	6882	0
3.767	0	0	377	8	8	28	9422	0
3.768	0	0	377	9	9	28	9422	0
3.769	0	0	377	10	10	24	6882	0
3.77	0	0	378	1	11	26	7708	0
3.771	0	0	378	2	12	28	9422	0
3.772	0	0	378	3	13	28	9422	0
3.773	0	0	378	4	14	24	6882	0
3.788	0	0	379	9	2	28	9422	0
3.789	0	0	379	10	3	28	9422	0
3.79	0	0	380	1	4	28	9422	0
3.791	0	0	380	2	1	24	6882	0
3.792	0	0	380	3	5	24	6882	0
3.793	0	0	380	4	6	26	7708	0
3.794	0	0	380	5	7	24	6882	0
3.795	0	0	380	6	8	28	9422	0
3.796	0	0	380	7	9	28	9422	0
3.797	0	0	380	8	10	24	6882	0
3.798	0	0	380	9	11	26	7708	0
3.799	0	0	380	10	12	28	9422	0
3.8	0	0	381	1	13	28	9422	0
3.801	0	0	381	2	14	24	6882	0
3.816	0	0	382	7	2	28	9422	0
3.817	0	0	382	8	3	28	9422	0
3.818	0	0	382	9	4	28	9422	0
3.819	0	0	382	10	1	24	6882	0
3.82	0	0	383	1	5	24	6882	0
3.821	0	0	383	2	6	26	7708	0
3.822	0	0	383	3	7	24	6882	0
3.823	0	0	383	4	8	28	9422	0
3.824	0	0	383	5	9	28	9422	0
3.825	0	0	383	6	10	24	6882	0
3.826	0	0	383	7	11	26	7708	0
3.827	0	0	383	8	12	28	9422	0
3.828	0	0	383	9	13	28	9422	0
3.829	0	0	383	10	14	24	6882	0
3.844	0	0	385	5	2	28	9422	0
3.845	0	0	385	6	3	28	9422	0
3.846	0	0	385	7	4	28	9422	0
3.847	0	0	385	8	1	24	6882	0
3.848	0	0	385	9	5	24	6882	0
3.849	0	0	385	10	6	26	7708	0
3.85	0	0	386	1	7	24	6882	0
3.851	0	0	386	2	8	28	9422	0
3.852	0	0	386	3	9	28	9422	0
3.853	0	0	386	4	10	24	6882	0
3.854	0	0	386	5	11	26	7708	0
3.855	0	0	386	6	12	28	9422	0
3.856	0	0	386	7	13	28	9422	0
3.857	0	0	386	8	14	24	6882	0
3.872	0	0	388	3	2	28	9422	0
3.873	0	0	388	4	3	28	9422	0
3.874	0	0	388	5	4	28	9422	0
3.875	0	0	388	6	1	24	6882	0
3.876	0	0	388	7	5	24	6882	0
3.877	0	0	388	8	6	26	7708	0
3.878	0	0	388	9	7	24	6882	0
3.879	0	0	388	10	8	28	9422	0
3.88	0	0	389	1	9	28	9422	0
3.881	0	0	389	2	10	24	6882	0
3.882	0	0	389	3	11	26	7708	0
3.883	0	0	389	4	12	28	9422	0
3.884	0	0	389	5	13	28	9422	0
3.885	0	0	389	6	14	24	6882	0
3.9	0	0	391	1	2	28	9422	0
3.901	0	0	391	2	3	28	9422	0
3.902	0	0	391	3	4	28	9422	0
3.903	0	0	391	4	1	24	6882	0
3.904	0	0	391	5	5	24	6882	0
3.905	0	0	391	6	6	26	7708	0
3.906	0	0	391	7	7	24	6882	0
3.907	0	0	391	8	8	28	9422	0
3.908	0	0	391	9	9	28	9422	0
3.909	0	0	391	10	10	24	6882	0
3.91	0	0	392	1	11	26	7708	0
3.911	0	0	392	2	12	28	9422	0
3.912	0	0	392	3	13	28	9422	0
3.913	0	0	392	4	14	24	6882	0
3.928	0	0	393	9	2	28	9422	0
3.929	0	0	393	10	3	28	9422	0
3.93	0	0	394	1	4	28	9422	0
3.931	0	0	394	2	1	24	6882	0
3.932	0	0	394	3	5	24	6882	0
3.933	0	0	394	4	6	26	7708	0
3.934	0	0	394	5	7	24	6882	0
3.935	0	0	394	6	8	28	9422	0
3.936	0	0	394	7	9	28	9422	0
3.937	0	0	394	8	10	24	6882	0
3.938	0	0	394	9	11	26	7708	0
3.939	0	0	394	10	12	28	9422	0
3.94	0	0	395	1	13	28	9422	0
3.941	0	0	395	2	14	24	6882	0
3.956	0	0	396	7	2	28	9422	0
3.957	0	0	396	8	3	28	9422	0
3.958	0	0	396	9	4	28	9422	0
3.959	0	0	396	10	1	24	6882	0
3.96	0	0	397	1	5	24	6882	0
3.961	0	0	397	2	6	26	7708	0
3.962	0	0	397	3	7	24	6882	0
3.963	0	0	397	4	8	28	9422	0
3.964	0	0	397	5	9	28	9422	0
3.965	0	0	397	6	10	24	6882	0
3.966	0	0	397	7	11	26	7708	0
3.967	0	0	397	8	12	28	9422	0
3.968	0	0	397	9	13	28	9422	0
3.969	0	0	397	10	14	24	6882	0
3.984	0	0	399	5	2	28	9422	0
3.985	0	0	399	6	3	28	9422	0
3.986	0	0	399	7	4	28	9422	0
3.987	0	0	399	8	1	24	6882	0
3.988	0	0	399	9	5	24	6882	0
3.989	0	0	399	10	6	26	7708	0
3.99	0	0	400	1	7	24	6882	0
3.991	0	0	400	2	8	28	9422	0
3.992	0	0	400	3	9	28	9422	0
3.993	0	0	400	4	10	24	6882	0
3.994	0	0	400	5	11	26	7708	0
3.995	0	0	400	6	12	28	9422	0
3.996	0	0	400	7	13	28	9422	0
3.997	0	0	400	8	14	24	6882	0
4.012	0	0	402	3	2	28	9422	0
4.013	0	0	402	4	3	28	9422	0
4.014	0	0	402	5	4	28	9422	0
4.015	0	0	402	6	1	24	6882	0
4.016	0	0	402	7	5	24	6882	0
4.017	0	0	402	8	6	26	7708	0
4.018	0	0	402	9	7	24	6882	0
4.019	0	0	402	10	8	28	9422	0
4.02	0	0	403	1	9	28	9422	0
4.021	0	0	403	2	10	24	6882	0
4.022	0	0	403	3	11	26	7708	0
4.023	0	0	403	4	12	28	9422	0
4.024	0	0	403	5	13	28	9422	0
4.025	0	0	403	6	14	24	6882	0
4.04	0	0	405	1	2	28	9422	0
4.041	0	0	405	2	3	28	9422	0
4.042	0	0	405	3	4	28	9422	0
4.043	0	0	405	4	1	24	6882	0
4.044	0	0	405	5	5	24	6882	0
4.045	0	0	405	6	6	26	7708	0
4.046	0	0	405	7	7	24	6882	0
4.047	0	0	405	8	8	28	9422	0
4.048	0	0	405	9	9	28	9422	0
4.049	0	0	405	10	10	24	6882	0
4.05	0	0	406	1	11	26	7708	0
4.051	0	0	406	2	12	28	9422	0
4.052	0	0	406	3	13	28	9422	0
4.053	0	0	406	4	14	24	6882	0
4.068	0	0	407	9	2	28	9422	0
4.069	0	0	407	10	3	28	9422	0
4.07	0	0	408	1	4	28	9422	0
4.071	0	0	408	2	1	24	6882	0
4.072	0	0	408	3	5	24	6882	0
4.073	0	0	408	4	6	26	7708	0
4.074	0	0	408	5	7	24	6882	0
4.075	0	0	408	6	8	28	9422	0
4.076	0	0	408	7	9	28	9422	0
4.077	0	0	408	8	10	24	6882	0
4.078	0	0	408	9	11	26	7708	0
4.079	0	0	408	10	12	28	9422	0
4.08	0	0	409	1	13	28	9422	0
4.081	0	0	409	2	14	24	6882	0
4.096	0	0	410	7	2	28	9422	0
4.097	0	0	410	8	3	28	9422	0
4.098	0	0	410	9	4	28	9422	0
4.099	0	0	410	10	1	24	6882	0
4.1	0	0	411	1	5	24	6882	0
4.101	0	0	411	2	6	26	7708	0
4.102	0	0	411	3	7	24	6882	0
4.103	0	0	411	4	8	28	9422	0
4.104	0	0	411	5	9	28	9422	0
4.105	0	0	411	6	10	24	6882	0
4.106	0	0	411	7	11	26	7708	0
4.107	0	0	411	8	12	28	9422	0
4.108	0	0	411	9	13	28	9422	0
4.109	0	0	411	10	14	24	6882	0
4.124	0	0	413	5	2	28	9422	0
4.125	0	0	413	6	3	28	9422	0
4.126	0	0	413	7	4	28	9422	0
4.127	0	0	413	8	1	24	6882	0
4.128	0	0	413	9	5	24	6882	0
4.129	0	0	413	10	6	26	7708	0
4.13	0	0	414	1	7	24	6882	0
4.131	0	0	414	2	8	28	9422	0
4.132	0	0	414	3	9	28	9422	0
4.133	0	0	414	4	10	24	6882	0
4.134	0	0	414	5	11	26	7708	0
4.135	0	0	414	6	12	28	9422	0
4.136	0	0	414	7	13	28	9422	0
4.137	0	0	414	8	14	24	6882	0
4.152	0	0	416	3	2	28	9422	0
4.153	0	0	416	4	3	28	9422	0
4.154	0	0	416	5	4	28	9422	0
4.155	0	0	416	6	1	24	6882	0
4.156	0	0	416	7	5	24	6882	0
4.157	0	0	416	8	6	26	7708	0
4.158	0	0	416	9	7	24	6882	0
4.159	0	0	416	10	8	28	9422	0
4.16	0	0	417	1	9	28	9422	0
4.161	0	0	417	2	10	24	6882	0
4.162	0	0	417	3	11	26	7708	0
4.163	0	0	417	4	12	28	9422	0
4.164	0	0	417	5	13	28	9422	0
4.165	0	0	417	6	14	24	6882	0
4.18	0	0	419	1	2	28	9422	0
4.181	0	0	419	2	3	28	9422	0
4.182	0	0	419	3	4	28	9422	0
4.183	0	0	419	4	1	24	6882	0
4.184	0	0	419	5	5	24	6882	0
4.185	0	0	419	6	6	26	7708	0
4.186	0	0	419	7	7	24	6882	0
4.187	0	0	419	8	8	28	9422	0
4.188	0	0	419	9	9	28	9422	0
4.189	0	0	419	10	10	24	6882	0
4.19	0	0	420	1	11	26	7708	0
4.191	0	0	420	2	12	28	9422	0
4.192	0	0	420	3	13	28	9422	0
4.193	0	0	420	4	14	24	6882	0
4.208	0	0	421	9	2	28	9422	0
4.209	0	0	421	10	3	28	9422	0
4.21	0	0	422	1	4	28	9422	0
4.211	0	0	422	2	1	24	6882	0
4.212	0	0	422	3	5	24	6882	0
4.213	0	0	422	4	6	26	7708	0
4.214	0	0	422	5	7	24	6882	0
4.215	0	0	422	6	8	28	9422	0
4.216	0	0	422	7	9	28	9422	0
4.217	0	0	422	8	10	24	6882	0
4.218	0	0	422	9	11	26	7708	0
4.219	0	0	422	10	12	28	9422	0
4.22	0	0	423	1	13	28	9422	0
4.221	0	0	423	2	14	24	6882	0
4.236	0	0	424	7	2	28	9422	0
4.237	0	0	424	8	3	28	9422	0
4.238	0	0	424	9	4	28	9422	0
4.239	0	0	424	10	1	24	6882	0
4.24	0	0	425	1	5	24	6882	0
4.241	0	0	425	2	6	26	7708	0
4.242	0	0	425	3	7	24	6882	0
4.243	0	0	425	4	8	28	9422	0
4.244	0	0	425	5	9	28	9422	0
4.245	0	0	425	6	10	24	6882	0
4.246	0	0	425	7	11	26	7708	0
4.247	0	0	425	8	12	28	9422	0
4.248	0	0	425	9	13	28	9422	0
4.249	0	0	425	10	14	24	6882	0
4.264	0	0	427	5	2	28	9422	0
4.265	0	0	427	6	3	28	9422	0
4.266	0	0	427	7	4	28	9422	0
4.267	0	0	427	8	1	24	6882	0
4.268	0	0	427	9	5	24	6882	0
4.269	0	0	427	10	6	26	7708	0
4.27	0	0	428	1	7	24	6882	0
4.271	0	0	428	2	8	28	9422	0
4.272	0	0	428	3	9	28	9422	0
4.273	0	0	428	4	10	24	6882	0
4.274	0	0	428	5	11	26	7708	0
4.275	0	0	428	6	12	28	9422	0
4.276	0	0	428	7	13	28	9422	0
4.277	0	0	428	8	14	24	6882	0
4.292	0	0	430	3	2	28	9422	0
4.293	0	0	430	4	3	28	9422	0
4.294	0	0	430	5	4	28	9422	0
4.295	0	0	430	6	1	24	6882	0
4.296	0	0	430	7	5	24	6882	0
4.297	0	0	430	8	6	26	7708	0
4.298	0	0	430	9	7	24	6882	0
4.299	0	0	430	10	8	28	9422	0
4.3	0	0	431	1	9	28	9422	0
4.301	0	0	431	2	10	24	6882	0
4.302	0	0	431	3	11	26	7708	0
4.303	0	0	431	4	12	28	9422	0
4.304	0	0	431	5	13	28	9422	0
4.305	0	0	431	6	14	24	6882	0
4.32	0	0	433	1	2	28	9422	0
4.321	0	0	433	2	3	28	9422	0
4.322	0	0	433	3	4	28	9422	0
4.323	0	0	433	4	1	24	6882	0
4.324	0	0	433	5	5	24	6882	0
4.325	0	0	433	6	6	26	7708	0
4.326	0	0	433	7	7	24	6882	0
4.327	0	0	433	8	8	28	9422	0
4.328	0	0	433	9	9	28	9422	0
4.329	0	0	433	10	10	24	6882	0
4.33	0	0	434	1	11	26	7708	0
4.331	0	0	434	2	12	28	9422	0
4.332	0	0	434	3	13	28	9422	0
4.333	0	0	434	4	14	24	6882	0
4.348	0	0	435	9	2	28	9422	0
4.349	0	0	435	10	3	28	9422	0
4.35	0	0	436	1	4	28	9422	0
4.351	0	0	436	2	1	24	6882	0
4.352	0	0	436	3	5	24	6882	0
4.353	0	0	436	4	6	26	7708	0
4.354	0	0	436	5	7	24	6882	0
4.355	0	0	436	6	8	28	9422	0
4.356	0	0	436	7	9	28	9422	0
4.357	0	0	436	8	10	24	6882	0
4.358	0	0	436	9	11	26	7708	0
4.359	0	0	436	10	12	28	9422	0
4.36	0	0	437	1	13	28	9422	0
4.361	0	0	437	2	14	24	6882	0
4.376	0	0	438	7	2	28	9422	0
4.377	0	0	438	8	3	28	9422	0
4.378	0	0	438	9	4	28	9422	0
4.379	0	0	438	10	1	24	6882	0
4.38	0	0	439	1	5	24	6882	0
4.381	0	0	439	2	6	26	7708	0
4.382	0	0	439	3	7	24	6882	0
4.383	0	0	439	4	8	28	9422	0
4.384	0	0	439	5	9	28	9422	0
4.385	0	0	439	6	10	24	6882	0
4.386	0	0	439	7	11	26	7708	0
4.387	0	0	439	8	12	28	9422	0
4.388	0	0	439	9	13	28	9422	0
4.389	0	0	439	10	14	24	6882	0
4.404	0	0	441	5	2	28	9422	0
4.405	0	0	441	6	3	28	9422	0
4.406	0	0	441	7	4	28	9422	0
4.407	0	0	441	8	1	24	6882	0
4.408	0	0	441	9	5	24	6882	0
4.409	0	0	441	10	6	26	7708	0
4.41	0	0	442	1	7	24	6882	0
4.411	0	0	442	2	8	28	9422	0
4.412	0	0	442	3	9	28	9422	0
4.413	0	0	442	4	10	24	6882	0
4.414	0	0	442	5	11	26	7708	0
4.415	0	0	442	6	12	28	9422	0
4.416	0	0	442	7	13	28	9422	0
4.417	0	0	442	8	14	24	6882	0
4.432	0	0	444	3	2	28	9422	0
4.433	0	0	444	4	3	28	9422	0
4.434	0	0	444	5	4	28	9422	0
4.435	0	0	444	6	1	24	6882	0
4.436	0	0	444	7	5	24	6882	0
4.437	0	0	444	8	6	26	7708	0
4.438	0	0	444	9	7	24	6882	0
4.439	0	0	444	10	8	28	9422	0
4.44	0	0	445	1	9	28	9422	0
4.441	0	0	445	2	10	24	6882	0
4.442	0	0	445	3	11	26	7708	0
4.443	0	0	445	4	12	28	9422	0
4.444	0	0	445	5	13	28	9422	0
4.445	0	0	445	6	14	24	6882	0
4.46	0	0	447	1	2	28	9422	0
4.461	0	0	447	2	3	28	9422	0
4.462	0	0	447	3	4	28	9422	0
4.463	0	0	447	4	1	24	6882	0
4.464	0	0	447	5	5	24	6882	0
4.465	0	0	447	6	6	26	7708	0
4.466	0	0	447	7	7	24	6882	0
4.467	0	0	447	8	8	28	9422	0
4.468	0	0	447	9	9	28	9422	0
4.469	0	0	447	10	10	24	6882	0
4.47	0	0	448	1	11	26	7708	0
4.471	0	0	448	2	12	28	9422	0
4.472	0	0	448	3	13	28	9422	0
4.473	0	0	448	4	14	24	6882	0
4.488	0	0	449	9	2	28	9422	0
4.489	0	0	449	10	3	28	9422	0
4.49	0	0	450	1	4	28	9422	0
4.491	0	0	450	2	1	24	6882	0
4.492	0	0	450	3	5	24	6882	0
4.493	0	0	450	4	6	26	7708	0
4.494	0	0	450	5	7	24	6882	0
4.495	0	0	450	6	8	28	9422	0
4.496	0	0	450	7	9	28	9422	0
4.497	0	0	450	8	10	24	6882	0
4.498	0	0	450	9	11	26	7708	0
4.499	0	0	450	10	12	28	9422	0
4.5	0	0	451	1	13	28	9422	0
4.501	0	0	451	2	14	24	6882	0
4.516	0	0	452	7	2	28	9422	0
4.517	0	0	452	8	3	28	9422	0
4.518	0	0	452	9	4	28	9422	0
4.519	0	0	452	10	1	24	6882	0
4.52	0	0	453	1	5	24	6882	0
4.521	0	0	453	2	6	26	7708	0
4.522	0	0	453	3	7	24	6882	0
4.523	0	0	453	4	8	28	9422	0
4.524	0	0	453	5	9	28	9422	0
4.525	0	0	453	6	10	24	6882	0
4.526	0	0	453	7	11	26	7708	0
4.527	0	0	453	8	12	28	9422	0
4.528	0	0	453	9	13	28	9422	0
4.529	0	0	453	10	14	24	6882	0
4.544	0	0	455	5	2	28	9422	0
4.545	0	0	455	6	3	28	9422	0
4.546	0	0	455	7	4	28	9422	0
4.547	0	0	455	8	1	24	6882	0
4.548	0	0	455	9	5	24	6882	0
4.549	0	0	455	10	6	26	7708	0
4.55	0	0	456	1	7	24	6882	0
4.551	0	0	456	2	8	28	9422	0
4.552	0	0	456	3	9	28	9422	0
4.553	0	0	456	4	10	24	6882	0
4.554	0	0	456	5	11	26	7708	0
4.555	0	0	456	6	12	28	9422	0
4.556	0	0	456	7	13	28	9422	0
4.557	0	0	456	8	14	24	6882	0
4.572	0	0	458	3	2	28	9422	0
4.573	0	0	458	4	3	28	9422	0
4.574	0	0	458	5	4	28	9422	0
4.575	0	0	458	6	1	24	6882	0
4.576	0	0	458	7	5	24	6882	0
4.577	0	0	458	8	6	26	7708	0
4.578	0	0	458	9	7	24	6882	0
4.579	0	0	458	10	8	28	9422	0
4.58	0	0	459	1	9	28	9422	0
4.581	0	0	459	2	10	24	6882	0
4.582	0	0	459	3	11	26	7708	0
4.583	0	0	459	4	12	28	9422	0
4.584	0	0	459	5	13	28	9422	0
4.585	0	0	459	6	14	24	6882	0
4.6	0	0	461	1	2	28	9422	0
4.601	0	0	461	2	3	28	9422	0
4.602	0	0	461	3	4	28	9422	0
4.603	0	0	461	4	1	24	6882	0
4.604	0	0	461	5	5	24	6882	0
4.605	0	0	461	6	6	26	7708	0
4.606	0	0	461	7	7	24	6882	0
4.607	0	0	461	8	8	28	9422	0
4.608	0	0	461	9	9	28	9422	0
4.609	0	0	461	10	10	24	6882	0
4.61	0	0	462	1	11	26	7708	0
4.611	0	0	462	2	12	28	9422	0
4.612	0	0	462	3	13	28	9422	0
4.613	0	0	462	4	14	24	6882	0
4.628	0	0	463	9	2	28	9422	0
4.629	0	0	463	10	3	28	9422	0
4.63	0	0	464	1	4	28	9422	0
4.631	0	0	464	2	1	24	6882	0
4.632	0	0	464	3	5	24	6882	0
4.633	0	0	464	4	6	26	7708	0
4.634	0	0	464	5	7	24	6882	0
4.635	0	0	464	6	8	28	9422	0
4.636	0	0	464	7	9	28	9422	0
4.637	0	0	464	8	10	24	6882	0
4.638	0	0	464	9	11	26	7708	0
4.639	0	0	464	10	12	28	9422	0
4.64	0	0	465	1	13	28	9422	0
4.641	0	0	465	2	14	24	6882	0
4.656	0	0	466	7	2	28	9422	0
4.657	0	0	466	8	3	28	9422	0
4.658	0	0	466	9	4	28	9422	0
4.659	0	0	466	10	1	24	6882	0
4.66	0	0	467	1	5	24	6882	0
4.661	0	0	467	2	6	26	7708	0
4.662	0	0	467	3	7	24	6882	0
4.663	0	0	467	4	8	28	9422	0
4.664	0	0	467	5	9	28	9422	0
4.665	0	0	467	6	10	24	6882	0
4.666	0	0	467	7	11	26	7708	0
4.667	0	0	467	8	12	28	9422	0
4.668	0	0	467	9	13	28	9422	0
4.669	0	0	467	10	14	24	6882	0
4.684	0	0	469	5	2	28	9422	0
4.685	0	0	469	6	3	28	9422	0
4.686	0	0	469	7	4	28	9422	0
4.687	0	0	469	8	1	24	6882	0
4.688	0	0	469	9	5	24	6882	0
4.689	0	0	469	10	6	26	7708	0
4.69	0	0	470	1	7	24	6882	0
4.691	0	0	470	2	8	28	9422	0
4.692	0	0	470	3	9	28	9422	0
4.693	0	0	470	4	10	24	6882	0
4.694	0	0	470	5	11	26	7708	0
4.695	0	0	470	6	12	28	9422	0
4.696	0	0	470	7	13	28	9422	0
4.697	0	0	470	8	14	24	6882	0
4.712	0	0	472	3	2	28	9422	0
4.713	0	0	472	4	3	28	9422	0
4.714	0	0	472	5	4	28	9422	0
4.715	0	0	472	6	1	24	6882	0
4.716	0	0	472	7	5	24	6882	0
4.717	0	0	472	8	6	26	7708	0
4.718	0	0	472	9	7	24	6882	0
4.719	0	0	472	10	8	28	9422	0
4.72	0	0	473	1	9	28	9422	0
4.721	0	0	473	2	10	24	6882	0
4.722	0	0	473	3	11	26	7708	0
4.723	0	0	473	4	12	28	9422	0
4.724	0	0	473	5	13	28	9422	0
4.725	0	0	473	6	14	24	6882	0
4.74	0	0	475	1	2	28	9422	0
4.741	0	0	475	2	3	28	9422	0
4.742	0	0	475	3	4	28	9422	0
4.743	0	0	475	4	1	24	6882	0
4.744	0	0	475	5	5	24	6882	0
4.745	0	0	475	6	6	26	7708	0
4.746	0	0	475	7	7	24	6882	0
4.747	0	0	475	8	8	28	9422	0
4.748	0	0	475	9	9	28	9422	0
4.749	0	0	475	10	10	24	6882	0
4.75	0	0	476	1	11	26	7708	0
4.751	0	0	476	2	12	28	9422	0
4.752	0	0	476	3	13	28	9422	0
4.753	0	0	476	4	14	24	6882	0
4.768	0	0	477	9	2	28	9422	0
4.769	0	0	477	10	3	28	9422	0
4.77	0	0	478	1	4	28	9422	0
4.771	0	0	478	2	1	24	6882	0
4.772	0	0	478	3	5	24	6882	0
4.773	0	0	478	4	6	26	7708	0
4.774	0	0	478	5	7	24	6882	0
4.775	0	0	478	6	8	28	9422	0
4.776	0	0	478	7	9	28	9422	0
4.777	0	0	478	8	10	24	6882	0
4.778	0	0	478	9	11	26	7708	0
4.779	0	0	478	10	12	28	9422	0
4.78	0	0	479	1	13	28	9422	0
4.781	0	0	479	2	14	24	6882	0
4.796	0	0	480	7	2	28	9422	0
4.797	0	0	480	8	3	28	9422	0
4.798	0	0	480	9	4	28	9422	0
4.799	0	0	480	10	1	24	6882	0
4.8	0	0	481	1	5	24	6882	0
4.801	0	0	481	2	6	26	7708	0
4.802	0	0	481	3	7	24	6882	0
4.803	0	0	481	4	8	28	9422	0
4.804	0	0	481	5	9	28	9422	0
4.805	0	0	481	6	10	24	6882	0
4.806	0	0	481	7	11	26	7708	0
4.807	0	0	481	8	12	28	9422	0
4.808	0	0	481	9	13	28	9422	0
4.809	0	0	481	10	14	24	6882	0
4.824	0	0	483	5	2	28	9422	0
4.825	0	0	483	6	3	28	9422	0
4.826	0	0	483	7	4	28	9422	0
4.827	0	0	483	8	1	24	6882	0
4.828	0	0	483	9	5	24	6882	0
4.829	0	0	483	10	6	26	7708	0
4.83	0	0	484	1	7	24	6882	0
4.831	0	0	484	2	8	28	9422	0
4.832	0	0	484	3	9	28	9422	0
4.833	0	0	484	4	10	24	6882	0
4.834	0	0	484	5	11	26	7708	0
4.835	0	0	484	6	12	28	9422	0
4.836	0	0	484	7	13	28	9422	0
4.837	0	0	484	8	14	24	6882	0
4.852	0	0	486	3	2	28	9422	0
4.853	0	0	486	4	3	28	9422	0
4.854	0	0	486	5	4	28	9422	0
4.855	0	0	486	6	1	24	6882	0
4.856	0	0	486	7	5	24	6882	0
4.857	0	0	486	8	6	26	7708	0
4.858	0	0	486	9	7	24	6882	0
4.859	0	0	486	10	8	28	9422	0
4.86	0	0	487	1	9	28	9422	0
4.861	0	0	487	2	10	24	6882	0
4.862	0	0	487	3	11	26	7708	0
4.863	0	0	487	4	12	28	9422	0
4.864	0	0	487	5	13	28	9422	0
4.865	0	0	487	6	14	24	6882	0
4.88	0	0	489	1	2	28	9422	0
4.881	0	0	489	2	3	28	9422	0
4.882	0	0	489	3	4	28	9422	0
4.883	0	0	489	4	1	24	6882	0
4.884	0	0	489	5	5	24	6882	0
4.885	0	0	489	6	6	26	7708	0
4.886	0	0	489	7	7	24	6882	0
4.887	0	0	489	8	8	28	9422	0
4.888	0	0	489	9	9	28	9422	0
4.889	0	0	489	10	10	24	6882	0
4.89	0	0	490	1	11	26	7708	0
4.891	0	0	490	2	12	28	9422	0
4.892	0	0	490	3	13	28	9422	0
4.893	0	0	490	4	14	24	6882	0
4.908	0	0	491	9	2	28	9422	0
4.909	0	0	491	10	3	28	9422	0
4.91	0	0	492	1	4	28	9422	0
4.911	0	0	492	2	1	24	6882	0
4.912	0	0	492	3	5	24	6882	0
4.913	0	0	492	4	6	26	7708	0
4.914	0	0	492	5	7	24	6882	0
4.915	0	0	492	6	8	28	9422	0
4.916	0	0	492	7	9	28	9422	0
4.917	0	0	492	8	10	24	6882	0
4.918	0	0	492	9	11	26	7708	0
4.919	0	0	492	10	12	28	9422	0
4.92	0	0	493	1	13	28	9422	0
4.921	0	0	493	2	14	24	6882	0
4.936	0	0	494	7	2	28	9422	0
4.937	0	0	494	8	3	28	9422	0
4.938	0	0	494	9	4	28	9422	0
4.939	0	0	494	10	1	24	6882	0
4.94	0	0	495	1	5	24	6882	0
4.941	0	0	495	2	6	26	7708	0
4.942	0	0	495	3	7	24	6882	0
4.943	0	0	495	4	8	28	9422	0
4.944	0	0	495	5	9	28	9422	0
4.945	0	0	495	6	10	24	6882	0
4.946	0	0	495	7	11	26	7708	0
4.947	0	0	495	8	12	28	9422	0
4.948	0	0	495	9	13	28	9422	0
4.949	0	0	495	10	14	24	6882	0
4.964	0	0	497	5	2	28	9422	0
4.965	0	0	497	6	3	28	9422	0
4.966	0	0	497	7	4	28	9422	0
4.967	0	0	497	8	1	24	6882	0
4.968	0	0	497	9	5	24	6882	0
4.969	0	0	497	10	6	26	7708	0
4.97	0	0	498	1	7	24	6882	0
4.971	0	0	498	2	8	28	9422	0
4.972	0	0	498	3	9	28	9422	0
4.973	0	0	498	4	10	24	6882	0
4.974	0	0	498	5	11	26	7708	0
4.975	0	0	498	6	12	28	9422	0
4.976	0	0	498	7	13	28	9422	0
4.977	0	0	498	8	14	24	6882	0
4.992	0	0	500	3	2	28	9422	0
4.993	0	0	500	4	3	28	9422	0
4.994	0	0	500	5	4	28	9422	0
4.995	0	0	500	6	1	24	6882	0
4.996	0	0	500	7	5	24	6882	0
4.997	0	0	500	8	6	26	7708	0
4.998	0	0	500	9	7	24	6882	0
4.999	0	0	500	10	8	28	9422	0
