% time	cellId	IMSI	RNTI	layer	mcs	size	rv	ndi	correct	ccId
126	1	0	2	0	0	349	0	1	1	0
127	1	0	3	0	0	349	0	1	1	0
128	1	0	4	0	0	349	0	1	1	0
129	1	0	1	0	0	349	0	1	1	0
130	1	0	5	0	0	349	0	1	1	0
131	1	0	6	0	0	349	0	1	1	0
132	1	0	7	0	0	349	0	1	1	0
133	1	0	8	0	0	349	0	1	1	0
134	1	0	9	0	0	349	0	1	1	0
135	1	0	10	0	0	349	0	1	1	0
136	1	0	11	0	0	349	0	1	1	0
137	1	0	12	0	0	349	0	1	1	0
138	1	0	13	0	0	349	0	1	1	0
139	1	0	14	0	0	349	0	1	1	0
154	1	0	2	0	0	349	0	1	1	0
155	1	0	3	0	0	349	0	1	1	0
156	1	0	4	0	0	349	0	1	1	0
157	1	0	1	0	0	349	0	1	1	0
158	1	0	5	0	0	349	0	1	1	0
159	1	0	6	0	0	349	0	1	1	0
160	1	0	7	0	0	349	0	1	1	0
161	1	0	8	0	0	349	0	1	1	0
162	1	0	9	0	0	349	0	1	1	0
163	1	0	10	0	0	349	0	1	1	0
164	1	0	11	0	0	349	0	1	1	0
165	1	0	12	0	0	349	0	1	1	0
166	1	0	13	0	0	349	0	1	1	0
167	1	0	14	0	0	349	0	1	1	0
182	1	0	2	0	0	349	0	1	1	0
183	1	0	3	0	0	349	0	1	1	0
184	1	0	4	0	0	349	0	1	1	0
185	1	0	1	0	0	349	0	1	1	0
186	1	0	5	0	0	349	0	1	1	0
187	1	0	6	0	0	349	0	1	1	0
188	1	0	7	0	0	349	0	1	1	0
189	1	0	8	0	0	349	0	1	1	0
190	1	0	9	0	0	349	0	1	1	0
191	1	0	10	0	0	349	0	1	1	0
192	1	0	11	0	0	349	0	1	1	0
193	1	0	12	0	0	349	0	1	1	0
194	1	0	13	0	0	349	0	1	1	0
195	1	0	14	0	0	349	0	1	1	0
210	1	0	2	0	0	349	0	1	1	0
211	1	0	3	0	0	349	0	1	1	0
212	1	0	4	0	0	349	0	1	1	0
213	1	0	1	0	0	349	0	1	1	0
214	1	0	5	0	0	349	0	1	1	0
215	1	0	6	0	0	349	0	1	1	0
216	1	0	7	0	0	349	0	1	1	0
217	1	0	8	0	0	349	0	1	1	0
218	1	0	9	0	0	349	0	1	1	0
219	1	0	10	0	0	349	0	1	1	0
220	1	0	11	0	0	349	0	1	1	0
221	1	0	12	0	0	349	0	1	1	0
222	1	0	13	0	0	349	0	1	1	0
223	1	0	14	0	0	349	0	1	1	0
238	1	0	2	0	0	349	0	1	1	0
239	1	0	3	0	0	349	0	1	1	0
240	1	0	4	0	0	349	0	1	1	0
241	1	0	1	0	0	349	0	1	1	0
242	1	0	5	0	0	349	0	1	1	0
243	1	0	6	0	0	349	0	1	1	0
244	1	0	7	0	0	349	0	1	1	0
245	1	0	8	0	0	349	0	1	1	0
246	1	0	9	0	0	349	0	1	1	0
247	1	0	10	0	0	349	0	1	1	0
248	1	0	11	0	0	349	0	1	1	0
249	1	0	12	0	0	349	0	1	1	0
250	1	0	13	0	0	349	0	1	1	0
251	1	0	14	0	0	349	0	1	1	0
266	1	0	2	0	0	349	0	1	1	0
267	1	0	3	0	0	349	0	1	1	0
268	1	0	4	0	0	349	0	1	1	0
269	1	0	1	0	0	349	0	1	1	0
270	1	0	5	0	0	349	0	1	1	0
271	1	0	6	0	0	349	0	1	1	0
272	1	0	7	0	0	349	0	1	1	0
273	1	0	8	0	0	349	0	1	1	0
274	1	0	9	0	0	349	0	1	1	0
275	1	0	10	0	0	349	0	1	1	0
276	1	0	11	0	0	349	0	1	1	0
277	1	0	12	0	0	349	0	1	1	0
278	1	0	13	0	0	349	0	1	1	0
279	1	0	14	0	0	349	0	1	1	0
294	1	0	2	0	0	349	0	1	1	0
295	1	0	3	0	0	349	0	1	1	0
296	1	0	4	0	0	349	0	1	1	0
297	1	0	1	0	0	349	0	1	1	0
298	1	0	5	0	0	349	0	1	1	0
299	1	0	6	0	0	349	0	1	1	0
300	1	0	7	0	0	349	0	1	1	0
301	1	0	8	0	0	349	0	1	1	0
302	1	0	9	0	0	349	0	1	1	0
303	1	0	10	0	0	349	0	1	1	0
304	1	0	11	0	0	349	0	1	1	0
305	1	0	12	0	0	349	0	1	1	0
306	1	0	13	0	0	349	0	1	1	0
307	1	0	14	0	0	349	0	1	1	0
322	1	0	2	0	0	349	0	1	1	0
323	1	0	3	0	0	349	0	1	1	0
324	1	0	4	0	0	349	0	1	1	0
325	1	0	1	0	0	349	0	1	1	0
326	1	0	5	0	0	349	0	1	1	0
327	1	0	6	0	0	349	0	1	1	0
328	1	0	7	0	0	349	0	1	1	0
329	1	0	8	0	0	349	0	1	1	0
330	1	0	9	0	0	349	0	1	1	0
331	1	0	10	0	0	349	0	1	1	0
332	1	0	11	0	0	349	0	1	1	0
333	1	0	12	0	0	349	0	1	1	0
334	1	0	13	0	0	349	0	1	1	0
335	1	0	14	0	0	349	0	1	1	0
350	1	0	2	0	28	9422	0	1	1	0
351	1	0	3	0	28	9422	0	1	1	0
352	1	0	4	0	28	9422	0	1	1	0
353	1	0	1	0	24	6882	0	1	1	0
354	1	0	5	0	24	6882	0	1	1	0
355	1	0	6	0	26	7708	0	1	1	0
356	1	0	7	0	24	6882	0	1	1	0
357	1	0	8	0	28	9422	0	1	1	0
358	1	0	9	0	28	9422	0	1	1	0
359	1	0	10	0	24	6882	0	1	1	0
360	1	0	11	0	26	7708	0	1	1	0
361	1	0	12	0	28	9422	0	1	1	0
362	1	0	13	0	28	9422	0	1	1	0
363	1	0	14	0	24	6882	0	1	1	0
378	1	0	2	0	28	9422	0	1	1	0
379	1	0	3	0	28	9422	0	1	1	0
380	1	0	4	0	28	9422	0	1	1	0
381	1	0	1	0	24	6882	0	1	1	0
382	1	0	5	0	24	6882	0	1	1	0
383	1	0	6	0	26	7708	0	1	1	0
384	1	0	7	0	24	6882	0	1	1	0
385	1	0	8	0	28	9422	0	1	1	0
386	1	0	9	0	28	9422	0	1	1	0
387	1	0	10	0	24	6882	0	1	1	0
388	1	0	11	0	26	7708	0	1	1	0
389	1	0	12	0	28	9422	0	1	1	0
390	1	0	13	0	28	9422	0	1	1	0
391	1	0	14	0	24	6882	0	1	1	0
406	1	0	2	0	28	9422	0	1	1	0
407	1	0	3	0	28	9422	0	1	1	0
408	1	0	4	0	28	9422	0	1	1	0
409	1	0	1	0	24	6882	0	1	1	0
410	1	0	5	0	24	6882	0	1	1	0
411	1	0	6	0	26	7708	0	1	1	0
412	1	0	7	0	24	6882	0	1	1	0
413	1	0	8	0	28	9422	0	1	1	0
414	1	0	9	0	28	9422	0	1	1	0
415	1	0	10	0	24	6882	0	1	1	0
416	1	0	11	0	26	7708	0	1	1	0
417	1	0	12	0	28	9422	0	1	1	0
418	1	0	13	0	28	9422	0	1	1	0
419	1	0	14	0	24	6882	0	1	1	0
434	1	0	2	0	28	9422	0	1	1	0
435	1	0	3	0	28	9422	0	1	1	0
436	1	0	4	0	28	9422	0	1	1	0
437	1	0	1	0	24	6882	0	1	1	0
438	1	0	5	0	24	6882	0	1	1	0
439	1	0	6	0	26	7708	0	1	1	0
440	1	0	7	0	24	6882	0	1	1	0
441	1	0	8	0	28	9422	0	1	1	0
442	1	0	9	0	28	9422	0	1	1	0
443	1	0	10	0	24	6882	0	1	1	0
444	1	0	11	0	26	7708	0	1	1	0
445	1	0	12	0	28	9422	0	1	1	0
446	1	0	13	0	28	9422	0	1	1	0
447	1	0	14	0	24	6882	0	1	1	0
462	1	0	2	0	28	9422	0	1	1	0
463	1	0	3	0	28	9422	0	1	1	0
464	1	0	4	0	28	9422	0	1	1	0
465	1	0	1	0	24	6882	0	1	1	0
466	1	0	5	0	24	6882	0	1	1	0
467	1	0	6	0	26	7708	0	1	1	0
468	1	0	7	0	24	6882	0	1	1	0
469	1	0	8	0	28	9422	0	1	1	0
470	1	0	9	0	28	9422	0	1	1	0
471	1	0	10	0	24	6882	0	1	1	0
472	1	0	11	0	26	7708	0	1	1	0
473	1	0	12	0	28	9422	0	1	1	0
474	1	0	13	0	28	9422	0	1	1	0
475	1	0	14	0	24	6882	0	1	1	0
490	1	0	2	0	28	9422	0	1	1	0
491	1	0	3	0	28	9422	0	1	1	0
492	1	0	4	0	28	9422	0	1	1	0
493	1	0	1	0	24	6882	0	1	1	0
494	1	0	5	0	24	6882	0	1	1	0
495	1	0	6	0	26	7708	0	1	1	0
496	1	0	7	0	24	6882	0	1	1	0
497	1	0	8	0	28	9422	0	1	1	0
498	1	0	9	0	28	9422	0	1	1	0
499	1	0	10	0	24	6882	0	1	1	0
500	1	0	11	0	26	7708	0	1	1	0
501	1	0	12	0	28	9422	0	1	1	0
502	1	0	13	0	28	9422	0	1	1	0
503	1	0	14	0	24	6882	0	1	1	0
518	1	0	2	0	28	9422	0	1	1	0
519	1	0	3	0	28	9422	0	1	1	0
520	1	0	4	0	28	9422	0	1	1	0
521	1	0	1	0	24	6882	0	1	1	0
522	1	0	5	0	24	6882	0	1	1	0
523	1	0	6	0	26	7708	0	1	1	0
524	1	0	7	0	24	6882	0	1	1	0
525	1	0	8	0	28	9422	0	1	1	0
526	1	0	9	0	28	9422	0	1	1	0
527	1	0	10	0	24	6882	0	1	1	0
528	1	0	11	0	26	7708	0	1	1	0
529	1	0	12	0	28	9422	0	1	1	0
530	1	0	13	0	28	9422	0	1	1	0
531	1	0	14	0	24	6882	0	1	1	0
546	1	0	2	0	28	9422	0	1	1	0
547	1	0	3	0	28	9422	0	1	1	0
548	1	0	4	0	28	9422	0	1	1	0
549	1	0	1	0	24	6882	0	1	1	0
550	1	0	5	0	24	6882	0	1	1	0
551	1	0	6	0	26	7708	0	1	1	0
552	1	0	7	0	24	6882	0	1	1	0
553	1	0	8	0	28	9422	0	1	1	0
554	1	0	9	0	28	9422	0	1	1	0
555	1	0	10	0	24	6882	0	1	1	0
556	1	0	11	0	26	7708	0	1	1	0
557	1	0	12	0	28	9422	0	1	1	0
558	1	0	13	0	28	9422	0	1	1	0
559	1	0	14	0	24	6882	0	1	1	0
574	1	0	2	0	28	9422	0	1	1	0
575	1	0	3	0	28	9422	0	1	1	0
576	1	0	4	0	28	9422	0	1	1	0
577	1	0	1	0	24	6882	0	1	1	0
578	1	0	5	0	24	6882	0	1	1	0
579	1	0	6	0	26	7708	0	1	1	0
580	1	0	7	0	24	6882	0	1	1	0
581	1	0	8	0	28	9422	0	1	1	0
582	1	0	9	0	28	9422	0	1	1	0
583	1	0	10	0	24	6882	0	1	1	0
584	1	0	11	0	26	7708	0	1	1	0
585	1	0	12	0	28	9422	0	1	1	0
586	1	0	13	0	28	9422	0	1	1	0
587	1	0	14	0	24	6882	0	1	1	0
602	1	0	2	0	28	9422	0	1	1	0
603	1	0	3	0	28	9422	0	1	1	0
604	1	0	4	0	28	9422	0	1	1	0
605	1	0	1	0	24	6882	0	1	1	0
606	1	0	5	0	24	6882	0	1	1	0
607	1	0	6	0	26	7708	0	1	1	0
608	1	0	7	0	24	6882	0	1	1	0
609	1	0	8	0	28	9422	0	1	1	0
610	1	0	9	0	28	9422	0	1	1	0
611	1	0	10	0	24	6882	0	1	1	0
612	1	0	11	0	26	7708	0	1	1	0
613	1	0	12	0	28	9422	0	1	1	0
614	1	0	13	0	28	9422	0	1	1	0
615	1	0	14	0	24	6882	0	1	1	0
630	1	0	2	0	28	9422	0	1	1	0
631	1	0	3	0	28	9422	0	1	1	0
632	1	0	4	0	28	9422	0	1	1	0
633	1	0	1	0	24	6882	0	1	1	0
634	1	0	5	0	24	6882	0	1	1	0
635	1	0	6	0	26	7708	0	1	1	0
636	1	0	7	0	24	6882	0	1	1	0
637	1	0	8	0	28	9422	0	1	1	0
638	1	0	9	0	28	9422	0	1	1	0
639	1	0	10	0	24	6882	0	1	1	0
640	1	0	11	0	26	7708	0	1	1	0
641	1	0	12	0	28	9422	0	1	1	0
642	1	0	13	0	28	9422	0	1	1	0
643	1	0	14	0	24	6882	0	1	1	0
658	1	0	2	0	28	9422	0	1	1	0
659	1	0	3	0	28	9422	0	1	1	0
660	1	0	4	0	28	9422	0	1	1	0
661	1	0	1	0	24	6882	0	1	1	0
662	1	0	5	0	24	6882	0	1	1	0
663	1	0	6	0	26	7708	0	1	1	0
664	1	0	7	0	24	6882	0	1	1	0
665	1	0	8	0	28	9422	0	1	1	0
666	1	0	9	0	28	9422	0	1	1	0
667	1	0	10	0	24	6882	0	1	1	0
668	1	0	11	0	26	7708	0	1	1	0
669	1	0	12	0	28	9422	0	1	1	0
670	1	0	13	0	28	9422	0	1	1	0
671	1	0	14	0	24	6882	0	1	1	0
686	1	0	2	0	28	9422	0	1	1	0
687	1	0	3	0	28	9422	0	1	1	0
688	1	0	4	0	28	9422	0	1	1	0
689	1	0	1	0	24	6882	0	1	1	0
690	1	0	5	0	24	6882	0	1	1	0
691	1	0	6	0	26	7708	0	1	1	0
692	1	0	7	0	24	6882	0	1	1	0
693	1	0	8	0	28	9422	0	1	1	0
694	1	0	9	0	28	9422	0	1	1	0
695	1	0	10	0	24	6882	0	1	1	0
696	1	0	11	0	26	7708	0	1	1	0
697	1	0	12	0	28	9422	0	1	1	0
698	1	0	13	0	28	9422	0	1	1	0
699	1	0	14	0	24	6882	0	1	1	0
714	1	0	2	0	28	9422	0	1	1	0
715	1	0	3	0	28	9422	0	1	1	0
716	1	0	4	0	28	9422	0	1	1	0
717	1	0	1	0	24	6882	0	1	1	0
718	1	0	5	0	24	6882	0	1	1	0
719	1	0	6	0	26	7708	0	1	1	0
720	1	0	7	0	24	6882	0	1	1	0
721	1	0	8	0	28	9422	0	1	1	0
722	1	0	9	0	28	9422	0	1	1	0
723	1	0	10	0	24	6882	0	1	1	0
724	1	0	11	0	26	7708	0	1	1	0
725	1	0	12	0	28	9422	0	1	1	0
726	1	0	13	0	28	9422	0	1	1	0
727	1	0	14	0	24	6882	0	1	1	0
742	1	0	2	0	28	9422	0	1	1	0
743	1	0	3	0	28	9422	0	1	1	0
744	1	0	4	0	28	9422	0	1	1	0
745	1	0	1	0	24	6882	0	1	1	0
746	1	0	5	0	24	6882	0	1	1	0
747	1	0	6	0	26	7708	0	1	1	0
748	1	0	7	0	24	6882	0	1	1	0
749	1	0	8	0	28	9422	0	1	1	0
750	1	0	9	0	28	9422	0	1	1	0
751	1	0	10	0	24	6882	0	1	1	0
752	1	0	11	0	26	7708	0	1	1	0
753	1	0	12	0	28	9422	0	1	1	0
754	1	0	13	0	28	9422	0	1	1	0
755	1	0	14	0	24	6882	0	1	1	0
770	1	0	2	0	28	9422	0	1	1	0
771	1	0	3	0	28	9422	0	1	1	0
772	1	0	4	0	28	9422	0	1	1	0
773	1	0	1	0	24	6882	0	1	1	0
774	1	0	5	0	24	6882	0	1	1	0
775	1	0	6	0	26	7708	0	1	1	0
776	1	0	7	0	24	6882	0	1	1	0
777	1	0	8	0	28	9422	0	1	1	0
778	1	0	9	0	28	9422	0	1	1	0
779	1	0	10	0	24	6882	0	1	1	0
780	1	0	11	0	26	7708	0	1	1	0
781	1	0	12	0	28	9422	0	1	1	0
782	1	0	13	0	28	9422	0	1	1	0
783	1	0	14	0	24	6882	0	1	1	0
798	1	0	2	0	28	9422	0	1	1	0
799	1	0	3	0	28	9422	0	1	1	0
800	1	0	4	0	28	9422	0	1	1	0
801	1	0	1	0	24	6882	0	1	1	0
802	1	0	5	0	24	6882	0	1	1	0
803	1	0	6	0	26	7708	0	1	1	0
804	1	0	7	0	24	6882	0	1	1	0
805	1	0	8	0	28	9422	0	1	1	0
806	1	0	9	0	28	9422	0	1	1	0
807	1	0	10	0	24	6882	0	1	1	0
808	1	0	11	0	26	7708	0	1	1	0
809	1	0	12	0	28	9422	0	1	1	0
810	1	0	13	0	28	9422	0	1	1	0
811	1	0	14	0	24	6882	0	1	1	0
826	1	0	2	0	28	9422	0	1	1	0
827	1	0	3	0	28	9422	0	1	1	0
828	1	0	4	0	28	9422	0	1	1	0
829	1	0	1	0	24	6882	0	1	1	0
830	1	0	5	0	24	6882	0	1	1	0
831	1	0	6	0	26	7708	0	1	1	0
832	1	0	7	0	24	6882	0	1	1	0
833	1	0	8	0	28	9422	0	1	1	0
834	1	0	9	0	28	9422	0	1	1	0
835	1	0	10	0	24	6882	0	1	1	0
836	1	0	11	0	26	7708	0	1	1	0
837	1	0	12	0	28	9422	0	1	1	0
838	1	0	13	0	28	9422	0	1	1	0
839	1	0	14	0	24	6882	0	1	1	0
854	1	0	2	0	28	9422	0	1	1	0
855	1	0	3	0	28	9422	0	1	1	0
856	1	0	4	0	28	9422	0	1	1	0
857	1	0	1	0	24	6882	0	1	1	0
858	1	0	5	0	24	6882	0	1	1	0
859	1	0	6	0	26	7708	0	1	1	0
860	1	0	7	0	24	6882	0	1	1	0
861	1	0	8	0	28	9422	0	1	1	0
862	1	0	9	0	28	9422	0	1	1	0
863	1	0	10	0	24	6882	0	1	1	0
864	1	0	11	0	26	7708	0	1	1	0
865	1	0	12	0	28	9422	0	1	1	0
866	1	0	13	0	28	9422	0	1	1	0
867	1	0	14	0	24	6882	0	1	1	0
882	1	0	2	0	28	9422	0	1	1	0
883	1	0	3	0	28	9422	0	1	1	0
884	1	0	4	0	28	9422	0	1	1	0
885	1	0	1	0	24	6882	0	1	1	0
886	1	0	5	0	24	6882	0	1	1	0
887	1	0	6	0	26	7708	0	1	1	0
888	1	0	7	0	24	6882	0	1	1	0
889	1	0	8	0	28	9422	0	1	1	0
890	1	0	9	0	28	9422	0	1	1	0
891	1	0	10	0	24	6882	0	1	1	0
892	1	0	11	0	26	7708	0	1	1	0
893	1	0	12	0	28	9422	0	1	1	0
894	1	0	13	0	28	9422	0	1	1	0
895	1	0	14	0	24	6882	0	1	1	0
910	1	0	2	0	28	9422	0	1	1	0
911	1	0	3	0	28	9422	0	1	1	0
912	1	0	4	0	28	9422	0	1	1	0
913	1	0	1	0	24	6882	0	1	1	0
914	1	0	5	0	24	6882	0	1	1	0
915	1	0	6	0	26	7708	0	1	1	0
916	1	0	7	0	24	6882	0	1	1	0
917	1	0	8	0	28	9422	0	1	1	0
918	1	0	9	0	28	9422	0	1	1	0
919	1	0	10	0	24	6882	0	1	1	0
920	1	0	11	0	26	7708	0	1	1	0
921	1	0	12	0	28	9422	0	1	1	0
922	1	0	13	0	28	9422	0	1	1	0
923	1	0	14	0	24	6882	0	1	1	0
938	1	0	2	0	28	9422	0	1	1	0
939	1	0	3	0	28	9422	0	1	1	0
940	1	0	4	0	28	9422	0	1	1	0
941	1	0	1	0	24	6882	0	1	1	0
942	1	0	5	0	24	6882	0	1	1	0
943	1	0	6	0	26	7708	0	1	1	0
944	1	0	7	0	24	6882	0	1	1	0
945	1	0	8	0	28	9422	0	1	1	0
946	1	0	9	0	28	9422	0	1	1	0
947	1	0	10	0	24	6882	0	1	1	0
948	1	0	11	0	26	7708	0	1	1	0
949	1	0	12	0	28	9422	0	1	1	0
950	1	0	13	0	28	9422	0	1	1	0
951	1	0	14	0	24	6882	0	1	1	0
966	1	0	2	0	28	9422	0	1	1	0
967	1	0	3	0	28	9422	0	1	1	0
968	1	0	4	0	28	9422	0	1	1	0
969	1	0	1	0	24	6882	0	1	1	0
970	1	0	5	0	24	6882	0	1	1	0
971	1	0	6	0	26	7708	0	1	1	0
972	1	0	7	0	24	6882	0	1	1	0
973	1	0	8	0	28	9422	0	1	1	0
974	1	0	9	0	28	9422	0	1	1	0
975	1	0	10	0	24	6882	0	1	1	0
976	1	0	11	0	26	7708	0	1	1	0
977	1	0	12	0	28	9422	0	1	1	0
978	1	0	13	0	28	9422	0	1	1	0
979	1	0	14	0	24	6882	0	1	1	0
994	1	0	2	0	28	9422	0	1	1	0
995	1	0	3	0	28	9422	0	1	1	0
996	1	0	4	0	28	9422	0	1	1	0
997	1	0	1	0	24	6882	0	1	1	0
998	1	0	5	0	24	6882	0	1	1	0
999	1	0	6	0	26	7708	0	1	1	0
1000	1	0	7	0	24	6882	0	1	1	0
1001	1	0	8	0	28	9422	0	1	1	0
1002	1	0	9	0	28	9422	0	1	1	0
1003	1	0	10	0	24	6882	0	1	1	0
1004	1	0	11	0	26	7708	0	1	1	0
1005	1	0	12	0	28	9422	0	1	1	0
1006	1	0	13	0	28	9422	0	1	1	0
1007	1	0	14	0	24	6882	0	1	1	0
1022	1	0	2	0	28	9422	0	1	1	0
1023	1	0	3	0	28	9422	0	1	1	0
1024	1	0	4	0	28	9422	0	1	1	0
1025	1	0	1	0	24	6882	0	1	1	0
1026	1	0	5	0	24	6882	0	1	1	0
1027	1	0	6	0	26	7708	0	1	1	0
1028	1	0	7	0	24	6882	0	1	1	0
1029	1	0	8	0	28	9422	0	1	1	0
1030	1	0	9	0	28	9422	0	1	1	0
1031	1	0	10	0	24	6882	0	1	1	0
1032	1	0	11	0	26	7708	0	1	1	0
1033	1	0	12	0	28	9422	0	1	1	0
1034	1	0	13	0	28	9422	0	1	1	0
1035	1	0	14	0	24	6882	0	1	1	0
1050	1	0	2	0	28	9422	0	1	1	0
1051	1	0	3	0	28	9422	0	1	1	0
1052	1	0	4	0	28	9422	0	1	1	0
1053	1	0	1	0	24	6882	0	1	1	0
1054	1	0	5	0	24	6882	0	1	1	0
1055	1	0	6	0	26	7708	0	1	1	0
1056	1	0	7	0	24	6882	0	1	1	0
1057	1	0	8	0	28	9422	0	1	1	0
1058	1	0	9	0	28	9422	0	1	1	0
1059	1	0	10	0	24	6882	0	1	1	0
1060	1	0	11	0	26	7708	0	1	1	0
1061	1	0	12	0	28	9422	0	1	1	0
1062	1	0	13	0	28	9422	0	1	1	0
1063	1	0	14	0	24	6882	0	1	1	0
1078	1	0	2	0	28	9422	0	1	1	0
1079	1	0	3	0	28	9422	0	1	1	0
1080	1	0	4	0	28	9422	0	1	1	0
1081	1	0	1	0	24	6882	0	1	1	0
1082	1	0	5	0	24	6882	0	1	1	0
1083	1	0	6	0	26	7708	0	1	1	0
1084	1	0	7	0	24	6882	0	1	1	0
1085	1	0	8	0	28	9422	0	1	1	0
1086	1	0	9	0	28	9422	0	1	1	0
1087	1	0	10	0	24	6882	0	1	1	0
1088	1	0	11	0	26	7708	0	1	1	0
1089	1	0	12	0	28	9422	0	1	1	0
1090	1	0	13	0	28	9422	0	1	1	0
1091	1	0	14	0	24	6882	0	1	1	0
1106	1	0	2	0	28	9422	0	1	1	0
1107	1	0	3	0	28	9422	0	1	1	0
1108	1	0	4	0	28	9422	0	1	1	0
1109	1	0	1	0	24	6882	0	1	1	0
1110	1	0	5	0	24	6882	0	1	1	0
1111	1	0	6	0	26	7708	0	1	1	0
1112	1	0	7	0	24	6882	0	1	1	0
1113	1	0	8	0	28	9422	0	1	1	0
1114	1	0	9	0	28	9422	0	1	1	0
1115	1	0	10	0	24	6882	0	1	1	0
1116	1	0	11	0	26	7708	0	1	1	0
1117	1	0	12	0	28	9422	0	1	1	0
1118	1	0	13	0	28	9422	0	1	1	0
1119	1	0	14	0	24	6882	0	1	1	0
1134	1	0	2	0	28	9422	0	1	1	0
1135	1	0	3	0	28	9422	0	1	1	0
1136	1	0	4	0	28	9422	0	1	1	0
1137	1	0	1	0	24	6882	0	1	1	0
1138	1	0	5	0	24	6882	0	1	1	0
1139	1	0	6	0	26	7708	0	1	1	0
1140	1	0	7	0	24	6882	0	1	1	0
1141	1	0	8	0	28	9422	0	1	1	0
1142	1	0	9	0	28	9422	0	1	1	0
1143	1	0	10	0	24	6882	0	1	1	0
1144	1	0	11	0	26	7708	0	1	1	0
1145	1	0	12	0	28	9422	0	1	1	0
1146	1	0	13	0	28	9422	0	1	1	0
1147	1	0	14	0	24	6882	0	1	1	0
1162	1	0	2	0	28	9422	0	1	1	0
1163	1	0	3	0	28	9422	0	1	1	0
1164	1	0	4	0	28	9422	0	1	1	0
1165	1	0	1	0	24	6882	0	1	1	0
1166	1	0	5	0	24	6882	0	1	1	0
1167	1	0	6	0	26	7708	0	1	1	0
1168	1	0	7	0	24	6882	0	1	1	0
1169	1	0	8	0	28	9422	0	1	1	0
1170	1	0	9	0	28	9422	0	1	1	0
1171	1	0	10	0	24	6882	0	1	1	0
1172	1	0	11	0	26	7708	0	1	1	0
1173	1	0	12	0	28	9422	0	1	1	0
1174	1	0	13	0	28	9422	0	1	1	0
1175	1	0	14	0	24	6882	0	1	1	0
1190	1	0	2	0	28	9422	0	1	1	0
1191	1	0	3	0	28	9422	0	1	1	0
1192	1	0	4	0	28	9422	0	1	1	0
1193	1	0	1	0	24	6882	0	1	1	0
1194	1	0	5	0	24	6882	0	1	1	0
1195	1	0	6	0	26	7708	0	1	1	0
1196	1	0	7	0	24	6882	0	1	1	0
1197	1	0	8	0	28	9422	0	1	1	0
1198	1	0	9	0	28	9422	0	1	1	0
1199	1	0	10	0	24	6882	0	1	1	0
1200	1	0	11	0	26	7708	0	1	1	0
1201	1	0	12	0	28	9422	0	1	1	0
1202	1	0	13	0	28	9422	0	1	1	0
1203	1	0	14	0	24	6882	0	1	1	0
1218	1	0	2	0	28	9422	0	1	1	0
1219	1	0	3	0	28	9422	0	1	1	0
1220	1	0	4	0	28	9422	0	1	1	0
1221	1	0	1	0	24	6882	0	1	1	0
1222	1	0	5	0	24	6882	0	1	1	0
1223	1	0	6	0	26	7708	0	1	1	0
1224	1	0	7	0	24	6882	0	1	1	0
1225	1	0	8	0	28	9422	0	1	1	0
1226	1	0	9	0	28	9422	0	1	1	0
1227	1	0	10	0	24	6882	0	1	1	0
1228	1	0	11	0	26	7708	0	1	1	0
1229	1	0	12	0	28	9422	0	1	1	0
1230	1	0	13	0	28	9422	0	1	1	0
1231	1	0	14	0	24	6882	0	1	1	0
1246	1	0	2	0	28	9422	0	1	1	0
1247	1	0	3	0	28	9422	0	1	1	0
1248	1	0	4	0	28	9422	0	1	1	0
1249	1	0	1	0	24	6882	0	1	1	0
1250	1	0	5	0	24	6882	0	1	1	0
1251	1	0	6	0	26	7708	0	1	1	0
1252	1	0	7	0	24	6882	0	1	1	0
1253	1	0	8	0	28	9422	0	1	1	0
1254	1	0	9	0	28	9422	0	1	1	0
1255	1	0	10	0	24	6882	0	1	1	0
1256	1	0	11	0	26	7708	0	1	1	0
1257	1	0	12	0	28	9422	0	1	1	0
1258	1	0	13	0	28	9422	0	1	1	0
1259	1	0	14	0	24	6882	0	1	1	0
1274	1	0	2	0	28	9422	0	1	1	0
1275	1	0	3	0	28	9422	0	1	1	0
1276	1	0	4	0	28	9422	0	1	1	0
1277	1	0	1	0	24	6882	0	1	1	0
1278	1	0	5	0	24	6882	0	1	1	0
1279	1	0	6	0	26	7708	0	1	1	0
1280	1	0	7	0	24	6882	0	1	1	0
1281	1	0	8	0	28	9422	0	1	1	0
1282	1	0	9	0	28	9422	0	1	1	0
1283	1	0	10	0	24	6882	0	1	1	0
1284	1	0	11	0	26	7708	0	1	1	0
1285	1	0	12	0	28	9422	0	1	1	0
1286	1	0	13	0	28	9422	0	1	1	0
1287	1	0	14	0	24	6882	0	1	1	0
1302	1	0	2	0	28	9422	0	1	1	0
1303	1	0	3	0	28	9422	0	1	1	0
1304	1	0	4	0	28	9422	0	1	1	0
1305	1	0	1	0	24	6882	0	1	1	0
1306	1	0	5	0	24	6882	0	1	1	0
1307	1	0	6	0	26	7708	0	1	1	0
1308	1	0	7	0	24	6882	0	1	1	0
1309	1	0	8	0	28	9422	0	1	1	0
1310	1	0	9	0	28	9422	0	1	1	0
1311	1	0	10	0	24	6882	0	1	1	0
1312	1	0	11	0	26	7708	0	1	1	0
1313	1	0	12	0	28	9422	0	1	1	0
1314	1	0	13	0	28	9422	0	1	1	0
1315	1	0	14	0	24	6882	0	1	1	0
1330	1	0	2	0	28	9422	0	1	1	0
1331	1	0	3	0	28	9422	0	1	1	0
1332	1	0	4	0	28	9422	0	1	1	0
1333	1	0	1	0	24	6882	0	1	1	0
1334	1	0	5	0	24	6882	0	1	1	0
1335	1	0	6	0	26	7708	0	1	1	0
1336	1	0	7	0	24	6882	0	1	1	0
1337	1	0	8	0	28	9422	0	1	1	0
1338	1	0	9	0	28	9422	0	1	1	0
1339	1	0	10	0	24	6882	0	1	1	0
1340	1	0	11	0	26	7708	0	1	1	0
1341	1	0	12	0	28	9422	0	1	1	0
1342	1	0	13	0	28	9422	0	1	1	0
1343	1	0	14	0	24	6882	0	1	1	0
1358	1	0	2	0	28	9422	0	1	1	0
1359	1	0	3	0	28	9422	0	1	1	0
1360	1	0	4	0	28	9422	0	1	1	0
1361	1	0	1	0	24	6882	0	1	1	0
1362	1	0	5	0	24	6882	0	1	1	0
1363	1	0	6	0	26	7708	0	1	1	0
1364	1	0	7	0	24	6882	0	1	1	0
1365	1	0	8	0	28	9422	0	1	1	0
1366	1	0	9	0	28	9422	0	1	1	0
1367	1	0	10	0	24	6882	0	1	1	0
1368	1	0	11	0	26	7708	0	1	1	0
1369	1	0	12	0	28	9422	0	1	1	0
1370	1	0	13	0	28	9422	0	1	1	0
1371	1	0	14	0	24	6882	0	1	1	0
1386	1	0	2	0	28	9422	0	1	1	0
1387	1	0	3	0	28	9422	0	1	1	0
1388	1	0	4	0	28	9422	0	1	1	0
1389	1	0	1	0	24	6882	0	1	1	0
1390	1	0	5	0	24	6882	0	1	1	0
1391	1	0	6	0	26	7708	0	1	1	0
1392	1	0	7	0	24	6882	0	1	1	0
1393	1	0	8	0	28	9422	0	1	1	0
1394	1	0	9	0	28	9422	0	1	1	0
1395	1	0	10	0	24	6882	0	1	1	0
1396	1	0	11	0	26	7708	0	1	1	0
1397	1	0	12	0	28	9422	0	1	1	0
1398	1	0	13	0	28	9422	0	1	1	0
1399	1	0	14	0	24	6882	0	1	1	0
1414	1	0	2	0	28	9422	0	1	1	0
1415	1	0	3	0	28	9422	0	1	1	0
1416	1	0	4	0	28	9422	0	1	1	0
1417	1	0	1	0	24	6882	0	1	1	0
1418	1	0	5	0	24	6882	0	1	1	0
1419	1	0	6	0	26	7708	0	1	1	0
1420	1	0	7	0	24	6882	0	1	1	0
1421	1	0	8	0	28	9422	0	1	1	0
1422	1	0	9	0	28	9422	0	1	1	0
1423	1	0	10	0	24	6882	0	1	1	0
1424	1	0	11	0	26	7708	0	1	1	0
1425	1	0	12	0	28	9422	0	1	1	0
1426	1	0	13	0	28	9422	0	1	1	0
1427	1	0	14	0	24	6882	0	1	1	0
1442	1	0	2	0	28	9422	0	1	1	0
1443	1	0	3	0	28	9422	0	1	1	0
1444	1	0	4	0	28	9422	0	1	1	0
1445	1	0	1	0	24	6882	0	1	1	0
1446	1	0	5	0	24	6882	0	1	1	0
1447	1	0	6	0	26	7708	0	1	1	0
1448	1	0	7	0	24	6882	0	1	1	0
1449	1	0	8	0	28	9422	0	1	1	0
1450	1	0	9	0	28	9422	0	1	1	0
1451	1	0	10	0	24	6882	0	1	1	0
1452	1	0	11	0	26	7708	0	1	1	0
1453	1	0	12	0	28	9422	0	1	1	0
1454	1	0	13	0	28	9422	0	1	1	0
1455	1	0	14	0	24	6882	0	1	1	0
1470	1	0	2	0	28	9422	0	1	1	0
1471	1	0	3	0	28	9422	0	1	1	0
1472	1	0	4	0	28	9422	0	1	1	0
1473	1	0	1	0	24	6882	0	1	1	0
1474	1	0	5	0	24	6882	0	1	1	0
1475	1	0	6	0	26	7708	0	1	1	0
1476	1	0	7	0	24	6882	0	1	1	0
1477	1	0	8	0	28	9422	0	1	1	0
1478	1	0	9	0	28	9422	0	1	1	0
1479	1	0	10	0	24	6882	0	1	1	0
1480	1	0	11	0	26	7708	0	1	1	0
1481	1	0	12	0	28	9422	0	1	1	0
1482	1	0	13	0	28	9422	0	1	1	0
1483	1	0	14	0	24	6882	0	1	1	0
1498	1	0	2	0	28	9422	0	1	1	0
1499	1	0	3	0	28	9422	0	1	1	0
1500	1	0	4	0	28	9422	0	1	1	0
1501	1	0	1	0	24	6882	0	1	1	0
1502	1	0	5	0	24	6882	0	1	1	0
1503	1	0	6	0	26	7708	0	1	1	0
1504	1	0	7	0	24	6882	0	1	1	0
1505	1	0	8	0	28	9422	0	1	1	0
1506	1	0	9	0	28	9422	0	1	1	0
1507	1	0	10	0	24	6882	0	1	1	0
1508	1	0	11	0	26	7708	0	1	1	0
1509	1	0	12	0	28	9422	0	1	1	0
1510	1	0	13	0	28	9422	0	1	1	0
1511	1	0	14	0	24	6882	0	1	1	0
1526	1	0	2	0	28	9422	0	1	1	0
1527	1	0	3	0	28	9422	0	1	1	0
1528	1	0	4	0	28	9422	0	1	1	0
1529	1	0	1	0	24	6882	0	1	1	0
1530	1	0	5	0	24	6882	0	1	1	0
1531	1	0	6	0	26	7708	0	1	1	0
1532	1	0	7	0	24	6882	0	1	1	0
1533	1	0	8	0	28	9422	0	1	1	0
1534	1	0	9	0	28	9422	0	1	1	0
1535	1	0	10	0	24	6882	0	1	1	0
1536	1	0	11	0	26	7708	0	1	1	0
1537	1	0	12	0	28	9422	0	1	1	0
1538	1	0	13	0	28	9422	0	1	1	0
1539	1	0	14	0	24	6882	0	1	1	0
1554	1	0	2	0	28	9422	0	1	1	0
1555	1	0	3	0	28	9422	0	1	1	0
1556	1	0	4	0	28	9422	0	1	1	0
1557	1	0	1	0	24	6882	0	1	1	0
1558	1	0	5	0	24	6882	0	1	1	0
1559	1	0	6	0	26	7708	0	1	1	0
1560	1	0	7	0	24	6882	0	1	1	0
1561	1	0	8	0	28	9422	0	1	1	0
1562	1	0	9	0	28	9422	0	1	1	0
1563	1	0	10	0	24	6882	0	1	1	0
1564	1	0	11	0	26	7708	0	1	1	0
1565	1	0	12	0	28	9422	0	1	1	0
1566	1	0	13	0	28	9422	0	1	1	0
1567	1	0	14	0	24	6882	0	1	1	0
1582	1	0	2	0	28	9422	0	1	1	0
1583	1	0	3	0	28	9422	0	1	1	0
1584	1	0	4	0	28	9422	0	1	1	0
1585	1	0	1	0	24	6882	0	1	1	0
1586	1	0	5	0	24	6882	0	1	1	0
1587	1	0	6	0	26	7708	0	1	1	0
1588	1	0	7	0	24	6882	0	1	1	0
1589	1	0	8	0	28	9422	0	1	1	0
1590	1	0	9	0	28	9422	0	1	1	0
1591	1	0	10	0	24	6882	0	1	1	0
1592	1	0	11	0	26	7708	0	1	1	0
1593	1	0	12	0	28	9422	0	1	1	0
1594	1	0	13	0	28	9422	0	1	1	0
1595	1	0	14	0	24	6882	0	1	1	0
1610	1	0	2	0	28	9422	0	1	1	0
1611	1	0	3	0	28	9422	0	1	1	0
1612	1	0	4	0	28	9422	0	1	1	0
1613	1	0	1	0	24	6882	0	1	1	0
1614	1	0	5	0	24	6882	0	1	1	0
1615	1	0	6	0	26	7708	0	1	1	0
1616	1	0	7	0	24	6882	0	1	1	0
1617	1	0	8	0	28	9422	0	1	1	0
1618	1	0	9	0	28	9422	0	1	1	0
1619	1	0	10	0	24	6882	0	1	1	0
1620	1	0	11	0	26	7708	0	1	1	0
1621	1	0	12	0	28	9422	0	1	1	0
1622	1	0	13	0	28	9422	0	1	1	0
1623	1	0	14	0	24	6882	0	1	1	0
1638	1	0	2	0	28	9422	0	1	1	0
1639	1	0	3	0	28	9422	0	1	1	0
1640	1	0	4	0	28	9422	0	1	1	0
1641	1	0	1	0	24	6882	0	1	1	0
1642	1	0	5	0	24	6882	0	1	1	0
1643	1	0	6	0	26	7708	0	1	1	0
1644	1	0	7	0	24	6882	0	1	1	0
1645	1	0	8	0	28	9422	0	1	1	0
1646	1	0	9	0	28	9422	0	1	1	0
1647	1	0	10	0	24	6882	0	1	1	0
1648	1	0	11	0	26	7708	0	1	1	0
1649	1	0	12	0	28	9422	0	1	1	0
1650	1	0	13	0	28	9422	0	1	1	0
1651	1	0	14	0	24	6882	0	1	1	0
1666	1	0	2	0	28	9422	0	1	1	0
1667	1	0	3	0	28	9422	0	1	1	0
1668	1	0	4	0	28	9422	0	1	1	0
1669	1	0	1	0	24	6882	0	1	1	0
1670	1	0	5	0	24	6882	0	1	1	0
1671	1	0	6	0	26	7708	0	1	1	0
1672	1	0	7	0	24	6882	0	1	1	0
1673	1	0	8	0	28	9422	0	1	1	0
1674	1	0	9	0	28	9422	0	1	1	0
1675	1	0	10	0	24	6882	0	1	1	0
1676	1	0	11	0	26	7708	0	1	1	0
1677	1	0	12	0	28	9422	0	1	1	0
1678	1	0	13	0	28	9422	0	1	1	0
1679	1	0	14	0	24	6882	0	1	1	0
1694	1	0	2	0	28	9422	0	1	1	0
1695	1	0	3	0	28	9422	0	1	1	0
1696	1	0	4	0	28	9422	0	1	1	0
1697	1	0	1	0	24	6882	0	1	1	0
1698	1	0	5	0	24	6882	0	1	1	0
1699	1	0	6	0	26	7708	0	1	1	0
1700	1	0	7	0	24	6882	0	1	1	0
1701	1	0	8	0	28	9422	0	1	1	0
1702	1	0	9	0	28	9422	0	1	1	0
1703	1	0	10	0	24	6882	0	1	1	0
1704	1	0	11	0	26	7708	0	1	1	0
1705	1	0	12	0	28	9422	0	1	1	0
1706	1	0	13	0	28	9422	0	1	1	0
1707	1	0	14	0	24	6882	0	1	1	0
1722	1	0	2	0	28	9422	0	1	1	0
1723	1	0	3	0	28	9422	0	1	1	0
1724	1	0	4	0	28	9422	0	1	1	0
1725	1	0	1	0	24	6882	0	1	1	0
1726	1	0	5	0	24	6882	0	1	1	0
1727	1	0	6	0	26	7708	0	1	1	0
1728	1	0	7	0	24	6882	0	1	1	0
1729	1	0	8	0	28	9422	0	1	1	0
1730	1	0	9	0	28	9422	0	1	1	0
1731	1	0	10	0	24	6882	0	1	1	0
1732	1	0	11	0	26	7708	0	1	1	0
1733	1	0	12	0	28	9422	0	1	1	0
1734	1	0	13	0	28	9422	0	1	1	0
1735	1	0	14	0	24	6882	0	1	1	0
1750	1	0	2	0	28	9422	0	1	1	0
1751	1	0	3	0	28	9422	0	1	1	0
1752	1	0	4	0	28	9422	0	1	1	0
1753	1	0	1	0	24	6882	0	1	1	0
1754	1	0	5	0	24	6882	0	1	1	0
1755	1	0	6	0	26	7708	0	1	1	0
1756	1	0	7	0	24	6882	0	1	1	0
1757	1	0	8	0	28	9422	0	1	1	0
1758	1	0	9	0	28	9422	0	1	1	0
1759	1	0	10	0	24	6882	0	1	1	0
1760	1	0	11	0	26	7708	0	1	1	0
1761	1	0	12	0	28	9422	0	1	1	0
1762	1	0	13	0	28	9422	0	1	1	0
1763	1	0	14	0	24	6882	0	1	1	0
1778	1	0	2	0	28	9422	0	1	1	0
1779	1	0	3	0	28	9422	0	1	1	0
1780	1	0	4	0	28	9422	0	1	1	0
1781	1	0	1	0	24	6882	0	1	1	0
1782	1	0	5	0	24	6882	0	1	1	0
1783	1	0	6	0	26	7708	0	1	1	0
1784	1	0	7	0	24	6882	0	1	1	0
1785	1	0	8	0	28	9422	0	1	1	0
1786	1	0	9	0	28	9422	0	1	1	0
1787	1	0	10	0	24	6882	0	1	1	0
1788	1	0	11	0	26	7708	0	1	1	0
1789	1	0	12	0	28	9422	0	1	1	0
1790	1	0	13	0	28	9422	0	1	1	0
1791	1	0	14	0	24	6882	0	1	1	0
1806	1	0	2	0	28	9422	0	1	1	0
1807	1	0	3	0	28	9422	0	1	1	0
1808	1	0	4	0	28	9422	0	1	1	0
1809	1	0	1	0	24	6882	0	1	1	0
1810	1	0	5	0	24	6882	0	1	1	0
1811	1	0	6	0	26	7708	0	1	1	0
1812	1	0	7	0	24	6882	0	1	1	0
1813	1	0	8	0	28	9422	0	1	1	0
1814	1	0	9	0	28	9422	0	1	1	0
1815	1	0	10	0	24	6882	0	1	1	0
1816	1	0	11	0	26	7708	0	1	1	0
1817	1	0	12	0	28	9422	0	1	1	0
1818	1	0	13	0	28	9422	0	1	1	0
1819	1	0	14	0	24	6882	0	1	1	0
1834	1	0	2	0	28	9422	0	1	1	0
1835	1	0	3	0	28	9422	0	1	1	0
1836	1	0	4	0	28	9422	0	1	1	0
1837	1	0	1	0	24	6882	0	1	1	0
1838	1	0	5	0	24	6882	0	1	1	0
1839	1	0	6	0	26	7708	0	1	1	0
1840	1	0	7	0	24	6882	0	1	1	0
1841	1	0	8	0	28	9422	0	1	1	0
1842	1	0	9	0	28	9422	0	1	1	0
1843	1	0	10	0	24	6882	0	1	1	0
1844	1	0	11	0	26	7708	0	1	1	0
1845	1	0	12	0	28	9422	0	1	1	0
1846	1	0	13	0	28	9422	0	1	1	0
1847	1	0	14	0	24	6882	0	1	1	0
1862	1	0	2	0	28	9422	0	1	1	0
1863	1	0	3	0	28	9422	0	1	1	0
1864	1	0	4	0	28	9422	0	1	1	0
1865	1	0	1	0	24	6882	0	1	1	0
1866	1	0	5	0	24	6882	0	1	1	0
1867	1	0	6	0	26	7708	0	1	1	0
1868	1	0	7	0	24	6882	0	1	1	0
1869	1	0	8	0	28	9422	0	1	1	0
1870	1	0	9	0	28	9422	0	1	1	0
1871	1	0	10	0	24	6882	0	1	1	0
1872	1	0	11	0	26	7708	0	1	1	0
1873	1	0	12	0	28	9422	0	1	1	0
1874	1	0	13	0	28	9422	0	1	1	0
1875	1	0	14	0	24	6882	0	1	1	0
1890	1	0	2	0	28	9422	0	1	1	0
1891	1	0	3	0	28	9422	0	1	1	0
1892	1	0	4	0	28	9422	0	1	1	0
1893	1	0	1	0	24	6882	0	1	1	0
1894	1	0	5	0	24	6882	0	1	1	0
1895	1	0	6	0	26	7708	0	1	1	0
1896	1	0	7	0	24	6882	0	1	1	0
1897	1	0	8	0	28	9422	0	1	1	0
1898	1	0	9	0	28	9422	0	1	1	0
1899	1	0	10	0	24	6882	0	1	1	0
1900	1	0	11	0	26	7708	0	1	1	0
1901	1	0	12	0	28	9422	0	1	1	0
1902	1	0	13	0	28	9422	0	1	1	0
1903	1	0	14	0	24	6882	0	1	1	0
1918	1	0	2	0	28	9422	0	1	1	0
1919	1	0	3	0	28	9422	0	1	1	0
1920	1	0	4	0	28	9422	0	1	1	0
1921	1	0	1	0	24	6882	0	1	1	0
1922	1	0	5	0	24	6882	0	1	1	0
1923	1	0	6	0	26	7708	0	1	1	0
1924	1	0	7	0	24	6882	0	1	1	0
1925	1	0	8	0	28	9422	0	1	1	0
1926	1	0	9	0	28	9422	0	1	1	0
1927	1	0	10	0	24	6882	0	1	1	0
1928	1	0	11	0	26	7708	0	1	1	0
1929	1	0	12	0	28	9422	0	1	1	0
1930	1	0	13	0	28	9422	0	1	1	0
1931	1	0	14	0	24	6882	0	1	1	0
1946	1	0	2	0	28	9422	0	1	1	0
1947	1	0	3	0	28	9422	0	1	1	0
1948	1	0	4	0	28	9422	0	1	1	0
1949	1	0	1	0	24	6882	0	1	1	0
1950	1	0	5	0	24	6882	0	1	1	0
1951	1	0	6	0	26	7708	0	1	1	0
1952	1	0	7	0	24	6882	0	1	1	0
1953	1	0	8	0	28	9422	0	1	1	0
1954	1	0	9	0	28	9422	0	1	1	0
1955	1	0	10	0	24	6882	0	1	1	0
1956	1	0	11	0	26	7708	0	1	1	0
1957	1	0	12	0	28	9422	0	1	1	0
1958	1	0	13	0	28	9422	0	1	1	0
1959	1	0	14	0	24	6882	0	1	1	0
1974	1	0	2	0	28	9422	0	1	1	0
1975	1	0	3	0	28	9422	0	1	1	0
1976	1	0	4	0	28	9422	0	1	1	0
1977	1	0	1	0	24	6882	0	1	1	0
1978	1	0	5	0	24	6882	0	1	1	0
1979	1	0	6	0	26	7708	0	1	1	0
1980	1	0	7	0	24	6882	0	1	1	0
1981	1	0	8	0	28	9422	0	1	1	0
1982	1	0	9	0	28	9422	0	1	1	0
1983	1	0	10	0	24	6882	0	1	1	0
1984	1	0	11	0	26	7708	0	1	1	0
1985	1	0	12	0	28	9422	0	1	1	0
1986	1	0	13	0	28	9422	0	1	1	0
1987	1	0	14	0	24	6882	0	1	1	0
2002	1	0	2	0	28	9422	0	1	1	0
2003	1	0	3	0	28	9422	0	1	1	0
2004	1	0	4	0	28	9422	0	1	1	0
2005	1	0	1	0	24	6882	0	1	1	0
2006	1	0	5	0	24	6882	0	1	1	0
2007	1	0	6	0	26	7708	0	1	1	0
2008	1	0	7	0	24	6882	0	1	1	0
2009	1	0	8	0	28	9422	0	1	1	0
2010	1	0	9	0	28	9422	0	1	1	0
2011	1	0	10	0	24	6882	0	1	1	0
2012	1	0	11	0	26	7708	0	1	1	0
2013	1	0	12	0	28	9422	0	1	1	0
2014	1	0	13	0	28	9422	0	1	1	0
2015	1	0	14	0	24	6882	0	1	1	0
2030	1	0	2	0	28	9422	0	1	1	0
2031	1	0	3	0	28	9422	0	1	1	0
2032	1	0	4	0	28	9422	0	1	1	0
2033	1	0	1	0	24	6882	0	1	1	0
2034	1	0	5	0	24	6882	0	1	1	0
2035	1	0	6	0	26	7708	0	1	1	0
2036	1	0	7	0	24	6882	0	1	1	0
2037	1	0	8	0	28	9422	0	1	1	0
2038	1	0	9	0	28	9422	0	1	1	0
2039	1	0	10	0	24	6882	0	1	1	0
2040	1	0	11	0	26	7708	0	1	1	0
2041	1	0	12	0	28	9422	0	1	1	0
2042	1	0	13	0	28	9422	0	1	1	0
2043	1	0	14	0	24	6882	0	1	1	0
2058	1	0	2	0	28	9422	0	1	1	0
2059	1	0	3	0	28	9422	0	1	1	0
2060	1	0	4	0	28	9422	0	1	1	0
2061	1	0	1	0	24	6882	0	1	1	0
2062	1	0	5	0	24	6882	0	1	1	0
2063	1	0	6	0	26	7708	0	1	1	0
2064	1	0	7	0	24	6882	0	1	1	0
2065	1	0	8	0	28	9422	0	1	1	0
2066	1	0	9	0	28	9422	0	1	1	0
2067	1	0	10	0	24	6882	0	1	1	0
2068	1	0	11	0	26	7708	0	1	1	0
2069	1	0	12	0	28	9422	0	1	1	0
2070	1	0	13	0	28	9422	0	1	1	0
2071	1	0	14	0	24	6882	0	1	1	0
2086	1	0	2	0	28	9422	0	1	1	0
2087	1	0	3	0	28	9422	0	1	1	0
2088	1	0	4	0	28	9422	0	1	1	0
2089	1	0	1	0	24	6882	0	1	1	0
2090	1	0	5	0	24	6882	0	1	1	0
2091	1	0	6	0	26	7708	0	1	1	0
2092	1	0	7	0	24	6882	0	1	1	0
2093	1	0	8	0	28	9422	0	1	1	0
2094	1	0	9	0	28	9422	0	1	1	0
2095	1	0	10	0	24	6882	0	1	1	0
2096	1	0	11	0	26	7708	0	1	1	0
2097	1	0	12	0	28	9422	0	1	1	0
2098	1	0	13	0	28	9422	0	1	1	0
2099	1	0	14	0	24	6882	0	1	1	0
2114	1	0	2	0	28	9422	0	1	1	0
2115	1	0	3	0	28	9422	0	1	1	0
2116	1	0	4	0	28	9422	0	1	1	0
2117	1	0	1	0	24	6882	0	1	1	0
2118	1	0	5	0	24	6882	0	1	1	0
2119	1	0	6	0	26	7708	0	1	1	0
2120	1	0	7	0	24	6882	0	1	1	0
2121	1	0	8	0	28	9422	0	1	1	0
2122	1	0	9	0	28	9422	0	1	1	0
2123	1	0	10	0	24	6882	0	1	1	0
2124	1	0	11	0	26	7708	0	1	1	0
2125	1	0	12	0	28	9422	0	1	1	0
2126	1	0	13	0	28	9422	0	1	1	0
2127	1	0	14	0	24	6882	0	1	1	0
2142	1	0	2	0	28	9422	0	1	1	0
2143	1	0	3	0	28	9422	0	1	1	0
2144	1	0	4	0	28	9422	0	1	1	0
2145	1	0	1	0	24	6882	0	1	1	0
2146	1	0	5	0	24	6882	0	1	1	0
2147	1	0	6	0	26	7708	0	1	1	0
2148	1	0	7	0	24	6882	0	1	1	0
2149	1	0	8	0	28	9422	0	1	1	0
2150	1	0	9	0	28	9422	0	1	1	0
2151	1	0	10	0	24	6882	0	1	1	0
2152	1	0	11	0	26	7708	0	1	1	0
2153	1	0	12	0	28	9422	0	1	1	0
2154	1	0	13	0	28	9422	0	1	1	0
2155	1	0	14	0	24	6882	0	1	1	0
2170	1	0	2	0	28	9422	0	1	1	0
2171	1	0	3	0	28	9422	0	1	1	0
2172	1	0	4	0	28	9422	0	1	1	0
2173	1	0	1	0	24	6882	0	1	1	0
2174	1	0	5	0	24	6882	0	1	1	0
2175	1	0	6	0	26	7708	0	1	1	0
2176	1	0	7	0	24	6882	0	1	1	0
2177	1	0	8	0	28	9422	0	1	1	0
2178	1	0	9	0	28	9422	0	1	1	0
2179	1	0	10	0	24	6882	0	1	1	0
2180	1	0	11	0	26	7708	0	1	1	0
2181	1	0	12	0	28	9422	0	1	1	0
2182	1	0	13	0	28	9422	0	1	1	0
2183	1	0	14	0	24	6882	0	1	1	0
2198	1	0	2	0	28	9422	0	1	1	0
2199	1	0	3	0	28	9422	0	1	1	0
2200	1	0	4	0	28	9422	0	1	1	0
2201	1	0	1	0	24	6882	0	1	1	0
2202	1	0	5	0	24	6882	0	1	1	0
2203	1	0	6	0	26	7708	0	1	1	0
2204	1	0	7	0	24	6882	0	1	1	0
2205	1	0	8	0	28	9422	0	1	1	0
2206	1	0	9	0	28	9422	0	1	1	0
2207	1	0	10	0	24	6882	0	1	1	0
2208	1	0	11	0	26	7708	0	1	1	0
2209	1	0	12	0	28	9422	0	1	1	0
2210	1	0	13	0	28	9422	0	1	1	0
2211	1	0	14	0	24	6882	0	1	1	0
2226	1	0	2	0	28	9422	0	1	1	0
2227	1	0	3	0	28	9422	0	1	1	0
2228	1	0	4	0	28	9422	0	1	1	0
2229	1	0	1	0	24	6882	0	1	1	0
2230	1	0	5	0	24	6882	0	1	1	0
2231	1	0	6	0	26	7708	0	1	1	0
2232	1	0	7	0	24	6882	0	1	1	0
2233	1	0	8	0	28	9422	0	1	1	0
2234	1	0	9	0	28	9422	0	1	1	0
2235	1	0	10	0	24	6882	0	1	1	0
2236	1	0	11	0	26	7708	0	1	1	0
2237	1	0	12	0	28	9422	0	1	1	0
2238	1	0	13	0	28	9422	0	1	1	0
2239	1	0	14	0	24	6882	0	1	1	0
2254	1	0	2	0	28	9422	0	1	1	0
2255	1	0	3	0	28	9422	0	1	1	0
2256	1	0	4	0	28	9422	0	1	1	0
2257	1	0	1	0	24	6882	0	1	1	0
2258	1	0	5	0	24	6882	0	1	1	0
2259	1	0	6	0	26	7708	0	1	1	0
2260	1	0	7	0	24	6882	0	1	1	0
2261	1	0	8	0	28	9422	0	1	1	0
2262	1	0	9	0	28	9422	0	1	1	0
2263	1	0	10	0	24	6882	0	1	1	0
2264	1	0	11	0	26	7708	0	1	1	0
2265	1	0	12	0	28	9422	0	1	1	0
2266	1	0	13	0	28	9422	0	1	1	0
2267	1	0	14	0	24	6882	0	1	1	0
2282	1	0	2	0	28	9422	0	1	1	0
2283	1	0	3	0	28	9422	0	1	1	0
2284	1	0	4	0	28	9422	0	1	1	0
2285	1	0	1	0	24	6882	0	1	1	0
2286	1	0	5	0	24	6882	0	1	1	0
2287	1	0	6	0	26	7708	0	1	1	0
2288	1	0	7	0	24	6882	0	1	1	0
2289	1	0	8	0	28	9422	0	1	1	0
2290	1	0	9	0	28	9422	0	1	1	0
2291	1	0	10	0	24	6882	0	1	1	0
2292	1	0	11	0	26	7708	0	1	1	0
2293	1	0	12	0	28	9422	0	1	1	0
2294	1	0	13	0	28	9422	0	1	1	0
2295	1	0	14	0	24	6882	0	1	1	0
2310	1	0	2	0	28	9422	0	1	1	0
2311	1	0	3	0	28	9422	0	1	1	0
2312	1	0	4	0	28	9422	0	1	1	0
2313	1	0	1	0	24	6882	0	1	1	0
2314	1	0	5	0	24	6882	0	1	1	0
2315	1	0	6	0	26	7708	0	1	1	0
2316	1	0	7	0	24	6882	0	1	1	0
2317	1	0	8	0	28	9422	0	1	1	0
2318	1	0	9	0	28	9422	0	1	1	0
2319	1	0	10	0	24	6882	0	1	1	0
2320	1	0	11	0	26	7708	0	1	1	0
2321	1	0	12	0	28	9422	0	1	1	0
2322	1	0	13	0	28	9422	0	1	1	0
2323	1	0	14	0	24	6882	0	1	1	0
2338	1	0	2	0	28	9422	0	1	1	0
2339	1	0	3	0	28	9422	0	1	1	0
2340	1	0	4	0	28	9422	0	1	1	0
2341	1	0	1	0	24	6882	0	1	1	0
2342	1	0	5	0	24	6882	0	1	1	0
2343	1	0	6	0	26	7708	0	1	1	0
2344	1	0	7	0	24	6882	0	1	1	0
2345	1	0	8	0	28	9422	0	1	1	0
2346	1	0	9	0	28	9422	0	1	1	0
2347	1	0	10	0	24	6882	0	1	1	0
2348	1	0	11	0	26	7708	0	1	1	0
2349	1	0	12	0	28	9422	0	1	1	0
2350	1	0	13	0	28	9422	0	1	1	0
2351	1	0	14	0	24	6882	0	1	1	0
2366	1	0	2	0	28	9422	0	1	1	0
2367	1	0	3	0	28	9422	0	1	1	0
2368	1	0	4	0	28	9422	0	1	1	0
2369	1	0	1	0	24	6882	0	1	1	0
2370	1	0	5	0	24	6882	0	1	1	0
2371	1	0	6	0	26	7708	0	1	1	0
2372	1	0	7	0	24	6882	0	1	1	0
2373	1	0	8	0	28	9422	0	1	1	0
2374	1	0	9	0	28	9422	0	1	1	0
2375	1	0	10	0	24	6882	0	1	1	0
2376	1	0	11	0	26	7708	0	1	1	0
2377	1	0	12	0	28	9422	0	1	1	0
2378	1	0	13	0	28	9422	0	1	1	0
2379	1	0	14	0	24	6882	0	1	1	0
2394	1	0	2	0	28	9422	0	1	1	0
2395	1	0	3	0	28	9422	0	1	1	0
2396	1	0	4	0	28	9422	0	1	1	0
2397	1	0	1	0	24	6882	0	1	1	0
2398	1	0	5	0	24	6882	0	1	1	0
2399	1	0	6	0	26	7708	0	1	1	0
2400	1	0	7	0	24	6882	0	1	1	0
2401	1	0	8	0	28	9422	0	1	1	0
2402	1	0	9	0	28	9422	0	1	1	0
2403	1	0	10	0	24	6882	0	1	1	0
2404	1	0	11	0	26	7708	0	1	1	0
2405	1	0	12	0	28	9422	0	1	1	0
2406	1	0	13	0	28	9422	0	1	1	0
2407	1	0	14	0	24	6882	0	1	1	0
2422	1	0	2	0	28	9422	0	1	1	0
2423	1	0	3	0	28	9422	0	1	1	0
2424	1	0	4	0	28	9422	0	1	1	0
2425	1	0	1	0	24	6882	0	1	1	0
2426	1	0	5	0	24	6882	0	1	1	0
2427	1	0	6	0	26	7708	0	1	1	0
2428	1	0	7	0	24	6882	0	1	1	0
2429	1	0	8	0	28	9422	0	1	1	0
2430	1	0	9	0	28	9422	0	1	1	0
2431	1	0	10	0	24	6882	0	1	1	0
2432	1	0	11	0	26	7708	0	1	1	0
2433	1	0	12	0	28	9422	0	1	1	0
2434	1	0	13	0	28	9422	0	1	1	0
2435	1	0	14	0	24	6882	0	1	1	0
2450	1	0	2	0	28	9422	0	1	1	0
2451	1	0	3	0	28	9422	0	1	1	0
2452	1	0	4	0	28	9422	0	1	1	0
2453	1	0	1	0	24	6882	0	1	1	0
2454	1	0	5	0	24	6882	0	1	1	0
2455	1	0	6	0	26	7708	0	1	1	0
2456	1	0	7	0	24	6882	0	1	1	0
2457	1	0	8	0	28	9422	0	1	1	0
2458	1	0	9	0	28	9422	0	1	1	0
2459	1	0	10	0	24	6882	0	1	1	0
2460	1	0	11	0	26	7708	0	1	1	0
2461	1	0	12	0	28	9422	0	1	1	0
2462	1	0	13	0	28	9422	0	1	1	0
2463	1	0	14	0	24	6882	0	1	1	0
2478	1	0	2	0	28	9422	0	1	1	0
2479	1	0	3	0	28	9422	0	1	1	0
2480	1	0	4	0	28	9422	0	1	1	0
2481	1	0	1	0	24	6882	0	1	1	0
2482	1	0	5	0	24	6882	0	1	1	0
2483	1	0	6	0	26	7708	0	1	1	0
2484	1	0	7	0	24	6882	0	1	1	0
2485	1	0	8	0	28	9422	0	1	1	0
2486	1	0	9	0	28	9422	0	1	1	0
2487	1	0	10	0	24	6882	0	1	1	0
2488	1	0	11	0	26	7708	0	1	1	0
2489	1	0	12	0	28	9422	0	1	1	0
2490	1	0	13	0	28	9422	0	1	1	0
2491	1	0	14	0	24	6882	0	1	1	0
2506	1	0	2	0	28	9422	0	1	1	0
2507	1	0	3	0	28	9422	0	1	1	0
2508	1	0	4	0	28	9422	0	1	1	0
2509	1	0	1	0	24	6882	0	1	1	0
2510	1	0	5	0	24	6882	0	1	1	0
2511	1	0	6	0	26	7708	0	1	1	0
2512	1	0	7	0	24	6882	0	1	1	0
2513	1	0	8	0	28	9422	0	1	1	0
2514	1	0	9	0	28	9422	0	1	1	0
2515	1	0	10	0	24	6882	0	1	1	0
2516	1	0	11	0	26	7708	0	1	1	0
2517	1	0	12	0	28	9422	0	1	1	0
2518	1	0	13	0	28	9422	0	1	1	0
2519	1	0	14	0	24	6882	0	1	1	0
2534	1	0	2	0	28	9422	0	1	1	0
2535	1	0	3	0	28	9422	0	1	1	0
2536	1	0	4	0	28	9422	0	1	1	0
2537	1	0	1	0	24	6882	0	1	1	0
2538	1	0	5	0	24	6882	0	1	1	0
2539	1	0	6	0	26	7708	0	1	1	0
2540	1	0	7	0	24	6882	0	1	1	0
2541	1	0	8	0	28	9422	0	1	1	0
2542	1	0	9	0	28	9422	0	1	1	0
2543	1	0	10	0	24	6882	0	1	1	0
2544	1	0	11	0	26	7708	0	1	1	0
2545	1	0	12	0	28	9422	0	1	1	0
2546	1	0	13	0	28	9422	0	1	1	0
2547	1	0	14	0	24	6882	0	1	1	0
2562	1	0	2	0	28	9422	0	1	1	0
2563	1	0	3	0	28	9422	0	1	1	0
2564	1	0	4	0	28	9422	0	1	1	0
2565	1	0	1	0	24	6882	0	1	1	0
2566	1	0	5	0	24	6882	0	1	1	0
2567	1	0	6	0	26	7708	0	1	1	0
2568	1	0	7	0	24	6882	0	1	1	0
2569	1	0	8	0	28	9422	0	1	1	0
2570	1	0	9	0	28	9422	0	1	1	0
2571	1	0	10	0	24	6882	0	1	1	0
2572	1	0	11	0	26	7708	0	1	1	0
2573	1	0	12	0	28	9422	0	1	1	0
2574	1	0	13	0	28	9422	0	1	1	0
2575	1	0	14	0	24	6882	0	1	1	0
2590	1	0	2	0	28	9422	0	1	1	0
2591	1	0	3	0	28	9422	0	1	1	0
2592	1	0	4	0	28	9422	0	1	1	0
2593	1	0	1	0	24	6882	0	1	1	0
2594	1	0	5	0	24	6882	0	1	1	0
2595	1	0	6	0	26	7708	0	1	1	0
2596	1	0	7	0	24	6882	0	1	1	0
2597	1	0	8	0	28	9422	0	1	1	0
2598	1	0	9	0	28	9422	0	1	1	0
2599	1	0	10	0	24	6882	0	1	1	0
2600	1	0	11	0	26	7708	0	1	1	0
2601	1	0	12	0	28	9422	0	1	1	0
2602	1	0	13	0	28	9422	0	1	1	0
2603	1	0	14	0	24	6882	0	1	1	0
2618	1	0	2	0	28	9422	0	1	1	0
2619	1	0	3	0	28	9422	0	1	1	0
2620	1	0	4	0	28	9422	0	1	1	0
2621	1	0	1	0	24	6882	0	1	1	0
2622	1	0	5	0	24	6882	0	1	1	0
2623	1	0	6	0	26	7708	0	1	1	0
2624	1	0	7	0	24	6882	0	1	1	0
2625	1	0	8	0	28	9422	0	1	1	0
2626	1	0	9	0	28	9422	0	1	1	0
2627	1	0	10	0	24	6882	0	1	1	0
2628	1	0	11	0	26	7708	0	1	1	0
2629	1	0	12	0	28	9422	0	1	1	0
2630	1	0	13	0	28	9422	0	1	1	0
2631	1	0	14	0	24	6882	0	1	1	0
2646	1	0	2	0	28	9422	0	1	1	0
2647	1	0	3	0	28	9422	0	1	1	0
2648	1	0	4	0	28	9422	0	1	1	0
2649	1	0	1	0	24	6882	0	1	1	0
2650	1	0	5	0	24	6882	0	1	1	0
2651	1	0	6	0	26	7708	0	1	1	0
2652	1	0	7	0	24	6882	0	1	1	0
2653	1	0	8	0	28	9422	0	1	1	0
2654	1	0	9	0	28	9422	0	1	1	0
2655	1	0	10	0	24	6882	0	1	1	0
2656	1	0	11	0	26	7708	0	1	1	0
2657	1	0	12	0	28	9422	0	1	1	0
2658	1	0	13	0	28	9422	0	1	1	0
2659	1	0	14	0	24	6882	0	1	1	0
2674	1	0	2	0	28	9422	0	1	1	0
2675	1	0	3	0	28	9422	0	1	1	0
2676	1	0	4	0	28	9422	0	1	1	0
2677	1	0	1	0	24	6882	0	1	1	0
2678	1	0	5	0	24	6882	0	1	1	0
2679	1	0	6	0	26	7708	0	1	1	0
2680	1	0	7	0	24	6882	0	1	1	0
2681	1	0	8	0	28	9422	0	1	1	0
2682	1	0	9	0	28	9422	0	1	1	0
2683	1	0	10	0	24	6882	0	1	1	0
2684	1	0	11	0	26	7708	0	1	1	0
2685	1	0	12	0	28	9422	0	1	1	0
2686	1	0	13	0	28	9422	0	1	1	0
2687	1	0	14	0	24	6882	0	1	1	0
2702	1	0	2	0	28	9422	0	1	1	0
2703	1	0	3	0	28	9422	0	1	1	0
2704	1	0	4	0	28	9422	0	1	1	0
2705	1	0	1	0	24	6882	0	1	1	0
2706	1	0	5	0	24	6882	0	1	1	0
2707	1	0	6	0	26	7708	0	1	1	0
2708	1	0	7	0	24	6882	0	1	1	0
2709	1	0	8	0	28	9422	0	1	1	0
2710	1	0	9	0	28	9422	0	1	1	0
2711	1	0	10	0	24	6882	0	1	1	0
2712	1	0	11	0	26	7708	0	1	1	0
2713	1	0	12	0	28	9422	0	1	1	0
2714	1	0	13	0	28	9422	0	1	1	0
2715	1	0	14	0	24	6882	0	1	1	0
2730	1	0	2	0	28	9422	0	1	1	0
2731	1	0	3	0	28	9422	0	1	1	0
2732	1	0	4	0	28	9422	0	1	1	0
2733	1	0	1	0	24	6882	0	1	1	0
2734	1	0	5	0	24	6882	0	1	1	0
2735	1	0	6	0	26	7708	0	1	1	0
2736	1	0	7	0	24	6882	0	1	1	0
2737	1	0	8	0	28	9422	0	1	1	0
2738	1	0	9	0	28	9422	0	1	1	0
2739	1	0	10	0	24	6882	0	1	1	0
2740	1	0	11	0	26	7708	0	1	1	0
2741	1	0	12	0	28	9422	0	1	1	0
2742	1	0	13	0	28	9422	0	1	1	0
2743	1	0	14	0	24	6882	0	1	1	0
2758	1	0	2	0	28	9422	0	1	1	0
2759	1	0	3	0	28	9422	0	1	1	0
2760	1	0	4	0	28	9422	0	1	1	0
2761	1	0	1	0	24	6882	0	1	1	0
2762	1	0	5	0	24	6882	0	1	1	0
2763	1	0	6	0	26	7708	0	1	1	0
2764	1	0	7	0	24	6882	0	1	1	0
2765	1	0	8	0	28	9422	0	1	1	0
2766	1	0	9	0	28	9422	0	1	1	0
2767	1	0	10	0	24	6882	0	1	1	0
2768	1	0	11	0	26	7708	0	1	1	0
2769	1	0	12	0	28	9422	0	1	1	0
2770	1	0	13	0	28	9422	0	1	1	0
2771	1	0	14	0	24	6882	0	1	1	0
2786	1	0	2	0	28	9422	0	1	1	0
2787	1	0	3	0	28	9422	0	1	1	0
2788	1	0	4	0	28	9422	0	1	1	0
2789	1	0	1	0	24	6882	0	1	1	0
2790	1	0	5	0	24	6882	0	1	1	0
2791	1	0	6	0	26	7708	0	1	1	0
2792	1	0	7	0	24	6882	0	1	1	0
2793	1	0	8	0	28	9422	0	1	1	0
2794	1	0	9	0	28	9422	0	1	1	0
2795	1	0	10	0	24	6882	0	1	1	0
2796	1	0	11	0	26	7708	0	1	1	0
2797	1	0	12	0	28	9422	0	1	1	0
2798	1	0	13	0	28	9422	0	1	1	0
2799	1	0	14	0	24	6882	0	1	1	0
2814	1	0	2	0	28	9422	0	1	1	0
2815	1	0	3	0	28	9422	0	1	1	0
2816	1	0	4	0	28	9422	0	1	1	0
2817	1	0	1	0	24	6882	0	1	1	0
2818	1	0	5	0	24	6882	0	1	1	0
2819	1	0	6	0	26	7708	0	1	1	0
2820	1	0	7	0	24	6882	0	1	1	0
2821	1	0	8	0	28	9422	0	1	1	0
2822	1	0	9	0	28	9422	0	1	1	0
2823	1	0	10	0	24	6882	0	1	1	0
2824	1	0	11	0	26	7708	0	1	1	0
2825	1	0	12	0	28	9422	0	1	1	0
2826	1	0	13	0	28	9422	0	1	1	0
2827	1	0	14	0	24	6882	0	1	1	0
2842	1	0	2	0	28	9422	0	1	1	0
2843	1	0	3	0	28	9422	0	1	1	0
2844	1	0	4	0	28	9422	0	1	1	0
2845	1	0	1	0	24	6882	0	1	1	0
2846	1	0	5	0	24	6882	0	1	1	0
2847	1	0	6	0	26	7708	0	1	1	0
2848	1	0	7	0	24	6882	0	1	1	0
2849	1	0	8	0	28	9422	0	1	1	0
2850	1	0	9	0	28	9422	0	1	1	0
2851	1	0	10	0	24	6882	0	1	1	0
2852	1	0	11	0	26	7708	0	1	1	0
2853	1	0	12	0	28	9422	0	1	1	0
2854	1	0	13	0	28	9422	0	1	1	0
2855	1	0	14	0	24	6882	0	1	1	0
2870	1	0	2	0	28	9422	0	1	1	0
2871	1	0	3	0	28	9422	0	1	1	0
2872	1	0	4	0	28	9422	0	1	1	0
2873	1	0	1	0	24	6882	0	1	1	0
2874	1	0	5	0	24	6882	0	1	1	0
2875	1	0	6	0	26	7708	0	1	1	0
2876	1	0	7	0	24	6882	0	1	1	0
2877	1	0	8	0	28	9422	0	1	1	0
2878	1	0	9	0	28	9422	0	1	1	0
2879	1	0	10	0	24	6882	0	1	1	0
2880	1	0	11	0	26	7708	0	1	1	0
2881	1	0	12	0	28	9422	0	1	1	0
2882	1	0	13	0	28	9422	0	1	1	0
2883	1	0	14	0	24	6882	0	1	1	0
2898	1	0	2	0	28	9422	0	1	1	0
2899	1	0	3	0	28	9422	0	1	1	0
2900	1	0	4	0	28	9422	0	1	1	0
2901	1	0	1	0	24	6882	0	1	1	0
2902	1	0	5	0	24	6882	0	1	1	0
2903	1	0	6	0	26	7708	0	1	1	0
2904	1	0	7	0	24	6882	0	1	1	0
2905	1	0	8	0	28	9422	0	1	1	0
2906	1	0	9	0	28	9422	0	1	1	0
2907	1	0	10	0	24	6882	0	1	1	0
2908	1	0	11	0	26	7708	0	1	1	0
2909	1	0	12	0	28	9422	0	1	1	0
2910	1	0	13	0	28	9422	0	1	1	0
2911	1	0	14	0	24	6882	0	1	1	0
2926	1	0	2	0	28	9422	0	1	1	0
2927	1	0	3	0	28	9422	0	1	1	0
2928	1	0	4	0	28	9422	0	1	1	0
2929	1	0	1	0	24	6882	0	1	1	0
2930	1	0	5	0	24	6882	0	1	1	0
2931	1	0	6	0	26	7708	0	1	1	0
2932	1	0	7	0	24	6882	0	1	1	0
2933	1	0	8	0	28	9422	0	1	1	0
2934	1	0	9	0	28	9422	0	1	1	0
2935	1	0	10	0	24	6882	0	1	1	0
2936	1	0	11	0	26	7708	0	1	1	0
2937	1	0	12	0	28	9422	0	1	1	0
2938	1	0	13	0	28	9422	0	1	1	0
2939	1	0	14	0	24	6882	0	1	1	0
2954	1	0	2	0	28	9422	0	1	1	0
2955	1	0	3	0	28	9422	0	1	1	0
2956	1	0	4	0	28	9422	0	1	1	0
2957	1	0	1	0	24	6882	0	1	1	0
2958	1	0	5	0	24	6882	0	1	1	0
2959	1	0	6	0	26	7708	0	1	1	0
2960	1	0	7	0	24	6882	0	1	1	0
2961	1	0	8	0	28	9422	0	1	1	0
2962	1	0	9	0	28	9422	0	1	1	0
2963	1	0	10	0	24	6882	0	1	1	0
2964	1	0	11	0	26	7708	0	1	1	0
2965	1	0	12	0	28	9422	0	1	1	0
2966	1	0	13	0	28	9422	0	1	1	0
2967	1	0	14	0	24	6882	0	1	1	0
2982	1	0	2	0	28	9422	0	1	1	0
2983	1	0	3	0	28	9422	0	1	1	0
2984	1	0	4	0	28	9422	0	1	1	0
2985	1	0	1	0	24	6882	0	1	1	0
2986	1	0	5	0	24	6882	0	1	1	0
2987	1	0	6	0	26	7708	0	1	1	0
2988	1	0	7	0	24	6882	0	1	1	0
2989	1	0	8	0	28	9422	0	1	1	0
2990	1	0	9	0	28	9422	0	1	1	0
2991	1	0	10	0	24	6882	0	1	1	0
2992	1	0	11	0	26	7708	0	1	1	0
2993	1	0	12	0	28	9422	0	1	1	0
2994	1	0	13	0	28	9422	0	1	1	0
2995	1	0	14	0	24	6882	0	1	1	0
3010	1	0	2	0	28	9422	0	1	1	0
3011	1	0	3	0	28	9422	0	1	1	0
3012	1	0	4	0	28	9422	0	1	1	0
3013	1	0	1	0	24	6882	0	1	1	0
3014	1	0	5	0	24	6882	0	1	1	0
3015	1	0	6	0	26	7708	0	1	1	0
3016	1	0	7	0	24	6882	0	1	1	0
3017	1	0	8	0	28	9422	0	1	1	0
3018	1	0	9	0	28	9422	0	1	1	0
3019	1	0	10	0	24	6882	0	1	1	0
3020	1	0	11	0	26	7708	0	1	1	0
3021	1	0	12	0	28	9422	0	1	1	0
3022	1	0	13	0	28	9422	0	1	1	0
3023	1	0	14	0	24	6882	0	1	1	0
3038	1	0	2	0	28	9422	0	1	1	0
3039	1	0	3	0	28	9422	0	1	1	0
3040	1	0	4	0	28	9422	0	1	1	0
3041	1	0	1	0	24	6882	0	1	1	0
3042	1	0	5	0	24	6882	0	1	1	0
3043	1	0	6	0	26	7708	0	1	1	0
3044	1	0	7	0	24	6882	0	1	1	0
3045	1	0	8	0	28	9422	0	1	1	0
3046	1	0	9	0	28	9422	0	1	1	0
3047	1	0	10	0	24	6882	0	1	1	0
3048	1	0	11	0	26	7708	0	1	1	0
3049	1	0	12	0	28	9422	0	1	1	0
3050	1	0	13	0	28	9422	0	1	1	0
3051	1	0	14	0	24	6882	0	1	1	0
3066	1	0	2	0	28	9422	0	1	1	0
3067	1	0	3	0	28	9422	0	1	1	0
3068	1	0	4	0	28	9422	0	1	1	0
3069	1	0	1	0	24	6882	0	1	1	0
3070	1	0	5	0	24	6882	0	1	1	0
3071	1	0	6	0	26	7708	0	1	1	0
3072	1	0	7	0	24	6882	0	1	1	0
3073	1	0	8	0	28	9422	0	1	1	0
3074	1	0	9	0	28	9422	0	1	1	0
3075	1	0	10	0	24	6882	0	1	1	0
3076	1	0	11	0	26	7708	0	1	1	0
3077	1	0	12	0	28	9422	0	1	1	0
3078	1	0	13	0	28	9422	0	1	1	0
3079	1	0	14	0	24	6882	0	1	1	0
3094	1	0	2	0	28	9422	0	1	1	0
3095	1	0	3	0	28	9422	0	1	1	0
3096	1	0	4	0	28	9422	0	1	1	0
3097	1	0	1	0	24	6882	0	1	1	0
3098	1	0	5	0	24	6882	0	1	1	0
3099	1	0	6	0	26	7708	0	1	1	0
3100	1	0	7	0	24	6882	0	1	1	0
3101	1	0	8	0	28	9422	0	1	1	0
3102	1	0	9	0	28	9422	0	1	1	0
3103	1	0	10	0	24	6882	0	1	1	0
3104	1	0	11	0	26	7708	0	1	1	0
3105	1	0	12	0	28	9422	0	1	1	0
3106	1	0	13	0	28	9422	0	1	1	0
3107	1	0	14	0	24	6882	0	1	1	0
3122	1	0	2	0	28	9422	0	1	1	0
3123	1	0	3	0	28	9422	0	1	1	0
3124	1	0	4	0	28	9422	0	1	1	0
3125	1	0	1	0	24	6882	0	1	1	0
3126	1	0	5	0	24	6882	0	1	1	0
3127	1	0	6	0	26	7708	0	1	1	0
3128	1	0	7	0	24	6882	0	1	1	0
3129	1	0	8	0	28	9422	0	1	1	0
3130	1	0	9	0	28	9422	0	1	1	0
3131	1	0	10	0	24	6882	0	1	1	0
3132	1	0	11	0	26	7708	0	1	1	0
3133	1	0	12	0	28	9422	0	1	1	0
3134	1	0	13	0	28	9422	0	1	1	0
3135	1	0	14	0	24	6882	0	1	1	0
3150	1	0	2	0	28	9422	0	1	1	0
3151	1	0	3	0	28	9422	0	1	1	0
3152	1	0	4	0	28	9422	0	1	1	0
3153	1	0	1	0	24	6882	0	1	1	0
3154	1	0	5	0	24	6882	0	1	1	0
3155	1	0	6	0	26	7708	0	1	1	0
3156	1	0	7	0	24	6882	0	1	1	0
3157	1	0	8	0	28	9422	0	1	1	0
3158	1	0	9	0	28	9422	0	1	1	0
3159	1	0	10	0	24	6882	0	1	1	0
3160	1	0	11	0	26	7708	0	1	1	0
3161	1	0	12	0	28	9422	0	1	1	0
3162	1	0	13	0	28	9422	0	1	1	0
3163	1	0	14	0	24	6882	0	1	1	0
3178	1	0	2	0	28	9422	0	1	1	0
3179	1	0	3	0	28	9422	0	1	1	0
3180	1	0	4	0	28	9422	0	1	1	0
3181	1	0	1	0	24	6882	0	1	1	0
3182	1	0	5	0	24	6882	0	1	1	0
3183	1	0	6	0	26	7708	0	1	1	0
3184	1	0	7	0	24	6882	0	1	1	0
3185	1	0	8	0	28	9422	0	1	1	0
3186	1	0	9	0	28	9422	0	1	1	0
3187	1	0	10	0	24	6882	0	1	1	0
3188	1	0	11	0	26	7708	0	1	1	0
3189	1	0	12	0	28	9422	0	1	1	0
3190	1	0	13	0	28	9422	0	1	1	0
3191	1	0	14	0	24	6882	0	1	1	0
3206	1	0	2	0	28	9422	0	1	1	0
3207	1	0	3	0	28	9422	0	1	1	0
3208	1	0	4	0	28	9422	0	1	1	0
3209	1	0	1	0	24	6882	0	1	1	0
3210	1	0	5	0	24	6882	0	1	1	0
3211	1	0	6	0	26	7708	0	1	1	0
3212	1	0	7	0	24	6882	0	1	1	0
3213	1	0	8	0	28	9422	0	1	1	0
3214	1	0	9	0	28	9422	0	1	1	0
3215	1	0	10	0	24	6882	0	1	1	0
3216	1	0	11	0	26	7708	0	1	1	0
3217	1	0	12	0	28	9422	0	1	1	0
3218	1	0	13	0	28	9422	0	1	1	0
3219	1	0	14	0	24	6882	0	1	1	0
3234	1	0	2	0	28	9422	0	1	1	0
3235	1	0	3	0	28	9422	0	1	1	0
3236	1	0	4	0	28	9422	0	1	1	0
3237	1	0	1	0	24	6882	0	1	1	0
3238	1	0	5	0	24	6882	0	1	1	0
3239	1	0	6	0	26	7708	0	1	1	0
3240	1	0	7	0	24	6882	0	1	1	0
3241	1	0	8	0	28	9422	0	1	1	0
3242	1	0	9	0	28	9422	0	1	1	0
3243	1	0	10	0	24	6882	0	1	1	0
3244	1	0	11	0	26	7708	0	1	1	0
3245	1	0	12	0	28	9422	0	1	1	0
3246	1	0	13	0	28	9422	0	1	1	0
3247	1	0	14	0	24	6882	0	1	1	0
3262	1	0	2	0	28	9422	0	1	1	0
3263	1	0	3	0	28	9422	0	1	1	0
3264	1	0	4	0	28	9422	0	1	1	0
3265	1	0	1	0	24	6882	0	1	1	0
3266	1	0	5	0	24	6882	0	1	1	0
3267	1	0	6	0	26	7708	0	1	1	0
3268	1	0	7	0	24	6882	0	1	1	0
3269	1	0	8	0	28	9422	0	1	1	0
3270	1	0	9	0	28	9422	0	1	1	0
3271	1	0	10	0	24	6882	0	1	1	0
3272	1	0	11	0	26	7708	0	1	1	0
3273	1	0	12	0	28	9422	0	1	1	0
3274	1	0	13	0	28	9422	0	1	1	0
3275	1	0	14	0	24	6882	0	1	1	0
3290	1	0	2	0	28	9422	0	1	1	0
3291	1	0	3	0	28	9422	0	1	1	0
3292	1	0	4	0	28	9422	0	1	1	0
3293	1	0	1	0	24	6882	0	1	1	0
3294	1	0	5	0	24	6882	0	1	1	0
3295	1	0	6	0	26	7708	0	1	1	0
3296	1	0	7	0	24	6882	0	1	1	0
3297	1	0	8	0	28	9422	0	1	1	0
3298	1	0	9	0	28	9422	0	1	1	0
3299	1	0	10	0	24	6882	0	1	1	0
3300	1	0	11	0	26	7708	0	1	1	0
3301	1	0	12	0	28	9422	0	1	1	0
3302	1	0	13	0	28	9422	0	1	1	0
3303	1	0	14	0	24	6882	0	1	1	0
3318	1	0	2	0	28	9422	0	1	1	0
3319	1	0	3	0	28	9422	0	1	1	0
3320	1	0	4	0	28	9422	0	1	1	0
3321	1	0	1	0	24	6882	0	1	1	0
3322	1	0	5	0	24	6882	0	1	1	0
3323	1	0	6	0	26	7708	0	1	1	0
3324	1	0	7	0	24	6882	0	1	1	0
3325	1	0	8	0	28	9422	0	1	1	0
3326	1	0	9	0	28	9422	0	1	1	0
3327	1	0	10	0	24	6882	0	1	1	0
3328	1	0	11	0	26	7708	0	1	1	0
3329	1	0	12	0	28	9422	0	1	1	0
3330	1	0	13	0	28	9422	0	1	1	0
3331	1	0	14	0	24	6882	0	1	1	0
3346	1	0	2	0	28	9422	0	1	1	0
3347	1	0	3	0	28	9422	0	1	1	0
3348	1	0	4	0	28	9422	0	1	1	0
3349	1	0	1	0	24	6882	0	1	1	0
3350	1	0	5	0	24	6882	0	1	1	0
3351	1	0	6	0	26	7708	0	1	1	0
3352	1	0	7	0	24	6882	0	1	1	0
3353	1	0	8	0	28	9422	0	1	1	0
3354	1	0	9	0	28	9422	0	1	1	0
3355	1	0	10	0	24	6882	0	1	1	0
3356	1	0	11	0	26	7708	0	1	1	0
3357	1	0	12	0	28	9422	0	1	1	0
3358	1	0	13	0	28	9422	0	1	1	0
3359	1	0	14	0	24	6882	0	1	1	0
3374	1	0	2	0	28	9422	0	1	1	0
3375	1	0	3	0	28	9422	0	1	1	0
3376	1	0	4	0	28	9422	0	1	1	0
3377	1	0	1	0	24	6882	0	1	1	0
3378	1	0	5	0	24	6882	0	1	1	0
3379	1	0	6	0	26	7708	0	1	1	0
3380	1	0	7	0	24	6882	0	1	1	0
3381	1	0	8	0	28	9422	0	1	1	0
3382	1	0	9	0	28	9422	0	1	1	0
3383	1	0	10	0	24	6882	0	1	1	0
3384	1	0	11	0	26	7708	0	1	1	0
3385	1	0	12	0	28	9422	0	1	1	0
3386	1	0	13	0	28	9422	0	1	1	0
3387	1	0	14	0	24	6882	0	1	1	0
3402	1	0	2	0	28	9422	0	1	1	0
3403	1	0	3	0	28	9422	0	1	1	0
3404	1	0	4	0	28	9422	0	1	1	0
3405	1	0	1	0	24	6882	0	1	1	0
3406	1	0	5	0	24	6882	0	1	1	0
3407	1	0	6	0	26	7708	0	1	1	0
3408	1	0	7	0	24	6882	0	1	1	0
3409	1	0	8	0	28	9422	0	1	1	0
3410	1	0	9	0	28	9422	0	1	1	0
3411	1	0	10	0	24	6882	0	1	1	0
3412	1	0	11	0	26	7708	0	1	1	0
3413	1	0	12	0	28	9422	0	1	1	0
3414	1	0	13	0	28	9422	0	1	1	0
3415	1	0	14	0	24	6882	0	1	1	0
3430	1	0	2	0	28	9422	0	1	1	0
3431	1	0	3	0	28	9422	0	1	1	0
3432	1	0	4	0	28	9422	0	1	1	0
3433	1	0	1	0	24	6882	0	1	1	0
3434	1	0	5	0	24	6882	0	1	1	0
3435	1	0	6	0	26	7708	0	1	1	0
3436	1	0	7	0	24	6882	0	1	1	0
3437	1	0	8	0	28	9422	0	1	1	0
3438	1	0	9	0	28	9422	0	1	1	0
3439	1	0	10	0	24	6882	0	1	1	0
3440	1	0	11	0	26	7708	0	1	1	0
3441	1	0	12	0	28	9422	0	1	1	0
3442	1	0	13	0	28	9422	0	1	1	0
3443	1	0	14	0	24	6882	0	1	1	0
3458	1	0	2	0	28	9422	0	1	1	0
3459	1	0	3	0	28	9422	0	1	1	0
3460	1	0	4	0	28	9422	0	1	1	0
3461	1	0	1	0	24	6882	0	1	1	0
3462	1	0	5	0	24	6882	0	1	1	0
3463	1	0	6	0	26	7708	0	1	1	0
3464	1	0	7	0	24	6882	0	1	1	0
3465	1	0	8	0	28	9422	0	1	1	0
3466	1	0	9	0	28	9422	0	1	1	0
3467	1	0	10	0	24	6882	0	1	1	0
3468	1	0	11	0	26	7708	0	1	1	0
3469	1	0	12	0	28	9422	0	1	1	0
3470	1	0	13	0	28	9422	0	1	1	0
3471	1	0	14	0	24	6882	0	1	1	0
3486	1	0	2	0	28	9422	0	1	1	0
3487	1	0	3	0	28	9422	0	1	1	0
3488	1	0	4	0	28	9422	0	1	1	0
3489	1	0	1	0	24	6882	0	1	1	0
3490	1	0	5	0	24	6882	0	1	1	0
3491	1	0	6	0	26	7708	0	1	1	0
3492	1	0	7	0	24	6882	0	1	1	0
3493	1	0	8	0	28	9422	0	1	1	0
3494	1	0	9	0	28	9422	0	1	1	0
3495	1	0	10	0	24	6882	0	1	1	0
3496	1	0	11	0	26	7708	0	1	1	0
3497	1	0	12	0	28	9422	0	1	1	0
3498	1	0	13	0	28	9422	0	1	1	0
3499	1	0	14	0	24	6882	0	1	1	0
3514	1	0	2	0	28	9422	0	1	1	0
3515	1	0	3	0	28	9422	0	1	1	0
3516	1	0	4	0	28	9422	0	1	1	0
3517	1	0	1	0	24	6882	0	1	1	0
3518	1	0	5	0	24	6882	0	1	1	0
3519	1	0	6	0	26	7708	0	1	1	0
3520	1	0	7	0	24	6882	0	1	1	0
3521	1	0	8	0	28	9422	0	1	1	0
3522	1	0	9	0	28	9422	0	1	1	0
3523	1	0	10	0	24	6882	0	1	1	0
3524	1	0	11	0	26	7708	0	1	1	0
3525	1	0	12	0	28	9422	0	1	1	0
3526	1	0	13	0	28	9422	0	1	1	0
3527	1	0	14	0	24	6882	0	1	1	0
3542	1	0	2	0	28	9422	0	1	1	0
3543	1	0	3	0	28	9422	0	1	1	0
3544	1	0	4	0	28	9422	0	1	1	0
3545	1	0	1	0	24	6882	0	1	1	0
3546	1	0	5	0	24	6882	0	1	1	0
3547	1	0	6	0	26	7708	0	1	1	0
3548	1	0	7	0	24	6882	0	1	1	0
3549	1	0	8	0	28	9422	0	1	1	0
3550	1	0	9	0	28	9422	0	1	1	0
3551	1	0	10	0	24	6882	0	1	1	0
3552	1	0	11	0	26	7708	0	1	1	0
3553	1	0	12	0	28	9422	0	1	1	0
3554	1	0	13	0	28	9422	0	1	1	0
3555	1	0	14	0	24	6882	0	1	1	0
3570	1	0	2	0	28	9422	0	1	1	0
3571	1	0	3	0	28	9422	0	1	1	0
3572	1	0	4	0	28	9422	0	1	1	0
3573	1	0	1	0	24	6882	0	1	1	0
3574	1	0	5	0	24	6882	0	1	1	0
3575	1	0	6	0	26	7708	0	1	1	0
3576	1	0	7	0	24	6882	0	1	1	0
3577	1	0	8	0	28	9422	0	1	1	0
3578	1	0	9	0	28	9422	0	1	1	0
3579	1	0	10	0	24	6882	0	1	1	0
3580	1	0	11	0	26	7708	0	1	1	0
3581	1	0	12	0	28	9422	0	1	1	0
3582	1	0	13	0	28	9422	0	1	1	0
3583	1	0	14	0	24	6882	0	1	1	0
3598	1	0	2	0	28	9422	0	1	1	0
3599	1	0	3	0	28	9422	0	1	1	0
3600	1	0	4	0	28	9422	0	1	1	0
3601	1	0	1	0	24	6882	0	1	1	0
3602	1	0	5	0	24	6882	0	1	1	0
3603	1	0	6	0	26	7708	0	1	1	0
3604	1	0	7	0	24	6882	0	1	1	0
3605	1	0	8	0	28	9422	0	1	1	0
3606	1	0	9	0	28	9422	0	1	1	0
3607	1	0	10	0	24	6882	0	1	1	0
3608	1	0	11	0	26	7708	0	1	1	0
3609	1	0	12	0	28	9422	0	1	1	0
3610	1	0	13	0	28	9422	0	1	1	0
3611	1	0	14	0	24	6882	0	1	1	0
3626	1	0	2	0	28	9422	0	1	1	0
3627	1	0	3	0	28	9422	0	1	1	0
3628	1	0	4	0	28	9422	0	1	1	0
3629	1	0	1	0	24	6882	0	1	1	0
3630	1	0	5	0	24	6882	0	1	1	0
3631	1	0	6	0	26	7708	0	1	1	0
3632	1	0	7	0	24	6882	0	1	1	0
3633	1	0	8	0	28	9422	0	1	1	0
3634	1	0	9	0	28	9422	0	1	1	0
3635	1	0	10	0	24	6882	0	1	1	0
3636	1	0	11	0	26	7708	0	1	1	0
3637	1	0	12	0	28	9422	0	1	1	0
3638	1	0	13	0	28	9422	0	1	1	0
3639	1	0	14	0	24	6882	0	1	1	0
3654	1	0	2	0	28	9422	0	1	1	0
3655	1	0	3	0	28	9422	0	1	1	0
3656	1	0	4	0	28	9422	0	1	1	0
3657	1	0	1	0	24	6882	0	1	1	0
3658	1	0	5	0	24	6882	0	1	1	0
3659	1	0	6	0	26	7708	0	1	1	0
3660	1	0	7	0	24	6882	0	1	1	0
3661	1	0	8	0	28	9422	0	1	1	0
3662	1	0	9	0	28	9422	0	1	1	0
3663	1	0	10	0	24	6882	0	1	1	0
3664	1	0	11	0	26	7708	0	1	1	0
3665	1	0	12	0	28	9422	0	1	1	0
3666	1	0	13	0	28	9422	0	1	1	0
3667	1	0	14	0	24	6882	0	1	1	0
3682	1	0	2	0	28	9422	0	1	1	0
3683	1	0	3	0	28	9422	0	1	1	0
3684	1	0	4	0	28	9422	0	1	1	0
3685	1	0	1	0	24	6882	0	1	1	0
3686	1	0	5	0	24	6882	0	1	1	0
3687	1	0	6	0	26	7708	0	1	1	0
3688	1	0	7	0	24	6882	0	1	1	0
3689	1	0	8	0	28	9422	0	1	1	0
3690	1	0	9	0	28	9422	0	1	1	0
3691	1	0	10	0	24	6882	0	1	1	0
3692	1	0	11	0	26	7708	0	1	1	0
3693	1	0	12	0	28	9422	0	1	1	0
3694	1	0	13	0	28	9422	0	1	1	0
3695	1	0	14	0	24	6882	0	1	1	0
3710	1	0	2	0	28	9422	0	1	1	0
3711	1	0	3	0	28	9422	0	1	1	0
3712	1	0	4	0	28	9422	0	1	1	0
3713	1	0	1	0	24	6882	0	1	1	0
3714	1	0	5	0	24	6882	0	1	1	0
3715	1	0	6	0	26	7708	0	1	1	0
3716	1	0	7	0	24	6882	0	1	1	0
3717	1	0	8	0	28	9422	0	1	1	0
3718	1	0	9	0	28	9422	0	1	1	0
3719	1	0	10	0	24	6882	0	1	1	0
3720	1	0	11	0	26	7708	0	1	1	0
3721	1	0	12	0	28	9422	0	1	1	0
3722	1	0	13	0	28	9422	0	1	1	0
3723	1	0	14	0	24	6882	0	1	1	0
3738	1	0	2	0	28	9422	0	1	1	0
3739	1	0	3	0	28	9422	0	1	1	0
3740	1	0	4	0	28	9422	0	1	1	0
3741	1	0	1	0	24	6882	0	1	1	0
3742	1	0	5	0	24	6882	0	1	1	0
3743	1	0	6	0	26	7708	0	1	1	0
3744	1	0	7	0	24	6882	0	1	1	0
3745	1	0	8	0	28	9422	0	1	1	0
3746	1	0	9	0	28	9422	0	1	1	0
3747	1	0	10	0	24	6882	0	1	1	0
3748	1	0	11	0	26	7708	0	1	1	0
3749	1	0	12	0	28	9422	0	1	1	0
3750	1	0	13	0	28	9422	0	1	1	0
3751	1	0	14	0	24	6882	0	1	1	0
3766	1	0	2	0	28	9422	0	1	1	0
3767	1	0	3	0	28	9422	0	1	1	0
3768	1	0	4	0	28	9422	0	1	1	0
3769	1	0	1	0	24	6882	0	1	1	0
3770	1	0	5	0	24	6882	0	1	1	0
3771	1	0	6	0	26	7708	0	1	1	0
3772	1	0	7	0	24	6882	0	1	1	0
3773	1	0	8	0	28	9422	0	1	1	0
3774	1	0	9	0	28	9422	0	1	1	0
3775	1	0	10	0	24	6882	0	1	1	0
3776	1	0	11	0	26	7708	0	1	1	0
3777	1	0	12	0	28	9422	0	1	1	0
3778	1	0	13	0	28	9422	0	1	1	0
3779	1	0	14	0	24	6882	0	1	1	0
3794	1	0	2	0	28	9422	0	1	1	0
3795	1	0	3	0	28	9422	0	1	1	0
3796	1	0	4	0	28	9422	0	1	1	0
3797	1	0	1	0	24	6882	0	1	1	0
3798	1	0	5	0	24	6882	0	1	1	0
3799	1	0	6	0	26	7708	0	1	1	0
3800	1	0	7	0	24	6882	0	1	1	0
3801	1	0	8	0	28	9422	0	1	1	0
3802	1	0	9	0	28	9422	0	1	1	0
3803	1	0	10	0	24	6882	0	1	1	0
3804	1	0	11	0	26	7708	0	1	1	0
3805	1	0	12	0	28	9422	0	1	1	0
3806	1	0	13	0	28	9422	0	1	1	0
3807	1	0	14	0	24	6882	0	1	1	0
3822	1	0	2	0	28	9422	0	1	1	0
3823	1	0	3	0	28	9422	0	1	1	0
3824	1	0	4	0	28	9422	0	1	1	0
3825	1	0	1	0	24	6882	0	1	1	0
3826	1	0	5	0	24	6882	0	1	1	0
3827	1	0	6	0	26	7708	0	1	1	0
3828	1	0	7	0	24	6882	0	1	1	0
3829	1	0	8	0	28	9422	0	1	1	0
3830	1	0	9	0	28	9422	0	1	1	0
3831	1	0	10	0	24	6882	0	1	1	0
3832	1	0	11	0	26	7708	0	1	1	0
3833	1	0	12	0	28	9422	0	1	1	0
3834	1	0	13	0	28	9422	0	1	1	0
3835	1	0	14	0	24	6882	0	1	1	0
3850	1	0	2	0	28	9422	0	1	1	0
3851	1	0	3	0	28	9422	0	1	1	0
3852	1	0	4	0	28	9422	0	1	1	0
3853	1	0	1	0	24	6882	0	1	1	0
3854	1	0	5	0	24	6882	0	1	1	0
3855	1	0	6	0	26	7708	0	1	1	0
3856	1	0	7	0	24	6882	0	1	1	0
3857	1	0	8	0	28	9422	0	1	1	0
3858	1	0	9	0	28	9422	0	1	1	0
3859	1	0	10	0	24	6882	0	1	1	0
3860	1	0	11	0	26	7708	0	1	1	0
3861	1	0	12	0	28	9422	0	1	1	0
3862	1	0	13	0	28	9422	0	1	1	0
3863	1	0	14	0	24	6882	0	1	1	0
3878	1	0	2	0	28	9422	0	1	1	0
3879	1	0	3	0	28	9422	0	1	1	0
3880	1	0	4	0	28	9422	0	1	1	0
3881	1	0	1	0	24	6882	0	1	1	0
3882	1	0	5	0	24	6882	0	1	1	0
3883	1	0	6	0	26	7708	0	1	1	0
3884	1	0	7	0	24	6882	0	1	1	0
3885	1	0	8	0	28	9422	0	1	1	0
3886	1	0	9	0	28	9422	0	1	1	0
3887	1	0	10	0	24	6882	0	1	1	0
3888	1	0	11	0	26	7708	0	1	1	0
3889	1	0	12	0	28	9422	0	1	1	0
3890	1	0	13	0	28	9422	0	1	1	0
3891	1	0	14	0	24	6882	0	1	1	0
3906	1	0	2	0	28	9422	0	1	1	0
3907	1	0	3	0	28	9422	0	1	1	0
3908	1	0	4	0	28	9422	0	1	1	0
3909	1	0	1	0	24	6882	0	1	1	0
3910	1	0	5	0	24	6882	0	1	1	0
3911	1	0	6	0	26	7708	0	1	1	0
3912	1	0	7	0	24	6882	0	1	1	0
3913	1	0	8	0	28	9422	0	1	1	0
3914	1	0	9	0	28	9422	0	1	1	0
3915	1	0	10	0	24	6882	0	1	1	0
3916	1	0	11	0	26	7708	0	1	1	0
3917	1	0	12	0	28	9422	0	1	1	0
3918	1	0	13	0	28	9422	0	1	1	0
3919	1	0	14	0	24	6882	0	1	1	0
3934	1	0	2	0	28	9422	0	1	1	0
3935	1	0	3	0	28	9422	0	1	1	0
3936	1	0	4	0	28	9422	0	1	1	0
3937	1	0	1	0	24	6882	0	1	1	0
3938	1	0	5	0	24	6882	0	1	1	0
3939	1	0	6	0	26	7708	0	1	1	0
3940	1	0	7	0	24	6882	0	1	1	0
3941	1	0	8	0	28	9422	0	1	1	0
3942	1	0	9	0	28	9422	0	1	1	0
3943	1	0	10	0	24	6882	0	1	1	0
3944	1	0	11	0	26	7708	0	1	1	0
3945	1	0	12	0	28	9422	0	1	1	0
3946	1	0	13	0	28	9422	0	1	1	0
3947	1	0	14	0	24	6882	0	1	1	0
3962	1	0	2	0	28	9422	0	1	1	0
3963	1	0	3	0	28	9422	0	1	1	0
3964	1	0	4	0	28	9422	0	1	1	0
3965	1	0	1	0	24	6882	0	1	1	0
3966	1	0	5	0	24	6882	0	1	1	0
3967	1	0	6	0	26	7708	0	1	1	0
3968	1	0	7	0	24	6882	0	1	1	0
3969	1	0	8	0	28	9422	0	1	1	0
3970	1	0	9	0	28	9422	0	1	1	0
3971	1	0	10	0	24	6882	0	1	1	0
3972	1	0	11	0	26	7708	0	1	1	0
3973	1	0	12	0	28	9422	0	1	1	0
3974	1	0	13	0	28	9422	0	1	1	0
3975	1	0	14	0	24	6882	0	1	1	0
3990	1	0	2	0	28	9422	0	1	1	0
3991	1	0	3	0	28	9422	0	1	1	0
3992	1	0	4	0	28	9422	0	1	1	0
3993	1	0	1	0	24	6882	0	1	1	0
3994	1	0	5	0	24	6882	0	1	1	0
3995	1	0	6	0	26	7708	0	1	1	0
3996	1	0	7	0	24	6882	0	1	1	0
3997	1	0	8	0	28	9422	0	1	1	0
3998	1	0	9	0	28	9422	0	1	1	0
3999	1	0	10	0	24	6882	0	1	1	0
4000	1	0	11	0	26	7708	0	1	1	0
4001	1	0	12	0	28	9422	0	1	1	0
4002	1	0	13	0	28	9422	0	1	1	0
4003	1	0	14	0	24	6882	0	1	1	0
4018	1	0	2	0	28	9422	0	1	1	0
4019	1	0	3	0	28	9422	0	1	1	0
4020	1	0	4	0	28	9422	0	1	1	0
4021	1	0	1	0	24	6882	0	1	1	0
4022	1	0	5	0	24	6882	0	1	1	0
4023	1	0	6	0	26	7708	0	1	1	0
4024	1	0	7	0	24	6882	0	1	1	0
4025	1	0	8	0	28	9422	0	1	1	0
4026	1	0	9	0	28	9422	0	1	1	0
4027	1	0	10	0	24	6882	0	1	1	0
4028	1	0	11	0	26	7708	0	1	1	0
4029	1	0	12	0	28	9422	0	1	1	0
4030	1	0	13	0	28	9422	0	1	1	0
4031	1	0	14	0	24	6882	0	1	1	0
4046	1	0	2	0	28	9422	0	1	1	0
4047	1	0	3	0	28	9422	0	1	1	0
4048	1	0	4	0	28	9422	0	1	1	0
4049	1	0	1	0	24	6882	0	1	1	0
4050	1	0	5	0	24	6882	0	1	1	0
4051	1	0	6	0	26	7708	0	1	1	0
4052	1	0	7	0	24	6882	0	1	1	0
4053	1	0	8	0	28	9422	0	1	1	0
4054	1	0	9	0	28	9422	0	1	1	0
4055	1	0	10	0	24	6882	0	1	1	0
4056	1	0	11	0	26	7708	0	1	1	0
4057	1	0	12	0	28	9422	0	1	1	0
4058	1	0	13	0	28	9422	0	1	1	0
4059	1	0	14	0	24	6882	0	1	1	0
4074	1	0	2	0	28	9422	0	1	1	0
4075	1	0	3	0	28	9422	0	1	1	0
4076	1	0	4	0	28	9422	0	1	1	0
4077	1	0	1	0	24	6882	0	1	1	0
4078	1	0	5	0	24	6882	0	1	1	0
4079	1	0	6	0	26	7708	0	1	1	0
4080	1	0	7	0	24	6882	0	1	1	0
4081	1	0	8	0	28	9422	0	1	1	0
4082	1	0	9	0	28	9422	0	1	1	0
4083	1	0	10	0	24	6882	0	1	1	0
4084	1	0	11	0	26	7708	0	1	1	0
4085	1	0	12	0	28	9422	0	1	1	0
4086	1	0	13	0	28	9422	0	1	1	0
4087	1	0	14	0	24	6882	0	1	1	0
4102	1	0	2	0	28	9422	0	1	1	0
4103	1	0	3	0	28	9422	0	1	1	0
4104	1	0	4	0	28	9422	0	1	1	0
4105	1	0	1	0	24	6882	0	1	1	0
4106	1	0	5	0	24	6882	0	1	1	0
4107	1	0	6	0	26	7708	0	1	1	0
4108	1	0	7	0	24	6882	0	1	1	0
4109	1	0	8	0	28	9422	0	1	1	0
4110	1	0	9	0	28	9422	0	1	1	0
4111	1	0	10	0	24	6882	0	1	1	0
4112	1	0	11	0	26	7708	0	1	1	0
4113	1	0	12	0	28	9422	0	1	1	0
4114	1	0	13	0	28	9422	0	1	1	0
4115	1	0	14	0	24	6882	0	1	1	0
4130	1	0	2	0	28	9422	0	1	1	0
4131	1	0	3	0	28	9422	0	1	1	0
4132	1	0	4	0	28	9422	0	1	1	0
4133	1	0	1	0	24	6882	0	1	1	0
4134	1	0	5	0	24	6882	0	1	1	0
4135	1	0	6	0	26	7708	0	1	1	0
4136	1	0	7	0	24	6882	0	1	1	0
4137	1	0	8	0	28	9422	0	1	1	0
4138	1	0	9	0	28	9422	0	1	1	0
4139	1	0	10	0	24	6882	0	1	1	0
4140	1	0	11	0	26	7708	0	1	1	0
4141	1	0	12	0	28	9422	0	1	1	0
4142	1	0	13	0	28	9422	0	1	1	0
4143	1	0	14	0	24	6882	0	1	1	0
4158	1	0	2	0	28	9422	0	1	1	0
4159	1	0	3	0	28	9422	0	1	1	0
4160	1	0	4	0	28	9422	0	1	1	0
4161	1	0	1	0	24	6882	0	1	1	0
4162	1	0	5	0	24	6882	0	1	1	0
4163	1	0	6	0	26	7708	0	1	1	0
4164	1	0	7	0	24	6882	0	1	1	0
4165	1	0	8	0	28	9422	0	1	1	0
4166	1	0	9	0	28	9422	0	1	1	0
4167	1	0	10	0	24	6882	0	1	1	0
4168	1	0	11	0	26	7708	0	1	1	0
4169	1	0	12	0	28	9422	0	1	1	0
4170	1	0	13	0	28	9422	0	1	1	0
4171	1	0	14	0	24	6882	0	1	1	0
4186	1	0	2	0	28	9422	0	1	1	0
4187	1	0	3	0	28	9422	0	1	1	0
4188	1	0	4	0	28	9422	0	1	1	0
4189	1	0	1	0	24	6882	0	1	1	0
4190	1	0	5	0	24	6882	0	1	1	0
4191	1	0	6	0	26	7708	0	1	1	0
4192	1	0	7	0	24	6882	0	1	1	0
4193	1	0	8	0	28	9422	0	1	1	0
4194	1	0	9	0	28	9422	0	1	1	0
4195	1	0	10	0	24	6882	0	1	1	0
4196	1	0	11	0	26	7708	0	1	1	0
4197	1	0	12	0	28	9422	0	1	1	0
4198	1	0	13	0	28	9422	0	1	1	0
4199	1	0	14	0	24	6882	0	1	1	0
4214	1	0	2	0	28	9422	0	1	1	0
4215	1	0	3	0	28	9422	0	1	1	0
4216	1	0	4	0	28	9422	0	1	1	0
4217	1	0	1	0	24	6882	0	1	1	0
4218	1	0	5	0	24	6882	0	1	1	0
4219	1	0	6	0	26	7708	0	1	1	0
4220	1	0	7	0	24	6882	0	1	1	0
4221	1	0	8	0	28	9422	0	1	1	0
4222	1	0	9	0	28	9422	0	1	1	0
4223	1	0	10	0	24	6882	0	1	1	0
4224	1	0	11	0	26	7708	0	1	1	0
4225	1	0	12	0	28	9422	0	1	1	0
4226	1	0	13	0	28	9422	0	1	1	0
4227	1	0	14	0	24	6882	0	1	1	0
4242	1	0	2	0	28	9422	0	1	1	0
4243	1	0	3	0	28	9422	0	1	1	0
4244	1	0	4	0	28	9422	0	1	1	0
4245	1	0	1	0	24	6882	0	1	1	0
4246	1	0	5	0	24	6882	0	1	1	0
4247	1	0	6	0	26	7708	0	1	1	0
4248	1	0	7	0	24	6882	0	1	1	0
4249	1	0	8	0	28	9422	0	1	1	0
4250	1	0	9	0	28	9422	0	1	1	0
4251	1	0	10	0	24	6882	0	1	1	0
4252	1	0	11	0	26	7708	0	1	1	0
4253	1	0	12	0	28	9422	0	1	1	0
4254	1	0	13	0	28	9422	0	1	1	0
4255	1	0	14	0	24	6882	0	1	1	0
4270	1	0	2	0	28	9422	0	1	1	0
4271	1	0	3	0	28	9422	0	1	1	0
4272	1	0	4	0	28	9422	0	1	1	0
4273	1	0	1	0	24	6882	0	1	1	0
4274	1	0	5	0	24	6882	0	1	1	0
4275	1	0	6	0	26	7708	0	1	1	0
4276	1	0	7	0	24	6882	0	1	1	0
4277	1	0	8	0	28	9422	0	1	1	0
4278	1	0	9	0	28	9422	0	1	1	0
4279	1	0	10	0	24	6882	0	1	1	0
4280	1	0	11	0	26	7708	0	1	1	0
4281	1	0	12	0	28	9422	0	1	1	0
4282	1	0	13	0	28	9422	0	1	1	0
4283	1	0	14	0	24	6882	0	1	1	0
4298	1	0	2	0	28	9422	0	1	1	0
4299	1	0	3	0	28	9422	0	1	1	0
4300	1	0	4	0	28	9422	0	1	1	0
4301	1	0	1	0	24	6882	0	1	1	0
4302	1	0	5	0	24	6882	0	1	1	0
4303	1	0	6	0	26	7708	0	1	1	0
4304	1	0	7	0	24	6882	0	1	1	0
4305	1	0	8	0	28	9422	0	1	1	0
4306	1	0	9	0	28	9422	0	1	1	0
4307	1	0	10	0	24	6882	0	1	1	0
4308	1	0	11	0	26	7708	0	1	1	0
4309	1	0	12	0	28	9422	0	1	1	0
4310	1	0	13	0	28	9422	0	1	1	0
4311	1	0	14	0	24	6882	0	1	1	0
4326	1	0	2	0	28	9422	0	1	1	0
4327	1	0	3	0	28	9422	0	1	1	0
4328	1	0	4	0	28	9422	0	1	1	0
4329	1	0	1	0	24	6882	0	1	1	0
4330	1	0	5	0	24	6882	0	1	1	0
4331	1	0	6	0	26	7708	0	1	1	0
4332	1	0	7	0	24	6882	0	1	1	0
4333	1	0	8	0	28	9422	0	1	1	0
4334	1	0	9	0	28	9422	0	1	1	0
4335	1	0	10	0	24	6882	0	1	1	0
4336	1	0	11	0	26	7708	0	1	1	0
4337	1	0	12	0	28	9422	0	1	1	0
4338	1	0	13	0	28	9422	0	1	1	0
4339	1	0	14	0	24	6882	0	1	1	0
4354	1	0	2	0	28	9422	0	1	1	0
4355	1	0	3	0	28	9422	0	1	1	0
4356	1	0	4	0	28	9422	0	1	1	0
4357	1	0	1	0	24	6882	0	1	1	0
4358	1	0	5	0	24	6882	0	1	1	0
4359	1	0	6	0	26	7708	0	1	1	0
4360	1	0	7	0	24	6882	0	1	1	0
4361	1	0	8	0	28	9422	0	1	1	0
4362	1	0	9	0	28	9422	0	1	1	0
4363	1	0	10	0	24	6882	0	1	1	0
4364	1	0	11	0	26	7708	0	1	1	0
4365	1	0	12	0	28	9422	0	1	1	0
4366	1	0	13	0	28	9422	0	1	1	0
4367	1	0	14	0	24	6882	0	1	1	0
4382	1	0	2	0	28	9422	0	1	1	0
4383	1	0	3	0	28	9422	0	1	1	0
4384	1	0	4	0	28	9422	0	1	1	0
4385	1	0	1	0	24	6882	0	1	1	0
4386	1	0	5	0	24	6882	0	1	1	0
4387	1	0	6	0	26	7708	0	1	1	0
4388	1	0	7	0	24	6882	0	1	1	0
4389	1	0	8	0	28	9422	0	1	1	0
4390	1	0	9	0	28	9422	0	1	1	0
4391	1	0	10	0	24	6882	0	1	1	0
4392	1	0	11	0	26	7708	0	1	1	0
4393	1	0	12	0	28	9422	0	1	1	0
4394	1	0	13	0	28	9422	0	1	1	0
4395	1	0	14	0	24	6882	0	1	1	0
4410	1	0	2	0	28	9422	0	1	1	0
4411	1	0	3	0	28	9422	0	1	1	0
4412	1	0	4	0	28	9422	0	1	1	0
4413	1	0	1	0	24	6882	0	1	1	0
4414	1	0	5	0	24	6882	0	1	1	0
4415	1	0	6	0	26	7708	0	1	1	0
4416	1	0	7	0	24	6882	0	1	1	0
4417	1	0	8	0	28	9422	0	1	1	0
4418	1	0	9	0	28	9422	0	1	1	0
4419	1	0	10	0	24	6882	0	1	1	0
4420	1	0	11	0	26	7708	0	1	1	0
4421	1	0	12	0	28	9422	0	1	1	0
4422	1	0	13	0	28	9422	0	1	1	0
4423	1	0	14	0	24	6882	0	1	1	0
4438	1	0	2	0	28	9422	0	1	1	0
4439	1	0	3	0	28	9422	0	1	1	0
4440	1	0	4	0	28	9422	0	1	1	0
4441	1	0	1	0	24	6882	0	1	1	0
4442	1	0	5	0	24	6882	0	1	1	0
4443	1	0	6	0	26	7708	0	1	1	0
4444	1	0	7	0	24	6882	0	1	1	0
4445	1	0	8	0	28	9422	0	1	1	0
4446	1	0	9	0	28	9422	0	1	1	0
4447	1	0	10	0	24	6882	0	1	1	0
4448	1	0	11	0	26	7708	0	1	1	0
4449	1	0	12	0	28	9422	0	1	1	0
4450	1	0	13	0	28	9422	0	1	1	0
4451	1	0	14	0	24	6882	0	1	1	0
4466	1	0	2	0	28	9422	0	1	1	0
4467	1	0	3	0	28	9422	0	1	1	0
4468	1	0	4	0	28	9422	0	1	1	0
4469	1	0	1	0	24	6882	0	1	1	0
4470	1	0	5	0	24	6882	0	1	1	0
4471	1	0	6	0	26	7708	0	1	1	0
4472	1	0	7	0	24	6882	0	1	1	0
4473	1	0	8	0	28	9422	0	1	1	0
4474	1	0	9	0	28	9422	0	1	1	0
4475	1	0	10	0	24	6882	0	1	1	0
4476	1	0	11	0	26	7708	0	1	1	0
4477	1	0	12	0	28	9422	0	1	1	0
4478	1	0	13	0	28	9422	0	1	1	0
4479	1	0	14	0	24	6882	0	1	1	0
4494	1	0	2	0	28	9422	0	1	1	0
4495	1	0	3	0	28	9422	0	1	1	0
4496	1	0	4	0	28	9422	0	1	1	0
4497	1	0	1	0	24	6882	0	1	1	0
4498	1	0	5	0	24	6882	0	1	1	0
4499	1	0	6	0	26	7708	0	1	1	0
4500	1	0	7	0	24	6882	0	1	1	0
4501	1	0	8	0	28	9422	0	1	1	0
4502	1	0	9	0	28	9422	0	1	1	0
4503	1	0	10	0	24	6882	0	1	1	0
4504	1	0	11	0	26	7708	0	1	1	0
4505	1	0	12	0	28	9422	0	1	1	0
4506	1	0	13	0	28	9422	0	1	1	0
4507	1	0	14	0	24	6882	0	1	1	0
4522	1	0	2	0	28	9422	0	1	1	0
4523	1	0	3	0	28	9422	0	1	1	0
4524	1	0	4	0	28	9422	0	1	1	0
4525	1	0	1	0	24	6882	0	1	1	0
4526	1	0	5	0	24	6882	0	1	1	0
4527	1	0	6	0	26	7708	0	1	1	0
4528	1	0	7	0	24	6882	0	1	1	0
4529	1	0	8	0	28	9422	0	1	1	0
4530	1	0	9	0	28	9422	0	1	1	0
4531	1	0	10	0	24	6882	0	1	1	0
4532	1	0	11	0	26	7708	0	1	1	0
4533	1	0	12	0	28	9422	0	1	1	0
4534	1	0	13	0	28	9422	0	1	1	0
4535	1	0	14	0	24	6882	0	1	1	0
4550	1	0	2	0	28	9422	0	1	1	0
4551	1	0	3	0	28	9422	0	1	1	0
4552	1	0	4	0	28	9422	0	1	1	0
4553	1	0	1	0	24	6882	0	1	1	0
4554	1	0	5	0	24	6882	0	1	1	0
4555	1	0	6	0	26	7708	0	1	1	0
4556	1	0	7	0	24	6882	0	1	1	0
4557	1	0	8	0	28	9422	0	1	1	0
4558	1	0	9	0	28	9422	0	1	1	0
4559	1	0	10	0	24	6882	0	1	1	0
4560	1	0	11	0	26	7708	0	1	1	0
4561	1	0	12	0	28	9422	0	1	1	0
4562	1	0	13	0	28	9422	0	1	1	0
4563	1	0	14	0	24	6882	0	1	1	0
4578	1	0	2	0	28	9422	0	1	1	0
4579	1	0	3	0	28	9422	0	1	1	0
4580	1	0	4	0	28	9422	0	1	1	0
4581	1	0	1	0	24	6882	0	1	1	0
4582	1	0	5	0	24	6882	0	1	1	0
4583	1	0	6	0	26	7708	0	1	1	0
4584	1	0	7	0	24	6882	0	1	1	0
4585	1	0	8	0	28	9422	0	1	1	0
4586	1	0	9	0	28	9422	0	1	1	0
4587	1	0	10	0	24	6882	0	1	1	0
4588	1	0	11	0	26	7708	0	1	1	0
4589	1	0	12	0	28	9422	0	1	1	0
4590	1	0	13	0	28	9422	0	1	1	0
4591	1	0	14	0	24	6882	0	1	1	0
4606	1	0	2	0	28	9422	0	1	1	0
4607	1	0	3	0	28	9422	0	1	1	0
4608	1	0	4	0	28	9422	0	1	1	0
4609	1	0	1	0	24	6882	0	1	1	0
4610	1	0	5	0	24	6882	0	1	1	0
4611	1	0	6	0	26	7708	0	1	1	0
4612	1	0	7	0	24	6882	0	1	1	0
4613	1	0	8	0	28	9422	0	1	1	0
4614	1	0	9	0	28	9422	0	1	1	0
4615	1	0	10	0	24	6882	0	1	1	0
4616	1	0	11	0	26	7708	0	1	1	0
4617	1	0	12	0	28	9422	0	1	1	0
4618	1	0	13	0	28	9422	0	1	1	0
4619	1	0	14	0	24	6882	0	1	1	0
4634	1	0	2	0	28	9422	0	1	1	0
4635	1	0	3	0	28	9422	0	1	1	0
4636	1	0	4	0	28	9422	0	1	1	0
4637	1	0	1	0	24	6882	0	1	1	0
4638	1	0	5	0	24	6882	0	1	1	0
4639	1	0	6	0	26	7708	0	1	1	0
4640	1	0	7	0	24	6882	0	1	1	0
4641	1	0	8	0	28	9422	0	1	1	0
4642	1	0	9	0	28	9422	0	1	1	0
4643	1	0	10	0	24	6882	0	1	1	0
4644	1	0	11	0	26	7708	0	1	1	0
4645	1	0	12	0	28	9422	0	1	1	0
4646	1	0	13	0	28	9422	0	1	1	0
4647	1	0	14	0	24	6882	0	1	1	0
4662	1	0	2	0	28	9422	0	1	1	0
4663	1	0	3	0	28	9422	0	1	1	0
4664	1	0	4	0	28	9422	0	1	1	0
4665	1	0	1	0	24	6882	0	1	1	0
4666	1	0	5	0	24	6882	0	1	1	0
4667	1	0	6	0	26	7708	0	1	1	0
4668	1	0	7	0	24	6882	0	1	1	0
4669	1	0	8	0	28	9422	0	1	1	0
4670	1	0	9	0	28	9422	0	1	1	0
4671	1	0	10	0	24	6882	0	1	1	0
4672	1	0	11	0	26	7708	0	1	1	0
4673	1	0	12	0	28	9422	0	1	1	0
4674	1	0	13	0	28	9422	0	1	1	0
4675	1	0	14	0	24	6882	0	1	1	0
4690	1	0	2	0	28	9422	0	1	1	0
4691	1	0	3	0	28	9422	0	1	1	0
4692	1	0	4	0	28	9422	0	1	1	0
4693	1	0	1	0	24	6882	0	1	1	0
4694	1	0	5	0	24	6882	0	1	1	0
4695	1	0	6	0	26	7708	0	1	1	0
4696	1	0	7	0	24	6882	0	1	1	0
4697	1	0	8	0	28	9422	0	1	1	0
4698	1	0	9	0	28	9422	0	1	1	0
4699	1	0	10	0	24	6882	0	1	1	0
4700	1	0	11	0	26	7708	0	1	1	0
4701	1	0	12	0	28	9422	0	1	1	0
4702	1	0	13	0	28	9422	0	1	1	0
4703	1	0	14	0	24	6882	0	1	1	0
4718	1	0	2	0	28	9422	0	1	1	0
4719	1	0	3	0	28	9422	0	1	1	0
4720	1	0	4	0	28	9422	0	1	1	0
4721	1	0	1	0	24	6882	0	1	1	0
4722	1	0	5	0	24	6882	0	1	1	0
4723	1	0	6	0	26	7708	0	1	1	0
4724	1	0	7	0	24	6882	0	1	1	0
4725	1	0	8	0	28	9422	0	1	1	0
4726	1	0	9	0	28	9422	0	1	1	0
4727	1	0	10	0	24	6882	0	1	1	0
4728	1	0	11	0	26	7708	0	1	1	0
4729	1	0	12	0	28	9422	0	1	1	0
4730	1	0	13	0	28	9422	0	1	1	0
4731	1	0	14	0	24	6882	0	1	1	0
4746	1	0	2	0	28	9422	0	1	1	0
4747	1	0	3	0	28	9422	0	1	1	0
4748	1	0	4	0	28	9422	0	1	1	0
4749	1	0	1	0	24	6882	0	1	1	0
4750	1	0	5	0	24	6882	0	1	1	0
4751	1	0	6	0	26	7708	0	1	1	0
4752	1	0	7	0	24	6882	0	1	1	0
4753	1	0	8	0	28	9422	0	1	1	0
4754	1	0	9	0	28	9422	0	1	1	0
4755	1	0	10	0	24	6882	0	1	1	0
4756	1	0	11	0	26	7708	0	1	1	0
4757	1	0	12	0	28	9422	0	1	1	0
4758	1	0	13	0	28	9422	0	1	1	0
4759	1	0	14	0	24	6882	0	1	1	0
4774	1	0	2	0	28	9422	0	1	1	0
4775	1	0	3	0	28	9422	0	1	1	0
4776	1	0	4	0	28	9422	0	1	1	0
4777	1	0	1	0	24	6882	0	1	1	0
4778	1	0	5	0	24	6882	0	1	1	0
4779	1	0	6	0	26	7708	0	1	1	0
4780	1	0	7	0	24	6882	0	1	1	0
4781	1	0	8	0	28	9422	0	1	1	0
4782	1	0	9	0	28	9422	0	1	1	0
4783	1	0	10	0	24	6882	0	1	1	0
4784	1	0	11	0	26	7708	0	1	1	0
4785	1	0	12	0	28	9422	0	1	1	0
4786	1	0	13	0	28	9422	0	1	1	0
4787	1	0	14	0	24	6882	0	1	1	0
4802	1	0	2	0	28	9422	0	1	1	0
4803	1	0	3	0	28	9422	0	1	1	0
4804	1	0	4	0	28	9422	0	1	1	0
4805	1	0	1	0	24	6882	0	1	1	0
4806	1	0	5	0	24	6882	0	1	1	0
4807	1	0	6	0	26	7708	0	1	1	0
4808	1	0	7	0	24	6882	0	1	1	0
4809	1	0	8	0	28	9422	0	1	1	0
4810	1	0	9	0	28	9422	0	1	1	0
4811	1	0	10	0	24	6882	0	1	1	0
4812	1	0	11	0	26	7708	0	1	1	0
4813	1	0	12	0	28	9422	0	1	1	0
4814	1	0	13	0	28	9422	0	1	1	0
4815	1	0	14	0	24	6882	0	1	1	0
4830	1	0	2	0	28	9422	0	1	1	0
4831	1	0	3	0	28	9422	0	1	1	0
4832	1	0	4	0	28	9422	0	1	1	0
4833	1	0	1	0	24	6882	0	1	1	0
4834	1	0	5	0	24	6882	0	1	1	0
4835	1	0	6	0	26	7708	0	1	1	0
4836	1	0	7	0	24	6882	0	1	1	0
4837	1	0	8	0	28	9422	0	1	1	0
4838	1	0	9	0	28	9422	0	1	1	0
4839	1	0	10	0	24	6882	0	1	1	0
4840	1	0	11	0	26	7708	0	1	1	0
4841	1	0	12	0	28	9422	0	1	1	0
4842	1	0	13	0	28	9422	0	1	1	0
4843	1	0	14	0	24	6882	0	1	1	0
4858	1	0	2	0	28	9422	0	1	1	0
4859	1	0	3	0	28	9422	0	1	1	0
4860	1	0	4	0	28	9422	0	1	1	0
4861	1	0	1	0	24	6882	0	1	1	0
4862	1	0	5	0	24	6882	0	1	1	0
4863	1	0	6	0	26	7708	0	1	1	0
4864	1	0	7	0	24	6882	0	1	1	0
4865	1	0	8	0	28	9422	0	1	1	0
4866	1	0	9	0	28	9422	0	1	1	0
4867	1	0	10	0	24	6882	0	1	1	0
4868	1	0	11	0	26	7708	0	1	1	0
4869	1	0	12	0	28	9422	0	1	1	0
4870	1	0	13	0	28	9422	0	1	1	0
4871	1	0	14	0	24	6882	0	1	1	0
4886	1	0	2	0	28	9422	0	1	1	0
4887	1	0	3	0	28	9422	0	1	1	0
4888	1	0	4	0	28	9422	0	1	1	0
4889	1	0	1	0	24	6882	0	1	1	0
4890	1	0	5	0	24	6882	0	1	1	0
4891	1	0	6	0	26	7708	0	1	1	0
4892	1	0	7	0	24	6882	0	1	1	0
4893	1	0	8	0	28	9422	0	1	1	0
4894	1	0	9	0	28	9422	0	1	1	0
4895	1	0	10	0	24	6882	0	1	1	0
4896	1	0	11	0	26	7708	0	1	1	0
4897	1	0	12	0	28	9422	0	1	1	0
4898	1	0	13	0	28	9422	0	1	1	0
4899	1	0	14	0	24	6882	0	1	1	0
4914	1	0	2	0	28	9422	0	1	1	0
4915	1	0	3	0	28	9422	0	1	1	0
4916	1	0	4	0	28	9422	0	1	1	0
4917	1	0	1	0	24	6882	0	1	1	0
4918	1	0	5	0	24	6882	0	1	1	0
4919	1	0	6	0	26	7708	0	1	1	0
4920	1	0	7	0	24	6882	0	1	1	0
4921	1	0	8	0	28	9422	0	1	1	0
4922	1	0	9	0	28	9422	0	1	1	0
4923	1	0	10	0	24	6882	0	1	1	0
4924	1	0	11	0	26	7708	0	1	1	0
4925	1	0	12	0	28	9422	0	1	1	0
4926	1	0	13	0	28	9422	0	1	1	0
4927	1	0	14	0	24	6882	0	1	1	0
4942	1	0	2	0	28	9422	0	1	1	0
4943	1	0	3	0	28	9422	0	1	1	0
4944	1	0	4	0	28	9422	0	1	1	0
4945	1	0	1	0	24	6882	0	1	1	0
4946	1	0	5	0	24	6882	0	1	1	0
4947	1	0	6	0	26	7708	0	1	1	0
4948	1	0	7	0	24	6882	0	1	1	0
4949	1	0	8	0	28	9422	0	1	1	0
4950	1	0	9	0	28	9422	0	1	1	0
4951	1	0	10	0	24	6882	0	1	1	0
4952	1	0	11	0	26	7708	0	1	1	0
4953	1	0	12	0	28	9422	0	1	1	0
4954	1	0	13	0	28	9422	0	1	1	0
4955	1	0	14	0	24	6882	0	1	1	0
4970	1	0	2	0	28	9422	0	1	1	0
4971	1	0	3	0	28	9422	0	1	1	0
4972	1	0	4	0	28	9422	0	1	1	0
4973	1	0	1	0	24	6882	0	1	1	0
4974	1	0	5	0	24	6882	0	1	1	0
4975	1	0	6	0	26	7708	0	1	1	0
4976	1	0	7	0	24	6882	0	1	1	0
4977	1	0	8	0	28	9422	0	1	1	0
4978	1	0	9	0	28	9422	0	1	1	0
4979	1	0	10	0	24	6882	0	1	1	0
4980	1	0	11	0	26	7708	0	1	1	0
4981	1	0	12	0	28	9422	0	1	1	0
4982	1	0	13	0	28	9422	0	1	1	0
4983	1	0	14	0	24	6882	0	1	1	0
4998	1	0	2	0	28	9422	0	1	1	0
4999	1	0	3	0	28	9422	0	1	1	0
